1
1000
420001
421000
20001
21000
440001
441000
225
449
673
18312
18538
19763
5837
308152
432654
440918
77
440382
594
440490
440711
351
440250
891
950
440092
440044
420280
440195
420514
420752
440861
440598
20433
420402
440807
176
420122
793
440965
420630
420033
420553
420316
713
440345
440568
20124
20681
420921
480
440461
440279
20891
420980
13019
430208
20640
9257
10061
420859
149
20739
8373
431412
10615
420821
11941
10105
430733
9573
11989
10491
20833
429335
20222
429692
420252
20161
425
440515
430877
15
201
440942
440017
429298
20408
425532
426771
440987
9810
56
20785
20068
420101
440660
420378
429904
652
440618
13177
429468
431237
440363
420575
420694
431444
426966
20140
20297
420734
298
420612
432553
773
432852
429133
335
431006
20476
431083
20725
440328
420498
875
420935
440583
10393
420163
20846
440031
10511
265
12926
9042
431000
428192
431792
538
11672
440181
15977
440421
20263
10711
430593
431353
10276
420463
20877
12753
440107
420842
431633
420806
8431
420365
89
440551
905
420992
420663
10001
237
20930
20235
430118
15777
434830
6163
15957
425023
16695
435375
425649
5226
6316
15893
4412
435475
5744
966
20502
20449
440751
20207
20907
440529
135
420436
420214
20819
440396
440056
440698
420188
390
20080
420045
562
420068
440772
522
440311
113
20605
10863
20010
20797
635
420722
20343
440676
420784
20367
687
440146
20627
20953
420888
20975
10458
826
440220
20562
420010
20657
440167
760
20584
420337
420954
852
614
500
430266
30
440893
420416
420705
420585
20288
11525
288
420480
20991
440121
420307
915
440642
20326
430721
440869
430071
9548
20101
430603
20031
430917
440440
440269
10093
430818
420244
323
420870
420146
980
430289
739
430501
20187
20385
20542
20245
10326
935
420600
430041
10217
462
11000
10143
420540
357
420268
430573
429676
806
440849
440721
429948
20464
20518
10355
420645
10884
430395
204
420445
10794
10246
440739
10627
430175
431426
992
20486
20051
430762
440823
20691
181
20406
20759
382
430976
129
420679
20909
440204
440073
402
420096
420054
10195
430001
430841
440933
440133
20422
10307
440502
163
566
420836
20356
440785
9484
20707
420902
440616
440009
440301
429704
440805
20668
420967
10587
420768
420623
420524
420079
20088
662
20154
430025
430057
440965
10450
440233
10661
111
724
368
420490
430561
9343
420021
440995
9781
10642
440882
509
20574
430383
20173
20113
440837
472
429931
430539
20650
430158
430364
20021
10124
815
440257
10685
7
256
420346
550
440981
20336
9897
440630
431228
9959
20593
20374
420943
431744
440451
20921
65
10868
420193
440318
926
440949
20529
430804
420216
420748
430518
10404
440062
420796
42
420881
420231
9826
432
277
430995
20858
9013
700
20395
781
20555
10912
155
440731
581
20040
428985
420327
864
10282
20773
430108
440901
10185
420455
420392
440474
420293
10608
11032
10729
20276
604
440213
8852
10439
420172
10077
20749
440795
413
431320
420139
848
20608
10050
10419
430204
531
440353
307
440288
640
440686
440432
20814
429621
430095
9475
431253
420958
11167
20510
420087
20195
831
420713
10142
440414
420912
10501
431582
20132
973
8759
11717
20494
11969
489
440669
440542
20870
9562
429665
430269
420423
420896
20005
440098
20940
8240
420122
11301
420654
760
20716
420591
420685
433335
986
431460
428888
420671
440242
623
11770
420572
103
10701
996
12532
420374
20701
11217
20828
245
9384
432130
20957
20305
9938
731
440482
13647
20227
20442
427152
13841
428785
440081
420005
420470
12597
11365
23
440
8345
440763
440575
20972
20176
20884
440522
440150
6923
7801
7085
209
427636
545
13815
13115
20468
7067
20635
428951
20456
440024
420358
222
420507
13740
420260
944
432875
433403
316
420558
433682
420815
13292
440649
433510
20996
428013
440374
426182
344
440335
743
433492
272
8544
440388
440113
420037
440591
420285
433904
20256
440841
427859
440563
789
20320
440161
420408
440779
440186
434050
6519
431311
20899
881
434433
196
20268
20854
14199
440926
420776
6005
6328
440534
6996
13228
49
420235
428482
6693
427752
427827
20623
433034
15065
426451
440401
440914
20731
420299
14261
420061
420928
434613
20984
185
14568
420800
425116
73
6977
420857
170
440039
20213
6582
20427
15802
420695
440141
20549
396
434279
14101
420156
7656
425604
14417
7467
420531
6724
425872
435005
6287
435347
434187
435862
426374
434247
434166
15947
20791
435087
440745
426423
15000
517
5130
844
5680
420385
425495
20060
440295
434625
705
13988
6896
455
434709
421000
20049
440001
420001
6555
6910
6209
433965
960
434933
440601
425251
440014
20072
14919
20677
420329
426439
420015
434523
427847
426358
5097
420644
426736
440812
420766
420607
440690
440362
141
440755
868
440508
6033
14667
20283
425618
426401
440414
441000
425713
426052
6273
14390
5593
434323
434137
426172
426507
440201
420632
440124
426813
434767
440496
420973
434787
434638
15580
434726
420108
753
440611
440661
420130
20351
13834
434449
434075
6262
434547
434886
6235
420431
15467
420986
420833
7001
93
427777
425568
718
425668
425305
426199
15483
440169
440960
426147
435996
918
14821
440876
20092
420083
907
823
434751
20105
14024
426220
440718
425939
420486
435211
20768
5629
420204
424547
435303
424349
15379
15332
15271
425076
15001
16238
15149
435955
5880
424791
440974
15359
425389
20804
5953
120
425278
15852
420179
5108
15011
5767
5295
435589
15128
15041
435369
15557
15619
15875
5819
435222
435699
574
20251
15601
425525
420850
420741
425921
425322
426000
6156
15501
425475
435655
5931
4363
5019
435981
435911
425242
5189
15438
420728
425090
15056
898
679
20865
15633
425339
20965
5537
374
440557
420997
435425
435674
440468
435798
587
15902
425700
440228
425138
15399
420027
420225
419
435066
251
15735
15159
424758
435810
5445
425062
440829
668
440262
14317
20947
425459
435109
15516
434533
15686
425580
5646
435389
5610
5857
435924
425686
425042
420565
435193
435457
434895
5983
440705
495
435409
435940
5123
426102
436178
15204
425416
434018
440156
426834
15341
15719
20117
800
20615
426960
425991
20935
20779
420658
20841
20524
425866
440004
618
38
20147
435286
20568
5407
435776
420273
649
5505
5749
435608
435567
15079
440634
691
216
5488
5176
839
5708
5429
435258
440854
20380
5333
435121
425515
20415
435645
15788
435098
425891
15758
599
420545
20310
887
425312
440445
435971
5380
440273
5735
5970
420352
20535
425905
435664
425260
425165
425597
420115
435845
435868
435487
440819
15136
420071
440906
440085
15295
5785
6845
425639
5055
230
435144
16746
5945
425213
5396
425719
425800
440888
4
435577
420949
425231
425369
425659
15350
311
20181
425030
425588
440654
15543
5202
20166
15705
15445
15090
420758
15858
15428
425728
420503
557
628
424003
440990
20391
282
420875
440240
20035
440066
20915
440340
420321
434691
83
811
5672
302
420397
20026
20480
20016
5528
15963
5009
435506
425559
420475
5249
435233
15171
5352
420827
15252
440623
15495
5873
420788
15932
435046
20579
435824
341
435714
440683
467
362
440790
20645
425914
292
435465
425126
20663
15882
435029
440800
440427
5047
5622
15184
440369
440129
5568
425286
20200
420448
408
20597
15678
425808
939
15473
440405
5268
5071
420198
425434
435328
440053
20588
20191
435358
20331
420580
435308
5775
330
191
859
425882
420151
20696
420638
5000
420208
20400
20712
20217
15454
5149
5601
440456
435991
5081
436736
5136
6114
440175
435759
420910
768
425613
15658
5497
425975
435419
420239
15370
61
20925
435836
20437
440726
425628
15411
20360
420519
20809
440954
20096
420618
435480
420536
425742
15212
435595
420134
440323
20980
435243
5461
440305
420709
20998
420865
440
440546
435274
15110
5026
5303
20754
5388
5479
5576
658
425822
425294
435265
440076
20672
5037
527
20824
20292
420168
5635
435782
5421
425899
20744
15003
15072
425330
15726
484
420050
435528
15283
747
930
608
99
261
5795
5830
435560
425928
20045
20347
5665
6889
5453
5697
955
440315
15551
15951
126
15984
440897
15223
420700
425487
15847
440283
424676
15588
435161
420427
4512
435059
440137
425379
435341
425408
14651
425552
440767
440208
15807
425764
435199
425017
436998
15766
420963
424468
440102
424852
435383
20489
435945
20735
435539
420369
440605
425223
5169
20686
420779
420718
15910
436438
425183
20507
435037
5963
420595
435396
425541
435001
435295
159
435011
5321
15639
144
4990
436217
420893
440937
20460
420810
11
440514
436816
420248
5653
424159
15120
20239
15628
20109
420221
15191
424841
435856
570
420107
504
20969
16795
15993
20836
5903
20300
16573
16084
440378
420459
420093
15889
5338
5716
20058
4755
5917
420341
420312
15520
15232
435497
19
16323
435315
386
683
923
15870
424143
4806
424998
420185
5281
436880
440538
735
20722
241
15828
420442
420666
440355
425273
16611
440190
425001
440117
420265
475
440873
440694
425944
5688
420256
420494
5195
420412
425066
440638
977
15462
425111
435918
5311
435772
5255
440248
20960
20498
440864
643
512
5089
32
15507
4217
420689
424009
435619
425981
420846
5935
420675
819
20472
425706
378
440579
20276
420773
440022
440224
20316
425955
435103
5369
4863
440484
20895
440922
425345
420918
20944
440392
440587
4436
420303
440759
20419
425444
420334
425100
20849
436743
435127
420176
435171
435670
435154
420550
16029
424781
440911
5358
20077
420885
440571
15053
696
435514
440832
436093
5400
998
4119
20128
435899
420793
16364
426643
435603
420289
16937
20231
16303
16244
20655
420043
420650
440978
727
440048
440409
440035
20143
348
440845
420939
420058
424205
709
440436
4562
5814
5472
437000
4059
440521
440703
20154
20620
420420
5789
435114
425082
420362
779
440348
424501
435960
440776
16563
15267
424428
836
20631
425036
440332
211
440929
589
20136
854
436731
420075
578
420452
542
20903
425682
16404
20003
425748
15423
425047
436584
425189
15972
440666
20085
5233
440970
420932
420903
16863
4521
969
440735
871
435470
420763
20601
4730
424394
15432
5180
20887
20064
16385
20800
425245
446
20879
16528
12377
16782
15008
534
436681
16337
68
436630
420988
16710
431697
436721
16489
16288
424970
16164
15046
16036
16593
16927
3105
436080
16015
4585
20260
440477
424574
16839
11747
435182
3885
436206
20559
458
440292
424265
436986
424300
16097
424238
430649
4550
117
420625
436022
16915
20514
423384
20451
325
420562
899
8739
440254
20546
785
420277
4763
167
420603
10536
26
436688
20987
16278
16142
11981
425608
3001
15478
20371
440265
424909
420527
440028
436703
4722
420354
440646
434
4616
423482
424317
423877
11998
440674
16353
424131
420510
440464
440069
16253
432147
436444
20445
436803
4949
437554
436754
20612
436792
16132
424692
52
8414
318
424464
912
4703
4290
4848
9223
424661
4492
797
10154
420737
436907
440998
4824
3
554
16662
440626
440815
424094
425455
437227
440858
269
429797
20340
436452
440236
436545
4075
420947
424534
405
440947
3014
429566
423153
424363
420745
420803
233
427
420976
420389
429528
423830
423196
430924
430349
20170
3375
430893
17772
436416
3893
17644
429214
10954
10678
430088
424325
437650
16623
430936
10578
436299
17394
424624
430282
17967
20120
440007
440526
4143
10556
420160
17673
20271
9878
17813
424770
424994
440089
11313
430434
4542
3958
440714
10906
4640
437889
420755
440217
3043
10857
9834
423817
10774
3243
17105
431329
423404
429756
430477
12692
424256
436364
440594
983
437502
424590
10162
423176
436070
420925
10338
16606
4868
424654
430003
440748
20204
420568
420467
440492
423228
436572
296
436976
20411
20365
20012
436951
420127
429122
430870
437061
430261
424521
423633
16345
878
431659
3777
17512
9099
430180
9425
430139
9021
424448
437850
11208
423855
424354
633
420381
430064
10408
17157
106
423935
17533
440783
430389
20873
424510
17820
420064
423725
4987
17730
437042
16308
10133
17750
4926
429495
3344
430714
430370
4841
4212
173
3418
17218
436598
436929
20245
437519
676
17700
424055
20861
17715
17196
11764
3604
17832
420142
46
18000
17178
3277
437319
17329
16898
430972
10360
3940
10464
437873
423071
10788
430454
10634
423086
440680
9028
3186
430488
429670
284
424862
219
420116
420437
436763
430305
20553
440993
10172
423283
10399
393
20184
429419
436249
10945
4597
423797
10112
440385
10201
430378
437052
10622
437291
437430
4308
437133
9515
17922
10506
436239
152
423732
430687
440424
430233
437636
10964
17259
20788
430822
3159
17583
440308
17459
420638
430342
420200
430911
430612
429599
430471
765
431810
20150
420018
11846
423029
420584
20566
431739
17374
423897
423556
17942
17741
437271
10592
990
437401
4441
10250
20764
437842
20210
430292
430046
440447
611
137
3064
3712
97
16615
3975
440197
3739
10920
423333
430544
440883
437353
20951
371
962
10189
17124
81
10008
20429
437825
11799
248
3802
17524
430838
9993
431642
423270
10038
420682
20019
656
440163
430585
20281
11723
430242
430863
429168
437336
3662
430883
423564
10320
420994
430779
750
430078
399
440109
440178
420615
10070
20794
20539
420007
3484
440505
831
440742
440609
440709
440358
440498
10446
440984
20388
440471
423120
10297
437694
3206
437173
440956
20918
17449
492
423671
10930
3501
20159
4530
437188
430017
3571
20055
190
668
20323
420826
430900
437116
429988
437658
10706
430629
10604
355
430830
10148
430275
423491
16549
423951
365
423963
420863
338
17075
3902
17683
3810
20531
440727
440096
20378
3221
431196
3424
10806
437380
87
416
440559
720
132
440418
10332
20781
3647
420296
420039
10522
420025
423916
20402
430958
423474
420840
452
420853
423105
10733
423697
420321
423887
9349
423786
437149
420983
430550
437140
17652
10265
20572
3051
9128
17994
3093
423169
17024
20001
420228
20519
3468
3260
627
437281
10054
20775
420970
3684
4392
430727
35
756
420182
771
420820
420003
420484
420907
20705
946
420210
420090
440156
420730
516
893
437968
440003
20664
440369
20719
420012
20690
420702
331
20482
620
440286
420715
440298
124
440277
884
424412
437564
523
20042
436748
440551
420347
4675
440769
197
20007
440510
423578
436407
953
17866
3299
16061
17441
20912
420148
431222
3457
437485
20809
3910
424709
9229
430440
436255
430768
437493
17414
420111
440653
420478
440939
440867
20843
10890
17905
548
423836
437535
3023
597
11084
429316
20224
420102
440454
423398
1000
420724
20852
17884
420520
423846
254
20729
430942
430429
437392
440826
440903
10697
420405
804
430980
10817
9651
10497
423291
437263
20638
10567
420193
440326
10873
10974
464
437014
10118
423135
423218
12540
423308
17167
20932
420878
10667
423752
20755
4384
17033
430617
11237
3478
430849
20314
3920
17577
437202
437835
430104
10271
420242
430360
420871
437642
440397
437461
437936
10435
423373
647
20817
583
16878
440796
437666
422
440245
430856
692
10287
506
10181
424006
17208
440059
420812
440127
430186
430032
17146
560
17980
304
440341
861
20027
440144
431577
440487
437623
424805
4782
3327
3148
423979
10003
420543
20266
20250
20504
440230
931
21000
440699
20590
4139
3165
420500
437961
440441
436677
71
420609
17068
10638
437915
437808
3995
430406
430010
312
20304
420262
20649
440789
440192
17422
3449
424248
16470
423341
436707
420590
420959
440211
17093
437818
440103
17228
420031
20962
430748
10682
20493
437614
440172
228
20099
440891
3238
430557
423516
437313
20240
420166
423432
420915
3967
3199
430512
275
430162
424209
17723
440878
440184
420998
58
3591
420790
16791
430113
423079
423538
16690
20335
3101
436717
20745
17298
430504
10480
1
20525
20351
20580
4367
423760
776
10915
20082
440260
430533
179
17048
3112
437001
4631
3404
410
20991
420048
440151
20199
20977
843
20037
424059
423126
17769
20294
20823
3349
423739
420660
424039
440431
3793
437085
430463
4770
20383
423595
440944
430325
497
440801
20696
423013
440479
3193
16785
440671
360
423986
436214
444
10950
10900
3173
4558
440532
17113
423584
430256
20659
17855
423620
423546
4876
10753
440078
20926
424718
423931
16559
437989
429998
420782
4851
430399
3625
17799
17248
17435
420534
11824
17669
437332
10212
10090
11387
436027
430967
420689
20838
430570
431414
20361
10137
423924
420830
430709
440459
3266
20938
10372
420890
699
663
430608
423745
440321
423775
420155
10455
4658
420309
3525
487
437590
420395
17274
440564
3032
17956
3252
437019
431125
437779
10471
17757
3153
423440
423419
436373
17319
17598
420371
17234
430022
430522
20643
423825
437860
3668
420220
420471
423235
420578
10743
20164
17498
20804
17006
17188
423643
17356
430773
430814
705
20330
10074
440048
423097
20454
420649
440853
3999
420941
20829
437894
3833
3320
3508
20286
10045
423601
20675
10529
259
146
20618
206
437386
430052
423868
11486
10935
20438
10243
440908
10060
437580
11656
431866
437541
817
430098
423946
430226
440621
20073
430
3857
10783
440350
715
423020
437922
420281
20684
17153
16326
429790
20397
423359
430625
20219
440576
430248
436345
430448
809
440012
20255
437510
437106
430646
3314
440040
20881
17634
420899
3085
921
20424
11381
440759
3612
20710
424679
3534
20179
420137
420556
430927
10907
9689
214
603
10367
436056
440834
437738
10760
420400
20868
3336
431422
420273
430301
440410
10015
430844
420762
420952
423504
10442
430156
430218
10552
10612
3285
430992
10598
17138
10838
17477
440886
902
20739
420598
440723
420513
10984
430802
3702
437360
420287
11583
420670
9
