1
1000
420001
421000
20001
21000
440001
441000
194
382
573
763
18278
18470
19664
17833
14135
425884
427668
432374
420066
20944
440528
420320
440725
420503
440200
20066
420254
420950
440599
420827
440780
420435
30
624
20416
420120
440976
440104
20325
440888
20239
713
914
539
20561
20695
420161
351
440023
797
467
20168
20860
420226
440444
440631
288
981
20754
20351
7089
857
650
431045
431922
683
20499
20383
429011
20808
430180
428740
10516
10965
429593
431303
431992
10442
11223
420095
420407
440299
429552
20915
737
600
142
7485
440258
430902
432396
440085
434647
49
428812
440580
428337
431155
428845
9244
440144
8783
20043
425270
420893
420556
420011
429696
429423
20710
11617
934
11000
440960
420779
440483
440123
440218
20544
434767
420210
420366
20009
9721
420520
420305
440845
420452
6635
420872
429110
440365
966
440430
440184
430862
10356
420666
81
485
420178
440679
430289
440795
440929
10570
431072
813
20645
430532
10001
430944
430203
20991
420699
429461
109
420724
420610
440405
433237
7326
420039
440822
440872
420751
436507
20588
420280
8894
440055
170
264
420388
420639
423
20303
425137
20735
420478
420582
876
20112
420925
420971
400
20191
440750
440702
440276
837
440344
5553
127
420804
20620
20455
440660
20773
20879
20209
334
20522
16024
238
420349
440466
440615
440036
440314
993
429710
20154
420543
20265
440911
20968
20397
7062
420848
215
20790
440387
440164
311
420022
