1
1000
420001
421000
20001
21000
440001
441000
291
581
20413
20706
299793
330206
433559
20897
104
478
440638
440051
420950
420356
420848
440149
440310
420696
420177
440823
20488
420424
20962
38
440756
440258
526
738
235
637
440373
20601
902
20096
440930
420070
440451
388
440859
142
20673
20527
20788
20179
420982
440019
322
20340
420766
420663
420876
20232
420503
20121
420261
428609
813
440986
428013
449
420556
20284
440730
204
420717
927
20432
20073
20548
440575
432914
420019
12881
10652
429086
10993
10163
431391
430302
430469
10723
10242
10833
608
11943
428122
11359
14808
420405
9971
13031
20620
9274
428335
9058
12505
11770
9188
430683
440507
9858
20197
10438
20843
440689
20393
340
426541
124
430749
13137
679
20470
965
420220
10588
430001
830
431000
440355
420622
20217
440946
782
86
420463
20655
420306
20878
20037
420053
159
20324
20913
440804
420372
420593
420514
20742
420889
430227
420275
440772
10419
440108
420938
440296
20164
440978
749
440258
20580
860
560
20014
986
489
190
440071
420801
420651
249
20137
17
440533
435
420913
440711
708
536
440607
440409
420107
440449
20378
20558
440485
440634
20830
420036
440666
20278
406
420144
440238
440892
440863
440961
420322
420829
375
420730
420573
440090
20513
10627
440185
20051
20928
10700
440429
420169
430523
8
20991
70
440787
762
430490
10105
348
429897
11318
429668
440592
440008
10571
10259
420993
10454
429818
10374
429928
408289
387956
230723
42211
272028
42870
398467
686
125
251690
273782
304044
167214
125335
83357
62762
63968
231089
335845
357845
251811
210284
293125
273637
336545
209156
104395
105305
378232
241073
231599
283405
356650
262151
10176
21390
20271
53
10737
157780
440498
335910
420
20246
83945
63467
11346
105668
262979
21619
11543
20061
409845
31007
241205
10640
125565
377875
399445
199479
104620
63919
346870
62082
42027
251307
420496
294334
953
440199
797
83973
346713
336192
42266
189889
63815
20744
419543
378248
105362
356171
83109
126517
94602
221797
52024
420157
398322
304757
42722
652
31222
