1
1000
420001
421000
20001
21000
440001
441000
10500
420501
5001
15001
428000
350000
193000
375000
8001
2001
12001
18001
367000
432000
403500
6500
413500
394500
2000
440776
233
433236
5774
440247
420750
433649
6347
13847
426147
883
20119
440634
369
15365
420098
20905
5637
13097
7907
440405
17725
17196
628
430754
423261
20519
436930
5061
8267
431397
438058
422943
438838
423850
17593
2159
429598
3421
20325
11949
437280
422699
8689
12314
430052
435779
420436
10153
41
20704
420815
440962
20049
428832
420172
2571
440183
15439
958
20466
420301
426205
427434
20840
13572
685
6967
14033
436138
13714
422336
438381
17661
15975
2788
420563
425024
20577
431889
426550
8103
434179
10212
11451
422101
5722
16880
437546
425385
420922
18904
439023
422212
429348
422641
438440
11798
4900
435306
439150
11672
6857
2047
18324
1476
425596
18774
421397
439600
439222
435076
429978
1270
18103
18969
133
20741
20363
10551
1529
422981
425816
10020
426300
435686
431277
424677
19500
440985
15818
1897
8393
420718
4112
14536
420016
440872
440084
3303
440284
422745
424462
429644
8786
436240
440666
13913
420267
439694
4180
9308
436023
7045
428941
11616
436405
421600
433139
428734
8181
847
20436
405
420658
19258
14271
440501
20796
440340
428495
19638
434832
432542
429001
2368
4236
426884
420870
431705
745
14153
484
420985
435616
71
201
20214
586
440819
18411
440924
788
435739
440551
7465
329
14209
14761
20158
420058
15471
10073
11370
20940
428241
2823
431924
20610
2611
20079
7577
2664
12413
2871
422133
440722
433345
431188
527
426091
431096
12988
4537
438804
427777
19544
435899
6990
436987
437636
440140
433450
420213
433962
17036
420348
284
439308
4936
1439
428524
420465
20015
430858
7616
3016
11249
19871
15634
422181
438472
439744
13060
1934
7752
17297
14012
430430
434867
427011
439523
427368
10729
1113
427666
15333
428126
431476
438944
11124
18354
425325
11824
425917
437167
436573
422545
435111
4445
1718
422241
424356
9875
16846
440450
436209
425979
426701
434001
436350
17695
430570
427171
440000
6257
421021
434398
432743
4571
428072
421842
13795
432026
423797
425747
19188
3479
424152
432599
429904
422447
13678
434937
439096
12513
1069
7222
436960
19821
423600
6000
436454
5287
421681
431328
424001
438572
12168
432211
1205
1310
3965
423073
428807
426412
420941
440031
767
20388
18618
420610
439122
439889
422287
432774
440265
16521
9417
422768
3396
548
19675
14289
440686
435051
423881
8712
19454
420385
425621
420119
17225
17071
17751
19285
5687
16387
437866
430297
11646
16000
9461
2510
13618
7814
13378
19001
421963
3757
439962
426001
421153
421801
426117
425950
14594
10588
18143
425233
428029
440590
3338
440374
14126
12000
16793
20259
9925
19923
420536
425049
11343
7131
16559
20651
425523
426273
8649
422916
432809
428862
440062
428208
5374
16943
17263
435711
452
20767
431513
11971
9847
11040
423722
430168
7538
439851
13882
426643
428324
420895
18991
5406
5835
14234
1008
15664
17478
439348
254
1646
434521
15413
19724
420636
17012
437088
1347
432366
11759
433114
428549
429959
816
3087
439422
14732
12285
5662
4036
440207
161
8287
420698
421493
434555
426795
440533
20194
3200
10529
11693
432076
425431
4135
433428
5480
4871
11905
435803
6317
6161
420970
430230
439394
1385
3991
430779
16180
440311
19069
437678
440890
420242
1758
13479
19788
433289
4704
909
707
440108
16912
10991
420146
20970
102
5600
20299
420780
421367
20489
430682
428464
422520
437001
440477
432627
7945
438717
7076
440752
1028
20548
1977
4807
437324
420837
9441
7022
423573
15091
431837
421421
1180
435376
439655
422621
438979
439201
440009
20859
420322
440613
7198
8481
435479
308
13191
437187
9333
425856
12227
12931
14955
431008
420588
15497
435259
436655
20884
437601
436428
428625
429708
420034
425
20413
6426
420192
439764
440843
4217
649
430141
432725
430379
429087
7560
440426
3273
3556
20098
18241
426931
439042
420413
421084
437821
3734
16315
17124
433669
439911
19373
932
433047
423314
20626
12867
436761
425076
434324
424995
3682
421561
432155
8365
432579
423830
13254
437888
423032
423379
8891
1230
423408
8974
426571
421001
8512
20993
9236
3919
19481
8154
9667
429402
9766
18528
424288
424097
12558
9042
427843
434991
19573
12436
421044
421868
433697
435162
421992
425189
428991
424647
426449
16612
424782
16281
4515
13824
17451
430113
10001
10395
427966
3630
1697
12015
15860
19982
424125
429259
432903
438215
438506
10276
9627
427345
9812
16150
426481
426731
437785
5009
421822
435539
429192
17925
9000
2460
438746
18083
428576
427600
2255
439327
18852
5091
13331
438008
9745
432949
435194
2323
1508
9127
20680
434093
427901
439623
431657
436000
17808
18167
2222
1779
13358
432494
10099
437367
4313
9009
1624
2715
438027
18559
434919
423903
439940
440229
436701
17427
11058
11848
424552
421132
3842
421458
430451
428754
437114
435594
433266
427059
433468
421735
423929
19139
438489
15701
440798
421254
438253
429883
10189
20174
9608
4261
432791
422007
425764
19340
13081
428302
570
434751
423054
439832
440570
432980
14310
181
6390
16676
2891
421579
18880
431416
430802
2119
670
3587
1858
434222
87
20276
729
19952
420517
1410
19032
18708
994
427718
8378
424168
425247
426510
440734
439170
420799
19112
2493
20808
16831
16646
437340
6334
420856
1144
7677
427919
19054
600
20562
437912
422354
3653
1295
434605
437528
420076
12781
11264
7591
420006
16249
433855
430938
1949
20237
421885
439586
430361
432527
436006
11200
18395
422194
422811
17051
357
14456
420227
14548
439709
7406
436996
12142
6239
9059
426870
425342
6521
7633
432995
16537
12300
430718
433411
439364
438647
3953
440948
1056
420677
424963
4792
18735
429538
3434
8116
440164
13637
427686
430314
431874
439560
428226
468
439271
20349
434887
420737
13897
6180
16773
13005
10485
435124
13659
436062
865
12465
427981
421326
426035
3528
439464
7766
423663
434581
20828
439993
19804
12389
18277
8251
7877
16894
420479
429819
4614
437309
18759
15929
439438
8142
13974
439239
11109
20916
435038
20132
423863
827
422113
424488
3774
15509
1919
20693
425398
1167
20507
421708
7957
421280
7005
8168
8726
429561
435725
15169
438457
437418
6440
428279
11086
391
19612
424692
9831
10322
4823
439296
437584
510
13401
1545
423367
218
436101
432684
8452
429915
433200
435642
421656
5459
1096
20956
24
20400
440650
426287
17375
11602
429792
976
438132
2997
19012
420362
14046
274
19210
18794
6104
2594
430033
