1
1000
420001
421000
20001
21000
440001
441000
10500
420501
5001
15001
428000
4000
14000
18000
432001
440501
424243
7749
20352
440780
440172
420767
20642
358
141
427879
432336
11135
638
434656
20907
14823
425398
905
20076
426592
425089
436435
16247
420248
16559
433935
420056
434064
440265
423695
17727
2828
430246
4497
4950
4317
440572
440962
434
437133
9682
437327
437885
420963
8039
11582
439032
422029
2583
19829
420832
6166
440424
10414
432746
428324
434186
700
428813
2177
433489
9954
438636
11877
422414
438204
438492
2103
440709
420302
426545
17380
15973
420566
437778
17079
427449
8204
20121
4649
421870
440864
420196
438677
20306
13292
423766
10629
11000
428001
14383
428105
438945
422277
438001
425824
422001
426687
434603
7266
14115
11077
4896
2934
422352
432440
432974
19746
422521
19282
23
19552
434879
4563
12025
431796
1986
436029
1735
13231
1467
19985
19443
421663
429916
431190
433546
432682
14768
427368
426929
439106
1224
420096
20218
420392
20608
7782
420598
440466
438590
440821
424137
20387
427981
4446
427642
426018
430288
430368
20018
16914
16520
9716
424200
421321
1792
4053
432844
15355
4857
18168
422623
20679
9558
865
20046
16468
420469
19240
436848
15696
434151
422071
427484
436298
4729
7135
986
10465
20936
4986
424609
425286
427068
2386
534
16616
437813
440370
438537
420722
271
440920
19791
10347
9009
440535
77
937
420165
423472
9829
435993
428157
434260
6612
12174
440662
10766
15049
440317
808
586
12916
7910
432000
18118
185
440230
323
438407
427727
15420
420920
20152
9308
420680
429608
20486
753
19707
432103
420342
16871
432406
226
20737
431047
435226
435372
20847
490
436707
440617
423800
438257
1046
11987
430522
404
17015
438061
6524
19517
20986
428771
13721
8387
2012
6229
420884
2145
420641
439733
6470
440291
421129
5361
12530
428851
439145
423967
431652
438354
5696
19915
7086
440059
11001
427229
16202
18317
13657
20438
20802
6422
423849
422555
4272
19868
14948
13621
16793
1507
11266
17655
428410
16154
422901
666
423994
429026
424331
440000
431564
13457
10222
424005
434798
4791
14582
19962
437969
1252
431892
421442
14499
437174
1294
436096
430716
424664
420800
110
14320
7661
420419
421945
4118
433515
440755
555
14850
19417
426180
20191
14894
20881
2680
432310
20098
420010
436747
438567
19616
423744
433011
425909
1340
16275
421487
3538
430125
440401
1962
779
427958
428573
20247
20771
9439
14088
424162
10737
13204
6340
434634
10109
439384
4030
431817
19660
19471
11941
426310
424222
1763
16590
19083
424875
2605
16936
421708
439009
426043
424425
12701
9177
425517
19581
423299
9893
426795
421191
420856
440203
437462
431219
614
20523
440893
841
440342
11804
436007
435572
440137
440086
6970
3082
4407
7290
424574
14746
436506
420035
7501
19335
1203
9860
420221
7994
6811
437919
430390
440030
11967
5589
20275
20712
439842
17839
20558
12364
420540
17764
431161
6000
434463
431621
429085
6860
433036
17225
435402
425758
17690
436000
421157
431458
15022
422000
423380
1538
439311
432593
423719
18895
9062
421370
429664
435681
420127
51
433281
431953
423930
16446
18050
420275
12479
426708
2429
5837
423051
440990
440447
423111
15177
9368
428513
19198
4919
428268
424637
429543
3238
12056
439806
14136
429975
296
430485
4760
435727
434909
11670
420743
428300
8001
440595
5201
1848
379
9148
427349
440977
17422
10604
426208
11325
3624
456
1888
439767
1916
2707
422645
5383
421816
19365
8248
12784
436953
435538
437279
440689
16637
433126
421975
435832
437239
1064
20461
439185
3514
20330
437991
426120
432862
428428
9789
20410
2365
6572
429873
423260
9649
436116
439881
436484
6630
15337
429749
8934
17101
3001
425461
12395
13560
5103
420149
429699
420519
18602
420994
420626
434168
422781
5149
20505
421085
421237
20628
16671
19136
1309
432770
17035
13248
440517
434350
19930
440008
439220
20698
159
1691
4295
430142
437046
8591
18295
1567
2452
951
17399
434782
436551
426256
431066
427897
440113
6007
12428
433706
20831
210
430994
11379
733
423504
92
427194
427943
437903
823
20951
440796
427559
436982
19264
3343
5676
427054
420262
19688
16541
433080
2660
11904
4186
420451
435760
428470
440552
427833
428624
434242
13157
420899
439649
438860
8483
440839
8021
420581
3814
16309
11093
14436
17188
432731
423886
1749
10516
439125
10236
7401
13005
434964
421401
971
17498
653
12639
7546
12831
20969
19396
8118
430933
20584
425778
1269
420367
510
13345
16062
5070
3875
7764
11545
8844
1417
425000
421112
6436
433669
429336
430836
430206
438719
5937
2491
423018
17342
3212
19639
436388
430638
15287
437796
423594
433386
4253
434210
423946
17955
17577
3041
20543
1719
440726
425737
11037
14925
1632
432503
439161
3396
13681
14304
8530
425847
11279
439249
15714
439432
435863
424355
5883
439073
5717
440940
421018
16807
421592
1122
437607
2328
439047
572
6324
423443
437366
20786
713
432994
437521
3159
438092
8458
19501
20258
425531
477
427673
312
12757
20654
13216
434449
1860
425621
17145
421428
19778
431005
439458
17213
426079
2193
439903
440358
14073
19001
423980
424485
9191
420815
9259
17626
428737
434984
65
425974
17856
434812
427145
8801
434425
439602
11300
430016
431352
1649
437158
3130
423912
7696
13413
16891
435079
11849
430592
19725
13270
18976
3286
1004
432609
3777
439325
17005
424369
425806
9985
19531
423175
421612
19063
10401
439628
18481
10923
20032
1674
1029
4549
438447
14103
2058
10726
440159
432576
9277
12493
7219
14869
423094
20168
684
420940
241
346
20755
892
420981
430781
440876
426385
791
437663
440216
420179
20370
435620
427498
878
420074
10450
430178
435315
437830
439482
12146
427583
420287
15736
15125
428359
431554
433693
19996
429903
19023
428169
2480
15235
20476
420692
421774
423863
1524
421929
3462
15036
436413
426276
438755
10615
437474
19178
423836
19816
439295
426030
426654
16261
429963
1620
434645
17927
8097
423672
444
10691
1168
19210
439950
440745
422247
439346
434526
6871
1835
424706
5601
11118
434476
5130
438509
19855
429379
421553
4012
422226
425962
16822
425264
438698
5769
18271
1358
433327
438392
18553
3527
18741
422955
435194
17530
422315
423123
424063
437070
19941
432872
18434
334
13807
421577
435924
439673
422755
421532
4173
440811
429214
4307
421805
7734
9073
438306
426412
429945
9049
440281
420409
440039
19566
427240
420484
434362
431536
1096
435584
420929
432469
420117
20181
1281
427920
20379
421213
439231
6376
429884
4435
18877
7823
20067
430759
14957
437645
431420
2571
20669
8492
440129
424685
10167
15326
423151
9706
13044
10573
421909
420043
5747
9422
19592
605
432924
12184
433373
438616
431826
431256
436771
6537
18908
5996
5349
440854
172
3615
5507
5
426300
16987
20107
422729
435269
430317
9817
1996
426989
16455
1076
427602
439971
5479
432239
16754
4417
15902
17125
433020
431661
6111
427531
420234
17707
420785
20426
421386
440304
425892
7310
13976
427095
428397
9293
428791
18670
11012
18803
430098
429230
428653
429041
435894
435139
430434
6454
425862
16366
430000
6491
434558
14193
15653
425341
11713
424036
4802
6188
13735
369
9133
420869
422460
16779
13601
15012
8878
18459
15216
9329
425949
3639
6059
14512
3974
428285
433093
14838
436349
440909
437106
