1
1000
420001
421000
20001
21000
440001
441000
10500
420501
20501
11000
10001
5251
5750
15251
15750
20251
259
764
632
8977
127
20376
20117
20636
20870
4032
6378
889
11632
13883
6
11159
408
15059
20942
20729
15431
5824
329
16562
4574
15328
20049
955
15972
20798
5905
20187
5104
3181
695
4464
5000
16001
10775
10289
16659
289148
5658
10410
16828
9052
20439
304701
18000
17914
5001
8205
72
2369
20571
83
20313
565
825
204
5522
4313
20682
325559
13103
10931
18000
16204
14379
16512
9848
10345
3862
456
14023
3949
16606
16708
20976
18283
3708
1982
18091
3419
19022
7144
7606
2786
2618
18469
18407
18774
13809
18348
3132
8455
11233
2528
20835
2001
15000
1664
2282
2230
1917
13681
19536
13593
9890
2072
19222
313152
14929
13469
9020
366
338014
1737
18952
18864
7795
10118
13534
11970
14285
20081
9667
596
6422
19602
168
12200
293
20761
18049
2829
20408
18735
3000
7706
7287
7332
12048
13001
856
2488
20283
13849
20536
20909
409084
6489
7948
5200
12433
6867
8246
8745
12732
18684
7566
4980
20155
8528
19001
18641
1578
16874
12323
16380
728
14166
8000
1439
1121
10815
6067
1324
7001
10601
20000
4355
19819
13239
