1
1000
420001
421000
20001
21000
440001
441000
10500
420501
5001
15001
428000
350000
193000
375000
8001
2001
12001
18001
367000
432000
403500
6500
413500
394500
2000
440776
233
433236
5774
440247
420750
433649
6347
13847
426147
883
20119
440634
369
15365
420098
20905
5637
13097
7907
440405
17725
17196
628
430754
423261
20519
436930
5061
8267
431397
438058
422943
438838
423850
17593
2159
429598
3421
20325
11949
437280
422699
8689
12314
430052
435779
420436
10153
41
20704
420815
440962
20049
428832
420172
2571
440183
15439
958
20466
420301
426205
427434
20840
13572
685
6967
14033
436138
13714
422336
438381
17661
15975
2788
420563
425024
20577
431889
426550
8103
434179
10212
11451
422101
5722
16880
437546
425385
420922
18904
439023
422212
429348
422641
438440
11798
4900
435306
439150
11672
6857
2047
18324
1476
425596
18774
421397
439600
439222
435076
429978
1270
18103
18969
133
20741
20363
10551
1529
422981
425816
10020
426300
435686
431277
424677
19500
440985
15818
1897
8393
420718
4112
14536
420016
440872
440084
3303
440284
422745
424462
429644
8786
436240
440666
13913
420267
439694
4180
9308
436023
7045
428941
11616
436405
421600
433139
428734
8181
847
20436
405
420658
19258
14271
440501
20796
440340
428495
19638
434832
432542
429001
2368
4236
426884
420870
431705
745
14153
484
420985
435616
71
201
20214
586
440819
18411
440924
788
435739
440551
7465
329
14209
14761
20158
420058
15471
10073
11370
20940
428241
2823
431924
20610
2611
20079
7577
2664
12413
2871
422133
440722
433345
431188
527
426091
431096
12988
4537
438804
427777
19544
435899
6990
436987
437636
440140
433450
420213
433962
17036
420348
284
439308
4936
1439
428524
420465
20015
430858
7616
3016
11249
19871
15634
422181
438472
439744
13060
1934
7752
17297
14012
430430
434867
427011
439523
427368
10729
1113
427666
15333
428126
431476
438944
11124
18354
425325
11824
425917
437167
436573
422545
435111
4445
1718
422241
424356
9875
16846
440450
436209
425979
426701
434001
436350
17695
430570
427171
440000
6257
421021
434398
432743
4571
428072
421842
13795
432026
423797
425747
19188
3479
424152
432599
429904
422447
13678
434937
439096
12513
1069
7222
436960
19821
423600
6000
436454
5287
421681
431328
424001
438572
12168
432211
1205
1310
3965
423073
