1
1000
420001
421000
20001
21000
440001
441000
10500
420501
5001
15001
428000
350000
193000
375000
8001
2001
12001
18001
367000
432000
403500
6500
413500
394500
2000
440776
233
433236
5774
440247
420750
433649
6347
13847
426147
883
20119
440634
369
15365
420098
20905
5637
13097
7907
440405
17725
17196
628
430754
423261
20519
436930
5061
8267
431397
438058
422943
438838
423850
17593
2159
429598
3421
20325
11949
437280
422699
8689
12314
430052
435779
420436
10153
41
20704
420815
440962
20049
428832
420172
2571
440183
15439
958
20466
420301
426205
427434
20840
13572
685
6967
14033
436138
13714
422336
438381
17661
15975
2788
420563
425024
20577
431889
426550
8103
434179
10212
11451
422101
5722
16880
437546
425385
420922
18904
439023
422212
429348
422641
438440
11798
4900
435306
439150
11672
6857
2047
18324
1476
425596
18774
421397
439600
439222
435076
429978
1270
18103
18969
133
20741
20363
10551
1529
422981
425816
10020
426300
435686
431277
424677
19500
440985
15818
1897
8393
420718
4112
14536
420016
440872
440084
3303
440284
422745
424462
429644
8786
436240
440666
13913
420267
439694
4180
9308
436023
7045
428941
11616
436405
421600
433139
428734
8181
847
20436
405
420658
19258
14271
440501
20796
440340
428495
19638
434832
432542
429001
2368
4236
426884
420870
431705
745
14153
484
