t  x_1  x_2
0  0  -1.576236806131152e-09
1.001001001001001e-05  1.257861783874106e-06  1.259953139320052e-06
2.002002002002002e-05  2.515524538937585e-06  2.521006860282621e-06
3.003003003003003e-05  3.772789267871718e-06  3.781395695994673e-06
4.004004004004004e-05  5.029457036336619e-06  5.040930315499837e-06
5.005005005005005e-05  6.285329004448195e-06  6.2994213179396e-06
6.006006006006006e-05  7.540206458240159e-06  7.556679263863586e-06
7.007007007007007e-05  8.793890841106126e-06  8.812514706605228e-06
8.008008008008008e-05  1.00461837852168e-05  1.006673822364696e-05
9.009009009009009e-05  1.129688714290729e-05  1.131916044788431e-05
0.0001001001001001001  1.254580301802961e-05  1.256959209907551e-05
0.0001101101101101101  1.379273379726536e-05  1.381784401530999e-05
0.0001201201201201201  1.503748218139367e-05  1.506372718451243e-05
0.0001301301301301301  1.627985121650943e-05  1.630705277574347e-05
0.0001401401401401401  1.75196443251869e-05  1.75476321707648e-05
0.0001501501501501501  1.875666533758371e-05  1.878527699545539e-05
0.0001601601601601602  1.999071852248047e-05  2.001979915132146e-05
0.0001701701701701702  2.12216086182508e-05  2.125101084707431e-05
0.0001801801801801802  2.244914086375726e-05  2.247872462967053e-05
0.0001901901901901902  2.367312102916798e-05  2.370275341599115e-05
0.0002002002002002002  2.489335544668917e-05  2.492291052436496e-05
0.0002102102102102102  2.610965104120882e-05  2.613900970549007e-05
0.0002202202202202202  2.732181536084659e-05  2.735086517417011e-05
0.0002302302302302302  2.852965660740497e-05  2.855829164017738e-05
0.0002402402402402402  2.973298366671723e-05  2.976110433967532e-05
0.0002502502502502502  3.093160613888688e-05  3.095911906635167e-05
0.0002602602602602602  3.212533436841436e-05  3.215215220250432e-05
0.0002702702702702703  3.331397947420576e-05  3.334002074974685e-05
0.0002802802802802803  3.449735337945906e-05  3.452254236039177e-05
0.0002902902902902903  3.567526884142318e-05  3.569953536790145e-05
0.0003003003003003003  3.684753948102499e-05  3.687081881794109e-05
0.0003103103103103103  3.801397981235967e-05  3.80362124987473e-05
0.0003203203203203203  3.917440527203974e-05  3.919553697200973e-05
0.0003303303303303303  4.032863224839812e-05  4.034861360299311e-05
0.0003403403403403403  4.147647811054069e-05  4.149526459119242e-05
0.0003503503503503503  4.261776123724353e-05  4.263531300014901e-05
0.0003603603603603604  4.375230104569044e-05  4.376858278805855e-05
0.0003703703703703704  4.487991802004623e-05  4.48948988374231e-05
0.0003803803803803804  4.600043373986111e-05  4.601408698481198e-05
0.0003903903903903904  4.711367090830178e-05  4.712597405080285e-05
0.0004004004004004004  4.821945338020479e-05  4.823038786943501e-05
0.0004104104104104104  4.931760618994744e-05  4.932715731771977e-05
0.0004204204204204204  5.040795557913246e-05  5.04161123444063e-05
0.0004304304304304304  5.149032902408127e-05  5.14970839997927e-05
0.0004404404404404404  5.256455526313208e-05  5.256990446416525e-05
0.0004504504504504505  5.363046432373825e-05  5.363440707661873e-05
0.0004604604604604604  5.468788754936274e-05  5.469042636363609e-05
0.0004704704704704705  5.573665762616422e-05  5.573779806761213e-05
0.0004804804804804805  5.67766086094708e-05  5.677635917491836e-05
0.0004904904904904905  5.780757595003708e-05  5.780594794363849e-05
0.0005005005005005005  5.882939652008052e-05  5.882640393205084e-05
0.0005105105105105105  5.984190863909269e-05  5.983756802545935e-05
0.0005205205205205205  6.084495209942171e-05  6.08392824641639e-05
0.0005305305305305305  6.183836819162155e-05  6.183139087029706e-05
0.0005405405405405405  6.282199972956424e-05  6.281373827488393e-05
0.0005505505505505506  6.37956910753112e-05  6.37861711446394e-05
0.0005605605605605605  6.475928816373941e-05  6.474853740827191e-05
0.0005705705705705706  6.571263852691886e-05  6.570068648279148e-05
0.0005805805805805806  6.66555913182372e-05  6.664246929988333e-05
0.0005905905905905905  6.758799733626791e-05  6.757373833105959e-05
0.0006006006006006006  6.850970904837809e-05  6.849434761378426e-05
0.0006106106106106106  6.942058061407227e-05  6.940415277638074e-05
0.0006206206206206207  7.03204679080684e-05  7.030301106292989e-05
0.0006306306306306306  7.120922854310255e-05  7.119078135870583e-05
0.0006406406406406406  7.20867218924585e-05  7.206732421384211e-05
0.0006506506506506507  7.295280911221885e-05  7.293250186798646e-05
0.0006606606606606606  7.380735316323389e-05  7.378617827403556e-05
0.0006706706706706706  7.46502188328052e-05  7.462821912219552e-05
0.0006806806806806807  7.548127275607989e-05  7.545849186277453e-05
0.0006906906906906907  7.630038343715273e-05  7.627686572947087e-05
0.0007007007007007007  7.710742126987247e-05  7.708321176247361e-05
0.0007107107107107107  7.790225855834912e-05  7.787740283043642e-05
0.0007207207207207207  7.868476953715901e-05  7.865931365300515e-05
0.0007307307307307307  7.945483039124438e-05  7.942882082264514e-05
0.0007407407407407407  8.021231927550437e-05  8.018580282593947e-05
0.0007507507507507507  8.09571163340744e-05  8.093014006533257e-05
0.0007607607607607608  8.168910371929054e-05  8.166171487945995e-05
0.0007707707707707707  8.240816561033644e-05  8.238041156431604e-05
0.0007807807807807808  8.311418823156936e-05  8.308611639307428e-05
0.0007907907907907908  8.380705987052265e-05  8.377871763643201e-05
0.0008008008008008008  8.448667089558178e-05  8.445810558177417e-05
0.0008108108108108108  8.515291377333113e-05  8.512417255289326e-05
0.0008208208208208208  8.580568308556875e-05  8.577681292880755e-05
0.0008308308308308308  8.64448755459865e-05  8.641592316206135e-05
0.0008408408408408408  8.707039001651274e-05  8.704140179740441e-05
0.0008508508508508508  8.768212752331536e-05  8.765314948944854e-05
0.0008608608608608609  8.827999127246195e-05  8.825106902006716e-05
0.0008708708708708709  8.88638866652356e-05  8.88350653160379e-05
0.0008808808808808808  8.943372131310272e-05  8.940504546526266e-05
0.0008908908908908909  8.998940505233183e-05  8.996091873384279e-05
0.0009009009009009009  9.053084995825967e-05  9.050259658162353e-05
0.0009109109109109108  9.105797035920356e-05  9.102999267844758e-05
0.0009209209209209209  9.157068285001692e-05  9.154302291897854e-05
0.0009309309309309309  9.206890630528631e-05  9.204160543793647e-05
0.000940940940940941  9.255256189216779e-05  9.252566062489979e-05
0.0009509509509509509  9.302157308286043e-05  9.299511113812785e-05
0.0009609609609609609  9.34758656667151e-05  9.344988191870333e-05
0.000970970970970971  9.391536776197678e-05  9.388990020387208e-05
0.0009809809809809809  9.434000982715812e-05  9.43150955399261e-05
0.0009909909909909911  9.474972467204298e-05  9.47253997952182e-05
0.001001001001001001  9.514444746831767e-05  9.512074717229942e-05
0.001011011011011011  9.552411575982869e-05  9.550107421962049e-05
0.001021021021021021  9.588866947246499e-05  9.586631984343234e-05
0.001031031031031031  9.623805092366335e-05  9.621642531862849e-05
0.001041041041041041  9.657220483153546e-05  9.655133429910293e-05
0.001051051051051051  9.689107832361497e-05  9.687099282877401e-05
0.001061061061061061  9.719462094522337e-05  9.717534935093738e-05
0.001071071071071071  9.748278466745342e-05  9.746435471801513e-05
0.001081081081081081  9.775552389476863e-05  9.773796220043728e-05
0.001091091091091091  9.801279547221766e-05  9.799612749537286e-05
0.001101101101101101  9.825455869226278e-05  9.823880873503824e-05
0.001111111111111111  9.848077530122081e-05  9.846596649463686e-05
0.001121121121121121  9.8691409505316e-05  9.867756379952542e-05
0.001131131131131131  9.888642797634357e-05  9.887356613236583e-05
0.001141141141141141  9.906579985694317e-05  9.905394143978277e-05
0.001151151151151151  9.922949676548137e-05  9.921866013864162e-05
0.001161161161161161  9.937749280054243e-05  9.936769512157732e-05
0.001171171171171171  9.950976454502661e-05  9.950102176249016e-05
0.001181181181181181  9.962629106985543e-05  9.961861792130205e-05
0.001191191191191191  9.972705393728327e-05  9.972046394899633e-05
0.001201201201201201  9.981203720381464e-05  9.980654269097235e-05
0.001211211211211211  9.988122742272692e-05  9.987683949115476e-05
0.001221221221221221  9.99346136461981e-05  9.993134219537394e-05
0.001231231231231231  9.997218742703888e-05  9.997004115371866e-05
0.001241241241241241  9.999394282002937e-05  9.99929292234503e-05
0.001251251251251251  9.999987638285974e-05  0.0001000000017705781
0.001261261261261261  9.99899871766749e-05  9.999125667166013e-05
0.001271271271271271  9.9964276766223e-05  9.996669431496156e-05
0.001281281281281281  9.992274921960795e-05  9.992631760095636e-05
0.001291291291291291  9.986541110764565e-05  9.987013194281506e-05
0.001301301301301301  9.979227150282433e-05  9.979814526608487e-05
0.001311311311311311  9.970334197786903e-05  9.971036800829528e-05
0.001321321321321321  9.959863660391045e-05  9.960681311836165e-05
0.001331331331331331  9.947817194825854e-05  9.948749605390339e-05
0.001341341341341341  9.934196707178108e-05  9.935243478096357e-05
0.001351351351351351  9.919004352588771e-05  9.920164977083749e-05
0.001361361361361361  9.902242534911986e-05  9.903516399778496e-05
0.001371371371371371  9.883913906334728e-05  9.885300293549062e-05
0.001381381381381381  9.864021366957147e-05  9.86551945542207e-05
0.001391391391391391  9.842568064333688e-05  9.8441769316446e-05
0.001401401401401401  9.819557392975067e-05  9.821276017236357e-05
0.001411411411411411  9.794992993811166e-05  9.796820255582825e-05
0.001421421421421421  9.768878753614927e-05  9.770813437822741e-05
0.001431431431431431  9.741218804387364e-05  9.743259602371832e-05
0.001441441441441441  9.712017522703765e-05  9.714163034287415e-05
0.001451451451451451  9.681279529021189e-05  9.683528264614797e-05
0.001461461461461461  9.649009686947393e-05  9.651360069730593e-05
0.001471471471471471  9.615213102471256e-05  9.617663470592555e-05
0.001481481481481481  9.579895123154891e-05  9.582443731988776e-05
0.001491491491491492  9.543061337287487e-05  9.545706361730309e-05
0.001501501501501501  9.504717573001118e-05  9.507457109815525e-05
0.001511511511511511  9.464869897348527e-05  9.467701967531661e-05
0.001521521521521522  9.423524615343185e-05  9.426447166516647e-05
0.001531531531531532  9.380688268961657e-05  9.383699177808689e-05
0.001541541541541541  9.336367636108465e-05  9.339464710850902e-05
0.001551551551551552  9.290569729543625e-05  9.293750712389969e-05
0.001561561561561562  9.243301795773082e-05  9.246564365467743e-05
0.001571571571571571  9.194571313902058e-05  9.197913088236805e-05
0.001581581581581582  9.144385994451655e-05  9.147804532807484e-05
0.001591591591591592  9.092753778138884e-05  9.096246584084141e-05
0.001601601601601602  9.039682834620157e-05  9.043247358464211e-05
0.001611611611611612  8.98518156119867e-05  8.98881520257202e-05
0.001621621621621622  8.929258581495683e-05  8.93295869198231e-05
0.001631631631631632  8.871922744086039e-05  8.87568662980789e-05
0.001641641641641642  8.813183121098069e-05  8.817008045350591e-05
0.001651651651651652  8.753049006778129e-05  8.756932192638735e-05
0.001661661661661662  8.691529916019989e-05  8.695468548968667e-05
0.001671671671671672  8.628635582859308e-05  8.632626813388253e-05
0.001681681681681682  8.564375958933457e-05  8.568416905183579e-05
0.001691691691691692  8.498761211906863e-05  8.502848962261484e-05
0.001701701701701702  8.431801723862222e-05  8.435933339558014e-05
0.001711711711711712  8.36350808965776e-05  8.367680607388692e-05
0.001721721721721722  8.293891115250826e-05  8.298101549756833e-05
0.001731731731731732  8.222961815988091e-05  8.22720716262215e-05
0.001741741741741742  8.150731414862618e-05  8.155008652142802e-05
0.001751751751751752  8.077211340738067e-05  8.081517432922315e-05
0.001761761761761762  8.002413226540318e-05  8.006745126128256e-05
0.001771771771771772  7.926348907416846e-05  7.930703557664163e-05
0.001781781781781782  7.849030418864042e-05  7.85340475629506e-05
0.001791791791791792  7.770469994822884e-05  7.774860951677745e-05
0.001801801801801802  7.690680065743167e-05  7.695084572436439e-05
0.001811811811811812  7.609673256616676e-05  7.614088244144492e-05
0.001821821821821822  7.527462384979548e-05  7.531884787305617e-05
0.001831831831831832  7.444060458884188e-05  7.448487215336556e-05
0.001841841841841842  7.359480674841032e-05  7.363908732414018e-05
0.001851851851851852  7.273736415730486e-05  7.278162731417738e-05
0.001861861861861862  7.186841248685382e-05  7.19126279174079e-05
0.001871871871871872  7.098808922944285e-05  7.103222677133455e-05
0.001881881881881882  7.009653367675974e-05  7.014056333468302e-05
0.001891891891891892  6.919388689775459e-05  6.923777886539869e-05
0.001901901901901902  6.828029171631888e-05  6.832401639745195e-05
0.001911911911911912  6.735589268868657e-05  6.7399420718343e-05
0.001921921921921922  6.642083608056138e-05  6.646413834572822e-05
0.001931931931931932  6.547526984397349e-05  6.551831750333582e-05
0.001941941941941942  6.451934359386934e-05  6.45621080982704e-05
0.001951951951951952  6.355320858443842e-05  6.359566169562512e-05
0.001961961961961962  6.25770176851806e-05  6.261913149528783e-05
0.001971971971971972  6.159092535671798e-05  6.163267230647474e-05
0.001981981981981982  6.059508762635481e-05  6.063644052335029e-05
0.001991991991991992  5.95896620633898e-05  5.963059409951535e-05
0.002002002002002002  5.857480775418393e-05  5.861529252316703e-05
0.002012012012012012  5.7550685276989e-05  5.759069679086287e-05
0.002022022022022022  5.651745667653929e-05  5.655696938194553e-05
0.002032032032032032  5.547528543841173e-05  5.55142742324694e-05
0.002042042042042042  5.442433646315789e-05  5.446277670873835e-05
0.002052052052052052  5.336477604021226e-05  5.340264358090115e-05
0.002062062062062062  5.229677182158024e-05  5.233404299584277e-05
0.002072072072072072  5.122049279531144e-05  5.125714445042811e-05
0.002082082082082082  5.01361092587606e-05  5.017211876428568e-05
0.002092092092092092  4.904379279164207e-05  4.907913805210256e-05
0.002102102102102102  4.794371622888096e-05  4.797837569632916e-05
0.002112112112112112  4.683605363326608e-05  4.687000631886838e-05
0.002122122122122122  4.572098026790791e-05  4.575420575368224e-05
0.002132132132132132  4.45986725685076e-05  4.463115101769297e-05
0.002142142142142142  4.346930811543961e-05  4.350102028326935e-05
0.002152152152152152  4.233306560565345e-05  4.236399284900807e-05
0.002162162162162162  4.119012482439925e-05  4.12202491110209e-05
0.002172172172172172  4.004066661678041e-05  4.006997053408997e-05
0.002182182182182182  3.888487285913878e-05  3.891333962251509e-05
0.002192192192192192  3.772292643027699e-05  3.77505398909245e-05
0.002202202202202202  3.655501118252195e-05  3.658175583452458e-05
0.002212212212212212  3.538131191263388e-05  3.540717289993551e-05
0.002222222222222222  3.420201433256693e-05  3.422697745512366e-05
0.002232232232232232  3.30173050400837e-05  3.304135675925972e-05
0.002242242242242242  3.182737148923088e-05  3.185049893326107e-05
0.002252252252252252  3.063240196067838e-05  3.065459292956331e-05
0.002262262262262262  2.943258553192823e-05  2.945382850121279e-05
0.002272272272272272  2.822811204739718e-05  2.82483961720614e-05
0.002282282282282282  2.701917208837827e-05  2.703848720591988e-05
0.002292292292292292  2.580595694288505e-05  2.582429357619448e-05
0.002302302302302302  2.458865857538506e-05  2.460600793450192e-05
0.002312312312312312  2.336746959642532e-05  2.338382358088283e-05
0.002322322322322322  2.214258323215596e-05  2.215793443162266e-05
0.002332332332332332  2.091419329375674e-05  2.092853498905939e-05
0.002342342342342342  1.96824941467706e-05  1.969582030996931e-05
0.002352352352352352  1.84476806803493e-05  1.845998597460018e-05
0.002362362362362362  1.720994827641693e-05  1.722122805542036e-05
0.002372372372372372  1.596949277875502e-05  1.597974308541218e-05
0.002382382382382382  1.472651046201416e-05  1.473572802679279e-05
0.002392392392392392  1.348119800065847e-05  1.348938023971396e-05
0.002402402402402402  1.223375243784578e-05  1.224089745028127e-05
0.002412412412412412  1.098437115425006e-05  1.099047771933941e-05
0.002422422422422422  9.733251836830288e-06  9.738319410596638e-06
0.002432432432432432  8.480592447550994e-06  8.484621158979354e-06
0.002442442442442442  7.226591192058739e-06  7.229581838537458e-06
0.002452452452452453  5.971446488320901e-06  5.973400531592148e-06
0.002462462462462462  4.715356935230619e-06  4.716276495839273e-06
0.002472472472472472  3.458521281181791e-06  3.458409133315355e-06
0.002482482482482483  2.20113839262269e-06  2.199997957878538e-06
0.002492492492492492  9.43407222589749e-07  9.412425642719249e-07
0.002502502502502502  -3.144732207735999e-07  -3.176574046872508e-07
0.002512512512512513  -1.57230390570419e-06  -1.576502289384812e-06
0.002522522522522522  -2.829885808311714e-06  -2.835092445392884e-06
0.002532532532532532  -4.087019944071101e-06  -4.093228275584143e-06
0.002542542542542543  -5.343507399305811e-06  -5.350710261136673e-06
0.002552552552552552  -6.599149362661978e-06  -6.607338994661546e-06
0.002562562562562563  -7.853747156567016e-06  -7.862915210767683e-06
0.002572572572572573  -9.10710226866413e-06  -9.117239818604294e-06
0.002582582582582582  -1.035901638322384e-05  -1.037011393298308e-05
0.002592592592592593  -1.160929141252306e-05  -1.162133890659667e-05
0.002602602602602603  -1.285772952818694e-05  -1.287071636142741e-05
0.002612612612612612  -1.410413319249186e-05  -1.41180482200831e-05
0.002622622622622623  -1.534830518962169e-05  -1.536313673795701e-05
0.002632632632632633  -1.659004865687138e-05  -1.660578453397446e-05
0.002642642642642642  -1.782916711579751e-05  -1.784579462272926e-05
0.002652652652652653  -1.906546450330649e-05  -1.908297044484312e-05
0.002662662662662663  -2.029874520267621e-05  -2.031711589929979e-05
0.002672672672672672  -2.152881407450897e-05  -2.154803537407689e-05
0.002682682682682683  -2.27554764876083e-05  -2.277553377721432e-05
0.002692692692692693  -2.397853834977365e-05  -2.399941656806327e-05
0.002702702702702703  -2.519780613851252e-05  -2.5219489788005e-05
0.002712712712712713  -2.641308693166067e-05  -2.643556009106419e-05
0.002722722722722723  -2.762418843790751e-05  -2.764743477517498e-05
0.002732732732732733  -2.883091902722221e-05  -2.885492181236828e-05
0.002742742742742743  -3.003308776117507e-05  -3.005782987947594e-05
0.002752752752752753  -3.1230504423149e-05  -3.125596838818869e-05
0.002762762762762763  -3.24229795484371e-05  -3.24491475155563e-05
0.002772772772772773  -3.361032445422165e-05  -3.3637178233977e-05
0.002782782782782783  -3.479235126942842e-05  -3.48198723416946e-05
0.002792792792792793  -3.59688729644536e-05  -3.599704249157347e-05
0.002802802802802803  -3.713970338075683e-05  -3.716850222156918e-05
0.002812812812812813  -3.830465726031682e-05  -3.833406598454141e-05
0.002822822822822823  -3.946355027494409e-05  -3.949354917676133e-05
0.002832832832832833  -4.061619905544728e-05  -4.064676816779835e-05
0.002842842842842843  -4.176242122064673e-05  -4.179354032949202e-05
0.002852852852852853  -4.290203540623267e-05  -4.293368406469865e-05
0.002862862862862863  -4.403486129346195e-05  -4.406701883638153e-05
0.002872872872872873  -4.516071963768956e-05  -4.519336519579166e-05
0.002882882882882883  -4.627943229672991e-05  -4.631254481096738e-05
0.002892892892892893  -4.739082225904435e-05  -4.742438049537566e-05
0.002902902902902903  -4.849471367174877e-05  -4.852869623510693e-05
0.002912912912912913  -4.959093186843894e-05  -4.962531721752755e-05
0.002922922922922923  -5.067930339682727e-05  -5.071406985819168e-05
0.002932932932932933  -5.175965604618782e-05  -5.179478182936493e-05
0.002942942942942943  -5.283181887460516e-05  -5.28672820855807e-05
0.002952952952952953  -5.389562223602165e-05  -5.393140089229042e-05
0.002962962962962963  -5.495089780708061e-05  -5.498696985171866e-05
0.002972972972972973  -5.599747861375954e-05  -5.603382192987805e-05
0.002982982982982983  -5.703519905779017e-05  -5.707179148286496e-05
0.002992992992992993  -5.806389494286053e-05  -5.810071428255747e-05
0.003003003003003003  -5.908340350059581e-05  -5.9120427543e-05
0.003013013013013013  -6.009356341631229e-05  -6.01307699464132e-05
0.003023023023023023  -6.10942148545423e-05  -6.113158166763151e-05
0.003033033033033033  -6.208519948432435e-05  -6.212270440027621e-05
0.003043043043043043  -6.306636050425574e-05  -6.310398138088846e-05
0.003053053053053053  -6.403754266730258e-05  -6.407525741455231e-05
0.003063063063063063  -6.499859230536468e-05  -6.50363788982415e-05
0.003073073073073073  -6.594935735358961e-05  -6.598719384619545e-05
0.003083083083083083  -6.688968737443392e-05  -6.692755191288012e-05
0.003093093093093093  -6.781943358146662e-05  -6.785730441698452e-05
0.003103103103103103  -6.873844886291105e-05  -6.877630436531257e-05
0.003113113113113113  -6.964658780492216e-05  -6.968440647482456e-05
0.003123123123123123  -7.05437067145953e-05  -7.058146719692257e-05
0.003133133133133133  -7.142966364270211e-05  -7.146734473846434e-05
0.003143143143143143  -7.230431840615091e-05  -7.234189908530865e-05
0.003153153153153153  -7.316753261016783e-05  -7.320499202379152e-05
0.003163163163163163  -7.401916967019434e-05  -7.40564871624416e-05
0.003173173173173173  -7.485909483349905e-05  -7.489624995322815e-05
0.003183183183183183  -7.568717520049916e-05  -7.572414771336968e-05
0.003193193193193193  -7.650327974578898e-05  -7.654004964531707e-05
0.003203203203203203  -7.730727933887175e-05  -7.734382685818024e-05
0.003213213213213213  -7.809904676459172e-05  -7.81353523868173e-05
0.003223223223223223  -7.887845674326316e-05  -7.891450121282786e-05
0.003233233233233233  -7.964538595049287e-05  -7.968115028377384e-05
0.003243243243243243  -8.039971303669407e-05  -8.043517853218788e-05
0.003253253253253253  -8.114131864628654e-05  -8.11764668949217e-05
0.003263263263263263  -8.187008543658282e-05  -8.190489833144666e-05
0.003273273273273273  -8.258589809635432e-05  -8.262035784294243e-05
0.003283283283283283  -8.328864336407728e-05  -8.332273248902733e-05
0.003293293293293293  -8.397821004585396e-05  -8.401191140665904e-05
0.003303303303303303  -8.465448903300605e-05  -8.468778582704072e-05
0.003313313313313313  -8.531737331933926e-05  -8.535024909232885e-05
0.003323323323323323  -8.596675801807451e-05  -8.599919667268315e-05
0.003333333333333333  -8.660254037844384e-05  -8.663452618266348e-05
0.003343343343343343  -8.722461980194861e-05  -8.725613739647559e-05
0.003353353353353353  -8.783289785827684e-05  -8.78639322651194e-05
0.003363363363363363  -8.842727830087774e-05  -8.845781493022405e-05
0.003373373373373373  -8.900766708219056e-05  -8.903769173944784e-05
0.003383383383383383  -8.957397236852551e-05  -8.960347126154291e-05
0.003393393393393393  -9.012610455459449e-05  -9.015506430029619e-05
0.003403403403403403  -9.06639762776889e-05  -9.069238390814362e-05
0.003413413413413413  -9.118750243150336e-05  -9.121534540016967e-05
0.003423423423423423  -9.169660017960133e-05  -9.172386636721973e-05
0.003433433433433433  -9.21911889685225e-05  -9.221786668845767e-05
0.003443443443443443  -9.26711905405285e-05  -9.269726854425824e-05
0.003453453453453453  -9.31365289459854e-05  -9.316199642755497e-05
0.003463463463463463  -9.358713055538119e-05  -9.361197715669567e-05
0.003473473473473473  -9.402292407097588e-05  -9.404713988547019e-05
0.003483483483483484  -9.444384053808293e-05  -9.446741611560987e-05
0.003493493493493493  -9.48498133559795e-05  -9.487273970607657e-05
0.003503503503503503  -9.524077828844511e-05  -9.526304688403275e-05
0.003513513513513514  -9.561667347392512e-05  -9.563827625456258e-05
0.003523523523523523  -9.597743943531888e-05  -9.599836880981407e-05
0.003533533533533533  -9.632301908939125e-05  -9.634326793901593e-05
0.003543543543543544  -9.665335775580416e-05  -9.66729194362327e-05
0.003553553553553553  -9.696840316576874e-05  -9.698727150946851e-05
0.003563563563563563  -9.726810547031601e-05  -9.728627478840029e-05
0.003573573573573574  -9.755241724818388e-05  -9.756988233114069e-05
0.003583583583583583  -9.782129351332084e-05  -9.783804963317579e-05
0.003593593593593594  -9.807469172200397e-05  -9.80907346329796e-05
0.003603603603603604  -9.831257177957043e-05  -9.832789771837465e-05
0.003613613613613613  -9.853489604676164e-05  -9.854950173346247e-05
0.003623623623623624  -9.874162934567891e-05  -9.875551198351717e-05
0.003633633633633634  -9.893273896534937e-05  -9.894589624061205e-05
0.003643643643643643  -9.910819466690196e-05  -9.912062474836339e-05
0.003653653653653654  -9.926796868835204e-05  -9.927967022652757e-05
0.003663663663663664  -9.941203574899394e-05  -9.942300787531616e-05
0.003673673673673673  -9.954037305340125e-05  -9.955061537888319e-05
0.003683683683683684  -9.965296029503368e-05  -9.966247290830454e-05
0.003693693693693694  -9.974977965944998e-05  -9.975856312536183e-05
0.003703703703703703  -9.983081582712683e-05  -9.983887118463081e-05
0.003713713713713714  -9.989605597588275e-05  -9.990338473522305e-05
0.003723723723723724  -9.994548978290693e-05  -9.99520939233176e-05
0.003733733733733734  -9.997910942639263e-05  -9.998499139346462e-05
0.003743743743743744  -9.999690958677468e-05  -0.0001000020722885259
0.003753753753753754  -9.999888744757142e-05  -0.0001000033342517871
0.003763763763763764  -9.998504269583004e-05  -9.998877742602737e-05
0.003773773773773774  -9.995537752217639e-05  -9.995840445370988e-05
0.003783783783783784  -9.990989662046815e-05  -9.991222047666175e-05
0.003793793793793794  -9.984860718705225e-05  -9.985023313423822e-05
0.003803803803803804  -9.977151891962615e-05  -9.977245256291785e-05
0.003813813813813814  -9.967864401570343e-05  -9.967889139401758e-05
0.003823823823823824  -9.956999717068378e-05  -9.956956475185624e-05
0.003833833833833834  -9.944559557552775e-05  -9.94444902506094e-05
0.003843843843843844  -9.930545891403678e-05  -9.930368799179994e-05
0.003853853853853854  -9.914960935973849e-05  -9.914718056105668e-05
0.003863863863863864  -9.897807157237835e-05  -9.897499302425026e-05
0.003873873873873874  -9.879087269401781e-05  -9.878715292319256e-05
0.003883883883883884  -9.858804234473958e-05  -9.8583690271179e-05
0.003893893893893894  -9.836961261796102e-05  -9.83646375485933e-05
0.003903903903903904  -9.813561807535595e-05  -9.813002969710071e-05
0.003913913913913914  -9.788609574138615e-05  -9.78799041137947e-05
0.003923923923923924  -9.762108509744296e-05  -9.761430064591983e-05
0.003933933933933934  -9.734062807560026e-05  -9.733326158412212e-05
0.003943943943943944  -9.704476905197971e-05  -9.703683165479529e-05
0.003953953953953954  -9.673355483972904e-05  -9.672505801416044e-05
0.003963963963963964  -9.640703468161506e-05  -9.639799024017384e-05
0.003973973973973974  -9.60652602422321e-05  -9.605568032408854e-05
0.003983983983983984  -9.570828559982711e-05  -9.569818266303456e-05
0.003993993993993994  -9.533616723774294e-05  -9.53255540502495e-05
0.004004004004004004  -9.494896403548134e-05  -9.493785366713019e-05
0.004014014014014014  -9.454673725938634e-05  -9.453514307294167e-05
0.004024024024024024  -9.412955055295034e-05  -9.411748619507507e-05
0.004034034034034034  -9.369746992674382e-05  -9.368494931892307e-05
0.004044044044044044  -9.325056374797075e-05  -9.32376010776813e-05
0.004054054054054054  -9.278890272965091e-05  -9.277551244107818e-05
0.004064064064064064  -9.231255991943125e-05  -9.229875670378538e-05
0.004074074074074074  -9.182161068802741e-05  -9.180740947432764e-05
0.004084084084084084  -9.131613271729832e-05  -9.130154866239577e-05
0.004094094094094094  -9.079620598795464e-05  -9.078125446716714e-05
0.004104104104104104  -9.026191276690344e-05  -9.024660936366336e-05
0.004114114114114114  -8.971333759423141e-05  -8.969769809089118e-05
0.004124124124124124  -8.915056726982839e-05  -8.913460763680087e-05
0.004134134134134134  -8.857369083965297e-05  -8.855742722614686e-05
0.004144144144144144  -8.798279958164293e-05  -8.796624830465837e-05
0.004154154154154154  -8.737798699127286e-05  -8.736116452587785e-05
0.004164164164164164  -8.675934876676014e-05  -8.674227173539244e-05
0.004174174174174174  -8.612698279392309e-05  -8.610966795643779e-05
0.004184184184184184  -8.548098913069261e-05  -8.546345337317717e-05
0.004194194194194194  -8.482146999128026e-05  -8.480373031638298e-05
0.004204204204204204  -8.4148529730005e-05  -8.413060324552162e-05
0.004214214214214214  -8.346227482478176e-05  -8.344417873405389e-05
0.004224224224224224  -8.276281386027315e-05  -8.274456545072138e-05
0.004234234234234234  -8.205025751070874e-05  -8.203187414315867e-05
0.004244244244244244  -8.132471852237328e-05  -8.130621762080747e-05
0.004254254254254254  -8.058631169576695e-05  -8.056771073649192e-05
0.004264264264264264  -7.98351538674406e-05  -7.981647036803362e-05
0.004274274274274274  -7.907136389150938e-05  -7.905261540052983e-05
0.004284284284284284  -7.829506262084637e-05  -7.827626670675929e-05
0.004294294294294294  -7.750637288796017e-05  -7.748754712859484e-05
0.004304304304304304  -7.670541948555989e-05  -7.668658145723686e-05
0.004314314314314314  -7.589232914680891e-05  -7.587349641364088e-05
0.004324324324324324  -7.506723052527241e-05  -7.504842062849085e-05
0.004334334334334334  -7.423025417456097e-05  -7.421148462178071e-05
0.004344344344344344  -7.33815325276728e-05  -7.336282078240826e-05
0.004354354354354354  -7.252119987603972e-05  -7.250256334719748e-05
0.004364364364364364  -7.164939234827837e-05  -7.163084837886483e-05
0.004374374374374375  -7.076624788865042e-05  -7.074781374610641e-05
0.004384384384384384  -6.987190623523674e-05  -6.98535991006943e-05
0.004394394394394394  -6.896650889782619e-05  -6.894834585526439e-05
0.004404404404404405  -6.805019913552518e-05  -6.803219716214717e-05
0.004414414414414414  -6.712312193409028e-05  -6.710529788950964e-05
0.004424424424424424  -6.618542398298681e-05  -6.616779459916653e-05
0.004434434434434435  -6.523725365217905e-05  -6.521983552342168e-05
0.004444444444444444  -6.427876096865403e-05  -6.426157054113545e-05
0.004454454454454454  -6.331009759268216e-05  -6.329315115505777e-05
0.004464464464464465  -6.233141679382163e-05  -6.231473046727239e-05
0.004474474474474474  -6.134287342666629e-05  -6.132646315437447e-05
0.004484484484484484  -6.034462390634267e-05  -6.032850544489617e-05
0.004494494494494495  -5.933682618376202e-05  -5.932101509299439e-05
0.004504504504504504  -5.83196397206274e-05  -5.830415135417738e-05
0.004514514514514514  -5.729322546420206e-05  -5.727807496022105e-05
0.004524524524524525  -5.625774582184371e-05  -5.624294809403088e-05
0.004534534534534534  -5.52133646353071e-05  -5.51989343635763e-05
0.004544544544544544  -5.416024715481902e-05  -5.414619877628942e-05
0.004554554554554555  -5.309856001293197e-05  -5.308490771351538e-05
0.004564564564564564  -5.2028471198158e-05  -5.201522890340088e-05
0.004574574574574574  -5.095015002838734e-05  -5.09373313955775e-05
0.004584584584584585  -4.986376712409911e-05  -4.985138553292977e-05
0.004594594594594595  -4.876949438136335e-05  -4.875756292682207e-05
0.004604604604604604  -4.76675049446428e-05  -4.765603642816453e-05
0.004614614614614615  -4.655797317939569e-05  -4.654698010106096e-05
0.004624624624624625  -4.544107464448765e-05  -4.543056919579724e-05
0.004634634634634634  -4.431698606441268e-05  -4.430698012006529e-05
0.004644644644644645  -4.318588530132974e-05  -4.317639041245523e-05
0.004654654654654655  -4.204795132692136e-05  -4.203897871331014e-05
0.004664664664664664  -4.09033641940746e-05  -4.089492473749849e-05
0.004674674674674675  -3.975230500839131e-05  -3.974440924569553e-05
0.004684684684684685  -3.859495589953281e-05  -3.858761401602811e-05
0.004694694694694694  -3.743149999240192e-05  -3.742472181516799e-05
0.004704704704704705  -3.626212137816665e-05  -3.625591637028312e-05
0.004714714714714715  -3.508700508513293e-05  -3.508138233911685e-05
0.004724724724724724  -3.390633704946758e-05  -3.39013052816645e-05
0.004734734734734735  -3.272030408577714e-05  -3.271587163069932e-05
0.004744744744744745  -3.152909385755014e-05  -3.152526866238227e-05
0.004754754754754754  -3.033289484746273e-05  -3.032968446676822e-05
0.004764764764764765  -2.913189632755472e-05  -2.912930791844956e-05
0.004774774774774775  -2.792628832928301e-05  -2.792432864648532e-05
0.004784784784784784  -2.671626161345222e-05  -2.671493700496538e-05
0.004794794794794795  -2.550200764003105e-05  -2.55013240427023e-05
0.004804804804804805  -2.428371853785873e-05  -2.428368147273355e-05
0.004814814814814814  -2.306158707424404e-05  -2.306220164321606e-05
0.004824824824824825  -2.183580662446449e-05  -2.183707750675683e-05
0.004834834834834835  -2.06065711411693e-05  -2.060850258965738e-05
0.004844844844844844  -1.937407512368982e-05  -1.937667096134031e-05
0.004854854854854855  -1.813851358726508e-05  -1.814177720500814e-05
0.004864864864864865  -1.690008203218497e-05  -1.690401638516301e-05
0.004874874874874875  -1.565897641285575e-05  -1.566358401897841e-05
0.004884884884884885  -1.441539310679582e-05  -1.442067604384765e-05
0.004894894894894895  -1.316952888356236e-05  -1.317548878727362e-05
0.004904904904904905  -1.192158087361734e-05  -1.192821893649933e-05
0.004914914914914915  -1.06717465371359e-05  -1.06790635062632e-05
0.004924924924924925  -9.420223632762641e-06  -9.428219808609721e-06
0.004934934934934935  -8.1672101863206e-06  -8.175885422215888e-06
0.004944944944944945  -6.912904459478485e-06  -6.922258160600124e-06
0.004954954954954955  -5.657504918379273e-06  -5.667536041086825e-06
0.004964964964964965  -4.401210202238122e-06  -4.411917254169253e-06
0.004974974974974975  -3.144219091912023e-06  -3.155600131496708e-06
0.004984984984984985  -1.886730478446768e-06  -1.898783115863184e-06
0.004994994994994995  -6.289433316067517e-07  -6.416647285294861e-07
0.005005005005005005  6.289433316067915e-07  6.155564604465351e-07
0.005015015015015015  1.88673047844663e-06  1.872681864748041e-06
0.005025025025025025  3.144219091912063e-06  3.129512912761353e-06
0.005035035035035035  4.401210202238162e-06  4.385851077950288e-06
0.005045045045045045  5.657504918379223e-06  5.641497911141829e-06
0.005055055055055055  6.912904459478524e-06  6.896255071142701e-06
0.005065065065065065  8.167210186320639e-06  8.14992435598078e-06
0.005075075075075075  9.420223632762593e-06  9.402307734785129e-06
0.005085085085085085  1.067174653713594e-05  1.065320737752117e-05
0.005095095095095095  1.192158087361729e-05  1.190242568766149e-05
0.005105105105105105  1.316952888356231e-05  1.314976533224588e-05
0.005115115115115115  1.441539310679586e-05  1.439502927320406e-05
0.005125125125125125  1.565897641285579e-05  1.563802079854983e-05
0.005135135135135135  1.690008203218483e-05  1.687854355300952e-05
0.005145145145145145  1.813851358726511e-05  1.811640156907035e-05
0.005155155155155155  1.937407512368976e-05  1.935139929807429e-05
0.005165165165165165  2.060657114116925e-05  2.05833416401132e-05
0.005175175175175175  2.183580662446453e-05  2.181203397602412e-05
0.005185185185185185  2.3061587074244e-05  2.303728219665502e-05
0.005195195195195195  2.428371853785869e-05  2.425889273452894e-05
0.005205205205205205  2.55020076400311e-05  2.547667259371217e-05
0.005215215215215215  2.671626161345209e-05  2.669042938011082e-05
0.005225225225225225  2.792628832928296e-05  2.789997133178234e-05
0.005235235235235235  2.913189632755475e-05  2.91051073496193e-05
0.005245245245245245  3.033289484746269e-05  3.030564702689982e-05
0.005255255255255255  3.152909385755018e-05  3.150140067961965e-05
0.005265265265265265  3.272030408577717e-05  3.269217937547594e-05
0.005275275275275275  3.390633704946753e-05  3.387779496457702e-05
0.005285285285285285  3.508700508513297e-05  3.50580601091072e-05
0.005295295295295295  3.626212137816668e-05  3.623278831161497e-05
0.005305305305305305  3.743149999240187e-05  3.74017939457871e-05
0.005315315315315315  3.859495589953285e-05  3.856489228497247e-05
0.005325325325325325  3.975230500839127e-05  3.972189953108206e-05
0.005335335335335335  4.090336419407455e-05  4.087263284380696e-05
0.005345345345345345  4.204795132692139e-05  4.201691036955002e-05
0.005355355355355355  4.318588530132977e-05  4.315455126957825e-05
0.005365365365365365  4.431698606441256e-05  4.428537574920817e-05
0.005375375375375375  4.544107464448769e-05  4.54092050852879e-05
0.005385385385385385  4.655797317939573e-05  4.652586165484218e-05
0.005395395395395395  4.766750494464276e-05  4.763516896310001e-05
0.005405405405405406  4.876949438136346e-05  4.873695167098977e-05
0.005415415415415415  4.986376712409915e-05  4.983103562278999e-05
0.005425425425425425  5.095015002838731e-05  5.091724787409057e-05
0.005435435435435436  5.202847119815796e-05  5.19954167181661e-05
0.005445445445445445  5.309856001293201e-05  5.306537171361606e-05
0.005455455455455455  5.416024715481898e-05  5.412694371140223e-05
0.005465465465465466  5.521336463530706e-05  5.517996488048641e-05
0.005475475475475475  5.62577458218436e-05  5.622426873556307e-05
0.005485485485485485  5.729322546420195e-05  5.725969016255371e-05
0.005495495495495496  5.831963972062736e-05  5.828606544473998e-05
0.005505505505505505  5.933682618376198e-05  5.930323228843986e-05
0.005515515515515515  6.034462390634255e-05  6.031102984918133e-05
0.005525525525525526  6.134287342666619e-05  6.130929875643535e-05
0.005535535535535535  6.233141679382161e-05  6.229788113879001e-05
0.005545545545545545  6.331009759268213e-05  6.327662064928706e-05
0.005555555555555556  6.4278760968654e-05  6.424536248960113e-05
0.005565565565565565  6.523725365217901e-05  6.520395343489067e-05
0.005575575575575575  6.618542398298678e-05  6.615224185764319e-05
0.005585585585585586  6.712312193409032e-05  6.70900777516656e-05
0.005595595595595595  6.805019913552515e-05  6.801731275607798e-05
0.005605605605605605  6.896650889782616e-05  6.893380017789436e-05
0.005615615615615616  6.987190623523678e-05  6.983939501650953e-05
0.005625625625625626  7.076624788865053e-05  7.073395398528212e-05
0.005635635635635635  7.164939234827827e-05  7.161733553493247e-05
0.005645645645645646  7.252119987603973e-05  7.248939987571105e-05
0.005655655655655656  7.338153252767283e-05  7.335000899930885e-05
0.005665665665665665  7.423025417456093e-05  7.41990267009641e-05
0.005675675675675676  7.506723052527242e-05  7.50363186009575e-05
0.005685685685685686  7.589232914680894e-05  7.586175216533982e-05
0.005695695695695695  7.670541948555986e-05  7.667519672776749e-05
0.005705705705705706  7.75063728879602e-05  7.74765235093573e-05
0.005715715715715716  7.829506262084641e-05  7.826560563963604e-05
0.005725725725725725  7.907136389150935e-05  7.904231817615755e-05
0.005735735735735736  7.983515386744061e-05  7.980653812462392e-05
0.005745745745745746  8.058631169576698e-05  8.055814445824922e-05
0.005755755755755755  8.132471852237326e-05  8.129701813680126e-05
0.005765765765765766  8.205025751070876e-05  8.202304212566894e-05
0.005775775775775776  8.276281386027312e-05  8.273610141425226e-05
0.005785785785785785  8.346227482478169e-05  8.343608303408142e-05
0.005795795795795796  8.414852973000503e-05  8.41228760771589e-05
0.005805805805805806  8.482146999128022e-05  8.479637171342671e-05
0.005815815815815815  8.54809891306926e-05  8.545646320720022e-05
0.005825825825825826  8.612698279392306e-05  8.610304593539382e-05
0.005835835835835836  8.675934876676012e-05  8.673601740325564e-05
0.005845845845845845  8.737798699127284e-05  8.735527726092042e-05
0.005855855855855856  8.798279958164296e-05  8.796072731958056e-05
0.005865865865865866  8.857369083965291e-05  8.85522715667979e-05
0.005875875875875875  8.915056726982837e-05  8.912981618140577e-05
0.005885885885885886  8.971333759423142e-05  8.96932695497255e-05
0.005895895895895896  9.026191276690341e-05  9.02425422784078e-05
0.005905905905905906  9.079620598795463e-05  9.077754721024537e-05
0.005915915915915916  9.131613271729832e-05  9.129819943689782e-05
0.005925925925925926  9.182161068802741e-05  9.180441631319921e-05
0.005935935935935936  9.231255991943126e-05  9.229611747003375e-05
0.005945945945945946  9.278890272965093e-05  9.277322482702711e-05
0.005955955955955956  9.325056374797073e-05  9.323566260563625e-05
0.005965965965965966  9.369746992674383e-05  9.368335734013536e-05
0.005975975975975976  9.412955055295034e-05  9.411623789038871e-05
0.005985985985985986  9.454673725938633e-05  9.453423545305443e-05
0.005995995995995996  9.494896403548135e-05  9.493728357238076e-05
0.006006006006006006  9.533616723774295e-05  9.532531815066652e-05
0.006016016016016016  9.570828559982706e-05  9.569827745937392e-05
0.006026026026026026  9.606526024223211e-05  9.605610214796541e-05
0.006036036036036036  9.640703468161507e-05  9.639873525439749e-05
0.006046046046046046  9.673355483972902e-05  9.672612221345357e-05
0.006056056056056056  9.704476905197972e-05  9.703821086661638e-05
0.006066066066066066  9.734062807560028e-05  9.733495146928254e-05
0.006076076076076076  9.762108509744296e-05  9.761629669981722e-05
0.006086086086086086  9.788609574138616e-05  9.788220166663305e-05
0.006096096096096096  9.813561807535595e-05  9.813262391560535e-05
0.006106106106106106  9.836961261796101e-05  9.836752343732398e-05
0.006116116116116116  9.85880423447396e-05  9.858686267297686e-05
0.006126126126126126  9.879087269401781e-05  9.879060652084209e-05
0.006136136136136136  9.897807157237834e-05  9.897872234272729e-05
0.006146146146146146  9.914960935973849e-05  9.915117996786575e-05
0.006156156156156156  9.930545891403678e-05  9.930795169907791e-05
0.006166166166166166  9.944559557552775e-05  9.944901231702028e-05
0.006176176176176176  9.956999717068378e-05  9.957433908447887e-05
0.006186186186186186  9.967864401570343e-05  9.968391174983626e-05
0.006196196196196196  9.977151891962615e-05  9.97777125509225e-05
0.006206206206206206  9.984860718705226e-05  9.985572621802162e-05
0.006216216216216216  9.990989662046815e-05  9.99179399763227e-05
0.006226226226226226  9.995537752217639e-05  9.996434354811836e-05
0.006236236236236236  9.998504269583004e-05  9.999492915518379e-05
0.006246246246246246  9.999888744757142e-05  0.0001000096915197293
0.006256256256256256  9.99969095867747e-05  0.0001000086278653791
0.006266266266266266  9.997910942639263e-05  9.99917379187422e-05
0.006276276276276276  9.994548978290693e-05  9.995902390861272e-05
0.006286286286286286  9.989605597588275e-05  9.991049056677759e-05
0.006296296296296296  9.983081582712683e-05  9.984614512662421e-05
0.006306306306306306  9.974977965944997e-05  9.976599732343327e-05
0.006316316316316316  9.965296029503368e-05  9.96700593918074e-05
0.006326326326326326  9.954037305340125e-05  9.955834606522725e-05
0.006336336336336336  9.941203574899394e-05  9.943087457295518e-05
0.006346346346346346  9.926796868835204e-05  9.928766463821469e-05
0.006356356356356356  9.910819466690197e-05  9.912873847526244e-05
0.006366366366366366  9.893273896534937e-05  9.895412078588089e-05
0.006376376376376376  9.874162934567892e-05  9.876383875621443e-05
0.006386386386386386  9.853489604676167e-05  9.855792205205633e-05
0.006396396396396396  9.831257177957043e-05  9.833640281507816e-05
0.006406406406406407  9.807469172200396e-05  9.809931565780537e-05
0.006416416416416416  9.782129351332085e-05  9.784669765847346e-05
0.006426426426426426  9.75524172481839e-05  9.757858835508731e-05
0.006436436436436437  9.726810547031601e-05  9.729502974010636e-05
0.006446446446446446  9.696840316576875e-05  9.699606625349113e-05
0.006456456456456456  9.665335775580416e-05  9.668174477641847e-05
0.006466466466466467  9.632301908939125e-05  9.635211462371737e-05
0.006476476476476476  9.597743943531892e-05  9.600722753650776e-05
0.006486486486486486  9.561667347392509e-05  9.564713767472827e-05
0.006496496496496497  9.524077828844511e-05  9.52719016080653e-05
0.006506506506506506  9.484981335597957e-05  9.488157830791119e-05
0.006516516516516516  9.444384053808292e-05  9.447622913835813e-05
0.006526526526526527  9.40229240709759e-05  9.405591784594894e-05
0.006536536536536536  9.358713055538124e-05  9.362071055083502e-05
0.006546546546546546  9.313652894598542e-05  9.317067573627076e-05
0.006556556556556557  9.267119054052847e-05  9.270588423774006e-05
0.006566566566566566  9.219118896852259e-05  9.22264092325961e-05
0.006576576576576576  9.169660017960138e-05  9.173232622819558e-05
0.006586586586586587  9.118750243150339e-05  9.122371305071716e-05
0.006596596596596596  9.066397627768899e-05  9.070064983275467e-05
0.006606606606606606  9.01261045545945e-05  9.016321900090416e-05
0.006616616616616617  8.957397236852553e-05  8.961150526364708e-05
0.006626626626626626  8.900766708219063e-05  8.904559559702379e-05
0.006636636636636636  8.842727830087777e-05  8.846557923238728e-05
0.006646646646646647  8.783289785827682e-05  8.787154764150839e-05
0.006656656656656657  8.722461980194855e-05  8.72635945233594e-05
0.006666666666666666  8.660254037844392e-05  8.664181578846192e-05
0.006676676676676677  8.596675801807453e-05  8.600630954489391e-05
0.006686686686686687  8.531737331933924e-05  8.535717608238176e-05
0.006696696696696696  8.465448903300607e-05  8.469451785717347e-05
0.006706706706706707  8.397821004585395e-05  8.401843947556944e-05
0.006716716716716717  8.328864336407727e-05  8.332904767795639e-05
0.006726726726726726  8.25858980963544e-05  8.262645132200108e-05
0.006736736736736737  8.187008543658284e-05  8.191076136575837e-05
0.006746746746746747  8.114131864628656e-05  8.11820908502724e-05
0.006756756756756756  8.03997130366941e-05  8.04405548818583e-05
0.006766766766766767  7.964538595049291e-05  7.968627061396323e-05
0.006776776776776777  7.887845674326308e-05  7.891935722940604e-05
0.006786786786786786  7.809904676459174e-05  7.813993592105011e-05
0.006796796796796797  7.730727933887172e-05  7.734812987310841e-05
0.006806806806806807  7.6503279745789e-05  7.654406424188317e-05
0.006816816816816816  7.568717520049925e-05  7.572786613614402e-05
0.006826826826826827  7.485909483349908e-05  7.489966459699571e-05
0.006836836836836837  7.401916967019433e-05  7.405959057804346e-05
0.006846846846846846  7.316753261016787e-05  7.32077769239935e-05
0.006856856856856857  7.230431840615091e-05  7.234435835104443e-05
0.006866866866866867  7.142966364270214e-05  7.14694714245623e-05
0.006876876876876876  7.054370671459542e-05  7.058325453832935e-05
0.006886886886886887  6.964658780492223e-05  6.968584789223094e-05
0.006896896896896897  6.873844886291102e-05  6.877739347089138e-05
0.006906906906906906  6.781943358146671e-05  6.785803502053233e-05
0.006916916916916917  6.688968737443395e-05  6.692791802711477e-05
0.006926926926926927  6.594935735358967e-05  6.598718969253776e-05
0.006936936936936937  6.499859230536468e-05  6.503599891260033e-05
0.006946946946946947  6.403754266730256e-05  6.407449625238333e-05
0.006956956956956957  6.306636050425576e-05  6.310283392334557e-05
0.006966966966966967  6.208519948432434e-05  6.21211657584453e-05
0.006976976976976977  6.109421485454233e-05  6.112964718872883e-05
0.006986986986986987  6.009356341631227e-05  6.012843521867695e-05
0.006996996996996997  5.908340350059571e-05  5.911768840046539e-05
0.007007007007007007  5.806389494286054e-05  5.809756681025717e-05
0.007017017017017017  5.70351990577902e-05  5.706823202206559e-05
0.007027027027027027  5.599747861375954e-05  5.602984708207574e-05
0.007037037037037037  5.495089780708068e-05  5.498257648353583e-05
0.007047047047047047  5.389562223602165e-05  5.392658614016086e-05
0.007057057057057057  5.283181887460508e-05  5.286204336008588e-05
0.007067067067067067  5.175965604618786e-05  5.178911681952699e-05
0.007077077077077077  5.067930339682735e-05  5.070797653539423e-05
0.007087087087087087  4.959093186843898e-05  4.96187938394048e-05
0.007097097097097097  4.849471367174874e-05  4.852174134994566e-05
0.007107107107107107  4.739082225904436e-05  4.74169929452248e-05
0.007117117117117117  4.627943229672987e-05  4.630472373544392e-05
0.007127127127127127  4.516071963768956e-05  4.518511003525646e-05
0.007137137137137137  4.403486129346192e-05  4.405832933554494e-05
0.007147147147147147  4.290203540623256e-05  4.292456027544566e-05
0.007157157157157157  4.176242122064669e-05  4.178398261371015e-05
0.007167167167167167  4.061619905544733e-05  4.06367772000576e-05
0.007177177177177177  3.946355027494409e-05  3.94831259472638e-05
0.007187187187187187  3.83046572603167e-05  3.832321180086324e-05
0.007197197197197197  3.713970338075684e-05  3.71572187113847e-05
0.007207207207207207  3.596887296445352e-05  3.598533160409865e-05
0.007217217217217217  3.479235126942842e-05  3.480773635017327e-05
0.007227227227227227  3.361032445422173e-05  3.362461973661492e-05
0.007237237237237237  3.242297954843714e-05  3.243616943686804e-05
0.007247247247247247  3.123050442314892e-05  3.124257398094067e-05
0.007257257257257257  3.003308776117511e-05  3.004402272520399e-05
0.007267267267267267  2.883091902722217e-05  2.884070582185791e-05
0.007277277277277277  2.762418843790752e-05  2.763281418932252e-05
0.007287287287287287  2.641308693166063e-05  2.642053948125817e-05
0.007297297297297297  2.519780613851244e-05  2.520407405610108e-05
0.007307307307307307  2.397853834977361e-05  2.398361094632743e-05
0.007317317317317317  2.275547648760834e-05  2.275934382774465e-05
0.007327327327327327  2.152881407450906e-05  2.153146698858447e-05
0.007337337337337337  2.029874520267608e-05  2.030017529809021e-05
0.007347347347347347  1.90654645033065e-05  1.906566417584043e-05
0.007357357357357357  1.782916711579755e-05  1.782812956020433e-05
0.007367367367367367  1.659004865687139e-05  1.658776787704706e-05
0.007377377377377377  1.534830518962178e-05  1.534477600841847e-05
0.007387387387387387  1.4104133192492e-05  1.409935126089085e-05
0.007397397397397397  1.285772952818685e-05  1.28516913341504e-05
0.007407407407407407  1.160929141252311e-05  1.160199428922161e-05
0.007417417417417417  1.035901638322393e-05  1.035045851658546e-05
0.007427427427427427  9.107102268664179e-06  9.097282704832774e-06
0.007437437437437438  7.853747156566977e-06  7.842665808415471e-06
0.007447447447447447  6.599149362661984e-06  6.586807015989738e-06
0.007457457457457457  5.343507399305771e-06  5.329905718113575e-06
0.007467467467467468  4.087019944071105e-06  4.072161476010525e-06
0.007477477477477477  2.829885808311853e-06  2.813773988641253e-06
0.007487487487487487  1.572303905704061e-06  1.554943061367163e-06
0.007497497497497498  3.144732207735156e-07  2.958685735301226e-07
0.007507507507507507  -9.434072225895225e-07  -9.632495536246733e-07
0.007517517517517517  -2.201138392622685e-06  -2.222211388959349e-06
0.007527527527527528  -3.458521281181742e-06  -3.480817023431054e-06
0.007537537537537537  -4.715356935230482e-06  -4.738866602508237e-06
0.007547547547547547  -5.971446488320985e-06  -5.996160358201488e-06
0.007557557557557558  -7.226591192058778e-06  -7.252498640925328e-06
0.007567567567567567  -8.480592447550725e-06  -8.507681952049611e-06
0.007577577577577577  -9.733251836830151e-06  -9.761510975507359e-06
0.007587587587587588  -1.098437115424997e-05  -1.10137866101901e-05
0.007597597597597597  -1.223375243784559e-05  -1.226431000173446e-05
0.007607607607607607  -1.348119800065838e-05  -1.351288257484802e-05
0.007617617617617618  -1.472651046201415e-05  -1.475930606478648e-05
0.007627627627627627  -1.596949277875488e-05  -1.600338254994788e-05
0.007637637637637637  -1.720994827641692e-05  -1.724491448295669e-05
0.007647647647647648  -1.844768068034934e-05  -1.848370472290645e-05
0.007657657657657658  -1.968249414677055e-05  -1.971955656747583e-05
0.007667667667667667  -2.091419329375665e-05  -2.095227378360906e-05
0.007677677677677678  -2.214258323215591e-05  -2.218166064028798e-05
0.007687687687687688  -2.336746959642532e-05  -2.34075219390964e-05
0.007697697697697697  -2.458865857538501e-05  -2.462966304624524e-05
0.007707707707707708  -2.580595694288509e-05  -2.584788992387445e-05
0.007717717717717718  -2.701917208837835e-05  -2.706200916124071e-05
0.007727727727727727  -2.822811204739704e-05  -2.827182800587319e-05
0.007737737737737738  -2.943258553192813e-05  -2.947715439460264e-05
0.007747747747747748  -3.063240196067837e-05  -3.06777969848765e-05
0.007757757757757757  -3.182737148923079e-05  -3.187356518505879e-05
0.007767767767767768  -3.301730504008369e-05  -3.306426918587398e-05
0.007777777777777778  -3.420201433256697e-05  -3.424971999035564e-05
0.007787787787787787  -3.538131191263388e-05  -3.542972944469629e-05
0.007797797797797798  -3.655501118252198e-05  -3.660411026857326e-05
0.007807807807807808  -3.772292643027698e-05  -3.777267608535422e-05
0.007817817817817818  -3.888487285913882e-05  -3.893524145201077e-05
0.007827827827827828  -4.004066661678037e-05  -4.009162188934858e-05
0.007837837837837838  -4.119012482439932e-05  -4.124163391137217e-05
0.007847847847847847  -4.233306560565341e-05  -4.238509505546486e-05
0.007857857857857857  -4.346930811543945e-05  -4.352182391104519e-05
0.007867867867867868  -4.459867256850772e-05  -4.46516401497442e-05
0.007877877877877878  -4.572098026790794e-05  -4.577436455375445e-05
0.007887887887887888  -4.6836053633266e-05  -4.688981904518856e-05
0.007897897897897898  -4.794371622888099e-05  -4.799782671445799e-05
0.007907907907907907  -4.904379279164198e-05  -4.909821184935769e-05
0.007917917917917917  -5.013610925876044e-05  -5.019079996275078e-05
0.007927927927927928  -5.12204927953115e-05  -5.127541782125402e-05
0.007937937937937938  -5.229677182158024e-05  -5.235189347302918e-05
0.007947947947947948  -5.336477604021229e-05  -5.342005627524797e-05
0.007957957957957958  -5.442433646315789e-05  -5.447973692199086e-05
0.007967967967967967  -5.547528543841162e-05  -5.553076747141481e-05
0.007977977977977977  -5.651745667653925e-05  -5.657298137266331e-05
0.007987987987987989  -5.755068527698903e-05  -5.760621349294361e-05
0.007997997997997998  -5.857480775418403e-05  -5.863030014404478e-05
0.008008008008008008  -5.95896620633898e-05  -5.964507910868287e-05
0.008018018018018018  -6.059508762635477e-05  -6.065038966672776e-05
0.008028028028028027  -6.159092535671798e-05  -6.164607262087356e-05
0.008038038038038037  -6.257701768518053e-05  -6.263197032261894e-05
0.008048048048048049  -6.355320858443841e-05  -6.360792669732619e-05
0.008058058058058058  -6.45193435938694e-05  -6.457378726945008e-05
0.008068068068068068  -6.547526984397349e-05  -6.552939918745395e-05
0.008078078078078078  -6.642083608056132e-05  -6.647461124815367e-05
0.008088088088088087  -6.735589268868657e-05  -6.740927392135873e-05
0.008098098098098097  -6.828029171631882e-05  -6.833323937365538e-05
0.008108108108108109  -6.919388689775473e-05  -6.92463614921589e-05
0.008118118118118118  -7.009653367675978e-05  -7.014849590806214e-05
0.008128128128128128  -7.098808922944282e-05  -7.103950001976743e-05
0.008138138138138138  -7.186841248685385e-05  -7.19192330157118e-05
0.008148148148148147  -7.273736415730482e-05  -7.278755589680563e-05
0.008158158158158157  -7.359480674841022e-05  -7.364433149918475e-05
0.008168168168168169  -7.444060458884196e-05  -7.448942451550756e-05
0.008178178178178178  -7.527462384979548e-05  -7.532270151690222e-05
0.008188188188188188  -7.609673256616669e-05  -7.614403097445154e-05
0.008198198198198198  -7.690680065743167e-05  -7.695328328001738e-05
0.008208208208208207  -7.770469994822877e-05  -7.775033076681579e-05
0.008218218218218219  -7.849030418864055e-05  -7.853504772986966e-05
0.008228228228228229  -7.926348907416851e-05  -7.930731044628034e-05
0.008238238238238238  -8.002413226540318e-05  -8.006699719445055e-05
0.008248248248248248  -8.07721134073807e-05  -8.081398827373986e-05
0.008258258258258258  -8.150731414862618e-05  -8.154816602330686e-05
0.008268268268268267  -8.222961815988086e-05  -8.226941484114641e-05
0.008278278278278279  -8.293891115250834e-05  -8.29776212017386e-05
0.008288288288288289  -8.363508089657763e-05  -8.367267367463677e-05
0.008298298298298298  -8.431801723862229e-05  -8.435446294173104e-05
0.008308308308308308  -8.498761211906864e-05  -8.502288181442621e-05
0.008318318318318318  -8.564375958933454e-05  -8.567782525097448e-05
0.008328328328328327  -8.628635582859311e-05  -8.631919037249732e-05
0.008338338338338339  -8.691529916019991e-05  -8.694687647935425e-05
0.008348348348348349  -8.753049006778127e-05  -8.756078506688685e-05
0.008358358358358358  -8.813183121098073e-05  -8.816081984088372e-05
0.008368368368368368  -8.871922744086039e-05  -8.874688673256817e-05
0.008378378378378378  -8.929258581495679e-05  -8.931889391311713e-05
0.008388388388388388  -8.98518156119867e-05  -8.98767518082326e-05
0.008398398398398399  -9.039682834620163e-05  -9.042037311164906e-05
0.008408408408408409  -9.09275377813889e-05  -9.094967279887613e-05
0.008418418418418418  -9.144385994451657e-05  -9.146456814026356e-05
0.008428428428428428  -9.194571313902051e-05  -9.19649787136834e-05
0.008438438438438438  -9.243301795773084e-05  -9.245082641681511e-05
0.008448448448448448  -9.290569729543624e-05  -9.292203547910368e-05
0.008458458458458459  -9.336367636108467e-05  -9.33785324732734e-05
0.008468468468468469  -9.380688268961661e-05  -9.382024632640294e-05
0.008478478478478478  -9.423524615343186e-05  -9.424710833074114e-05
0.008488488488488488  -9.464869897348526e-05  -9.46590521537873e-05
0.008498498498498498  -9.504717573001114e-05  -9.505601384854341e-05
0.008508508508508508  -9.543061337287484e-05  -9.543793186266779e-05
0.008518518518518519  -9.579895123154893e-05  -9.580474704775773e-05
0.008528528528528529  -9.615213102471256e-05  -9.615640266785692e-05
0.008538538538538538  -9.649009686947389e-05  -9.649284440792182e-05
0.008548548548548548  -9.681279529021188e-05  -9.681402038132068e-05
0.008558558558558558  -9.712017522703761e-05  -9.711988113773098e-05
0.008568568568568568  -9.741218804387359e-05  -9.741037966953412e-05
0.008578578578578579  -9.768878753614927e-05  -9.768547141899997e-05
0.008588588588588589  -9.794992993811166e-05  -9.794511428392638e-05
0.008598598598598598  -9.819557392975068e-05  -9.818926862375363e-05
0.008608608608608608  -9.842568064333687e-05  -9.841789726464041e-05
0.008618618618618618  -9.864021366957143e-05  -9.863096550427628e-05
0.008628628628628628  -9.883913906334727e-05  -9.882844111672797e-05
0.008638638638638639  -9.902242534911986e-05  -9.901029435598067e-05
0.008648648648648649  -9.919004352588771e-05  -9.917649795983962e-05
0.008658658658658658  -9.934196707178108e-05  -9.932702715312001e-05
0.008668668668668668  -9.947817194825853e-05  -9.946185965009102e-05
0.008678678678678678  -9.959863660391043e-05  -9.958097565710555e-05
0.008688688688688688  -9.970334197786901e-05  -9.96843578743336e-05
0.008698698698698699  -9.979227150282433e-05  -9.977199149726636e-05
0.008708708708708709  -9.986541110764565e-05  -9.984386421753381e-05
0.008718718718718719  -9.992274921960795e-05  -9.989996622396141e-05
0.008728728728728728  -9.9964276766223e-05  -9.994029020212133e-05
0.008738738738738738  -9.99899871766749e-05  -9.996483133456189e-05
0.008748748748748749  -9.999987638285974e-05  -9.997358729985793e-05
0.008758758758758759  -9.999394282002937e-05  -9.99665582713427e-05
0.008768768768768769  -9.997218742703888e-05  -9.99437469158852e-05
0.008778778778778779  -9.99346136461981e-05  -9.990515839177584e-05
0.008788788788788788  -9.988122742272692e-05  -9.98508003461126e-05
0.008798798798798798  -9.981203720381464e-05  -9.978068291197656e-05
0.008808808808808809  -9.972705393728327e-05  -9.96948187054233e-05
0.008818818818818819  -9.962629106985543e-05  -9.959322282137511e-05
0.008828828828828829  -9.950976454502661e-05  -9.947591282982686e-05
0.008838838838838839  -9.937749280054242e-05  -9.934290877103795e-05
0.008848848848848848  -9.922949676548138e-05  -9.919423315058904e-05
0.008858858858858858  -9.90657998569432e-05  -9.902991093397493e-05
0.008868868868868869  -9.888642797634355e-05  -9.884996954077468e-05
0.008878878878878879  -9.8691409505316e-05  -9.865443883829812e-05
0.008888888888888889  -9.848077530122081e-05  -9.844335113497291e-05
0.008898898898898899  -9.825455869226278e-05  -9.821674117321689e-05
0.008908908908908908  -9.801279547221767e-05  -9.79746461218196e-05
0.008918918918918918  -9.775552389476866e-05  -9.771710556806689e-05
0.008928928928928929  -9.748278466745341e-05  -9.744416150936195e-05
0.008938938938938939  -9.719462094522337e-05  -9.71558583443983e-05
0.008948948948948949  -9.689107832361495e-05  -9.685224286393442e-05
0.008958958958958959  -9.657220483153548e-05  -9.65333642413176e-05
0.008968968968968968  -9.623805092366339e-05  -9.619927402223469e-05
0.008978978978978978  -9.588866947246499e-05  -9.585002611464266e-05
0.00898898898898899  -9.552411575982869e-05  -9.548567677741228e-05
0.008998998998998999  -9.514444746831768e-05  -9.510628460961167e-05
0.009009009009009009  -9.474972467204298e-05  -9.471191053846941e-05
0.009019019019019019  -9.434000982715815e-05  -9.430261780759994e-05
0.009029029029029028  -9.391536776197683e-05  -9.387847196446524e-05
0.009039039039039038  -9.347586566671513e-05  -9.343954084740195e-05
0.00904904904904905  -9.302157308286044e-05  -9.298589457270266e-05
0.009059059059059059  -9.255256189216777e-05  -9.251760552070704e-05
0.009069069069069069  -9.206890630528631e-05  -9.203474832195449e-05
0.009079079079079079  -9.157068285001696e-05  -9.153739984276175e-05
0.009089089089089088  -9.105797035920357e-05  -9.102563917051209e-05
0.009099099099099098  -9.053084995825973e-05  -9.049954759835868e-05
0.00910910910910911  -8.998940505233177e-05  -8.995920860982838e-05
0.009119119119119119  -8.943372131310271e-05  -8.940470786296011e-05
0.009129129129129129  -8.886388666523562e-05  -8.883613317389517e-05
0.009139139139139139  -8.827999127246195e-05  -8.825357450035449e-05
0.009149149149149148  -8.76821275233154e-05  -8.765712392464975e-05
0.009159159159159158  -8.707039001651284e-05  -8.704687563625715e-05
0.00916916916916917  -8.644487554598645e-05  -8.642292591419127e-05
0.009179179179179179  -8.580568308556875e-05  -8.578537310888208e-05
0.009189189189189189  -8.515291377333119e-05  -8.51343176237732e-05
0.009199199199199199  -8.44866708955818e-05  -8.446986189660279e-05
0.009209209209209208  -8.38070598705227e-05  -8.379211038026015e-05
0.009219219219219218  -8.311418823156948e-05  -8.310116952333867e-05
0.00922922922922923  -8.240816561033641e-05  -8.239714775043869e-05
0.009239239239239239  -8.168910371929057e-05  -8.168015544196663e-05
0.009249249249249249  -8.095711633407438e-05  -8.095030491382397e-05
0.009259259259259259  -8.021231927550443e-05  -8.020771039645007e-05
0.009269269269269268  -7.945483039124446e-05  -7.945248801406987e-05
0.00927927927927928  -7.868476953715894e-05  -7.86847557629448e-05
0.00928928928928929  -7.790225855834912e-05  -7.790463348995744e-05
0.009299299299299299  -7.710742126987241e-05  -7.711224287051591e-05
0.009309309309309309  -7.630038343715273e-05  -7.630770738613632e-05
0.009319319319319319  -7.548127275607996e-05  -7.54911523020787e-05
0.009329329329329328  -7.465021883280521e-05  -7.466270464421907e-05
0.00933933933933934  -7.380735316323387e-05  -7.382249317602648e-05
0.00934934934934935  -7.295280911221886e-05  -7.29706483750387e-05
0.009359359359359359  -7.208672189245848e-05  -7.210730240907148e-05
0.009369369369369369  -7.120922854310258e-05  -7.12325891123391e-05
0.009379379379379379  -7.03204679080685e-05  -7.034664396092391e-05
0.009389389389389389  -6.942058061407231e-05  -6.944960404855109e-05
0.0093993993993994  -6.850970904837808e-05  -6.854160806144301e-05
0.00940940940940941  -6.758799733626784e-05  -6.762279625346939e-05
0.009419419419419419  -6.66555913182372e-05  -6.669331042075851e-05
0.009429429429429429  -6.571263852691892e-05  -6.575329387612879e-05
0.009439439439439439  -6.475928816373942e-05  -6.480289142325835e-05
0.009449449449449449  -6.379569107531127e-05  -6.384224933071489e-05
0.00945945945945946  -6.282199972956412e-05  -6.287151530559388e-05
0.00946946946946947  -6.183836819162149e-05  -6.189083846713596e-05
0.009479479479479479  -6.084495209942174e-05  -6.090036931992015e-05
0.009489489489489489  -5.984190863909265e-05  -5.990025972687911e-05
0.009499499499499499  -5.882939652008056e-05  -5.88906628823846e-05
0.009509509509509509  -5.78075759500372e-05  -5.787173328465678e-05
0.00951951951951952  -5.67766086094707e-05  -5.684362670841186e-05
0.00952952952952953  -5.57366576261642e-05  -5.580650017695592e-05
0.009539539539539539  -5.46878875493628e-05  -5.476051193444608e-05
0.009549549549549549  -5.363046432373825e-05  -5.370582141763796e-05
0.009559559559559559  -5.256455526313215e-05  -5.264258922764626e-05
0.009569569569569569  -5.149032902408143e-05  -5.157097710160141e-05
0.00957957957957958  -5.04079555791324e-05  -5.049114788389112e-05
0.00958958958958959  -4.931760618994746e-05  -4.940326549740783e-05
0.009599599599599599  -4.821945338020472e-05  -4.830749491470392e-05
0.009609609609609609  -4.711367090830182e-05  -4.720400212885072e-05
0.009619619619619619  -4.600043373986122e-05  -4.60929541242158e-05
0.009629629629629629  -4.487991802004627e-05  -4.497451884712956e-05
0.00963963963963964  -4.375230104569041e-05  -4.384886517644877e-05
0.00964964964964965  -4.261776123724343e-05  -4.271616289374597e-05
0.009659659659659659  -4.147647811054069e-05  -4.157658265386294e-05
0.009669669669669669  -4.03286322483982e-05  -4.043029595482683e-05
0.009679679679679679  -3.917440527203974e-05  -3.927747510803102e-05
0.009689689689689689  -3.801397981235976e-05  -3.811829320812288e-05
0.0096996996996997  -3.684753948102501e-05  -3.695292410285274e-05
0.00970970970970971  -3.567526884142312e-05  -3.578154236290628e-05
0.00971971971971972  -3.449735337945908e-05  -3.46043232514632e-05
0.009729729729729729  -3.331397947420588e-05  -3.342144269387792e-05
0.009739739739739739  -3.212533436841441e-05  -3.223307724710378e-05
0.00974974974974975  -3.093160613888685e-05  -3.103940406937743e-05
0.00975975975975976  -2.973298366671712e-05  -2.984060088934555e-05
0.00976976976976977  -2.852965660740495e-05  -2.863684597552868e-05
0.00977977977977978  -2.732181536084666e-05  -2.742831810568561e-05
0.009789789789789789  -2.610965104120881e-05  -2.621519653591061e-05
0.009799799799799799  -2.489335544668925e-05  -2.499766097001551e-05
0.00980980980980981  -2.367312102916798e-05  -2.377589152856718e-05
0.00981981981981982  -2.244914086375718e-05  -2.255006871815144e-05
0.00982982982982983  -2.122160861825081e-05  -2.132037340048366e-05
0.00983983983983984  -1.999071852248057e-05  -2.008698676146841e-05
0.009849849849849849  -1.875666533758374e-05  -1.885009028051682e-05
0.009859859859859859  -1.751964432518702e-05  -1.760986569944793e-05
0.00986986986986987  -1.62798512165093e-05  -1.636649499172667e-05
0.00987987987987988  -1.503748218139364e-05  -1.5120160331671e-05
0.00988988988988989  -1.379273379726542e-05  -1.387104406342356e-05
0.0098998998998999  -1.254580301802958e-05  -1.261932867025395e-05
0.009909909909909909  -1.129688714290736e-05  -1.136519674386761e-05
0.009919919919919919  -1.004618378521696e-05  -1.01088309534679e-05
0.00992992992992993  -8.793890841106037e-06  -8.850414015056137e-06
0.00993993993993994  -7.540206458240167e-06  -7.590128660953653e-06
0.00994994994994995  -6.285329004448121e-06  -6.328157608959813e-06
0.00995995995995996  -5.02945703633664e-06  -5.064683531962415e-06
0.009969969969969969  -3.772789267871835e-06  -3.799889027399511e-06
0.009979979979979979  -2.51552453893762e-06  -2.533956586732316e-06
0.00998998998998999  -1.257861783874059e-06  -1.267068565316999e-06
0.01  -4.898587196589413e-20  5.928480518644646e-10
