1
101
201
301
401
501
601
701
801
901
1000
8001
8101
8201
8301
8401
8501
8601
8701
8801
8901
9000
72001
72101
72201
72301
72401
72501
72601
72701
72801
72901
73000
80001
80101
80201
80301
80401
80501
80601
80701
80801
80901
81000
2001
2103
2205
2308
2410
2514
2616
2720
2823
2926
4001
4104
4206
4307
4409
4512
4614
4716
4820
4922
6001
6104
6208
6309
6411
6513
6616
6719
6824
6926
12975
12051
14976
18001
18103
12256
18206
18310
18413
18516
12359
14770
18620
18724
18826
18928
20109
14052
20001
20305
12463
12770
12565
14156
20618
20822
14357
14460
14562
22618
14873
23238
14666
24001
16051
25133
20408
20510
10051
20719
20924
22001
22102
22409
22512
22819
22920
24405
24507
24610
25238
24712
24816
24922
26001
10253
26000
26317
26417
26523
26623
26726
26827
28048
28153
28565
12667
28254
28359
28978
30159
30981
30051
28460
28668
28771
28873
31289
31701
30562
32050
32975
30455
30868
33292
32152
32454
32559
32867
34049
35179
34870
35948
12872
34461
36001
36103
36204
36305
36407
36509
36610
36713
36818
36920
38001
38101
38204
38305
38406
38509
38615
38715
38817
38921
40369
40001
40102
40205
12154
40500
40613
40779
40914
42001
10356
42101
42202
34666
42368
42507
42608
42712
42813
42916
43996
44001
44101
44256
44356
44508
44608
44710
44811
46000
48971
46048
46149
46254
46354
46454
46555
46660
46761
46864
48046
48149
48250
48448
48552
48659
48861
50045
50148
50251
50415
50555
50657
50855
50966
52048
52149
52299
52410
52551
52655
52756
52862
53943
54201
54001
54606
57335
54101
54301
54401
54501
54706
54806
54907
56001
56196
56496
56598
56915
56704
56806
58001
58101
58494
58710
58201
58604
58906
59327
60472
60001
60198
60597
60700
60802
60913
61989
62001
62102
62201
62343
62460
62598
62698
62799
65081
65276
65383
64550
65993
64651
66543
64752
66856
64852
66647
67279
66752
67384
67985
68046
68147
68538
68649
68847
69275
69376
10153
70047
70148
70546
70749
70646
74001
70850
74161
74463
74700
10458
74803
74908
74594
75326
76001
76101
76200
76465
76585
76692
76797
76904
77321
78001
78457
78102
78591
78692
78797
78896
78995
10559
10661
16355
16457
34563
34765
20207
16561
16662
60098
78200
68748
10763
58807
10864
16764
16864
10965
50752
48754
64149
64451
66149
30357
30769
32769
70443
55982
75975
66450
34367
32359
64016
66016
68447
41000
49311
62885
32645
30646
70934
68931
41305
64330
22185
16947
16185
24184
23000
26083
24083
44893
15259
70325
73251
17251
30240
64933
39000
79252
71252
61251
5257
68227
63251
27
8069
8007
80122
431
8680
72063
738
72634
482
80032
124
171
220
72953
839
8022
72131
80217
80429
531
8577
74
787
8380
8277
72679
586
80483
8036
80074
342
72735
886
8540
140
686
72179
80836
80169
8634
72437
8226
72265
72575
90
72424
72479
8958
14
232
8334
941
376
72037
72525
8787
323
390
72116
8847
271
80058
8736
8116
80822
442
72881
80721
72786
545
283
80628
749
80568
989
80188
80090
80670
80391
