t  x_1  x_2
0  0  -2.190244611101202e-10
5.005005005005005e-05  0.189430007434206  0.190883033787639
0.0001001001001001001  0.3788132592611123  0.3815803020164989
0.0001501501501501502  0.5681047150247104  0.5720509847483281
0.0002002002002002002  0.7572558803806604  0.7622541686902474
0.0002502502502502502  0.9462198798985075  0.952148857972006
0.0003003003003003003  1.134949965928785  1.141693985215725
0.0003503503503503504  1.323399466456817  1.330848422659243
0.0004004004004004004  1.511521785292686  1.519570993344453
0.0004504504504504505  1.699270409931316  1.707820482359697
0.0005005005005005005  1.886598921623227  1.895555648130463
0.0005505505505505506  2.073461006215495  2.082735233763639
0.0006006006006006007  2.259810465290319  2.269317978433075
0.0006506506506506507  2.445601227421737  2.455262628801659
0.0007007007007007008  2.630787359472855  2.640527950492328
0.0007507507507507507  2.815323077896791  2.825072739576481
0.0008008008008008008  2.999162760021654  3.00885583410298
0.0008508508508508509  3.182260955307942  3.191836125651272
0.0009009009009009009  3.364572396570781  3.373972570898105
0.000950950950950951  3.546052011161443  3.555224203212956
0.001001001001001001  3.726654932103759  3.73555014426081
0.001051051051051051  3.906336509181659  3.914909615616575
0.001101101101101101  4.08505231997442  4.093261950385175
0.001151151151151151  4.262758180836563  4.270566604824806
0.001201201201201201  4.439410157819339  4.446783169967486
0.001251251251251251  4.614964577530953  4.621871383238137
0.001301301301301301  4.789378037932711  4.795791140054494
0.001351351351351351  4.962607419068336  4.968502505425539
0.001401401401401402  5.134609893723714  5.139965725523834
0.001451451451451452  5.305342938014426  5.310141239240794
0.001501501501501501  5.474764341898383  5.478989689716733
0.001551551551551552  5.642832219610966  5.646471935838576
0.001601601601601602  5.809505020020037  5.812549063707581
0.001651651651651652  5.974741536898295  5.977182398070367
0.001701701701701702  6.138500919110384  6.140333513707975
0.001751751751751752  6.30074268071226  6.301964246776018
0.001801801801801802  6.4614267109603  6.462036706104319
0.001851851851851852  6.620513284227625  6.62051328444113
0.001901901901901902  6.777963069825311  6.777356669635093
0.001951951951951952  6.933737141725897  6.932529855764204
0.002002002002002002  7.087796988186911  7.085996154198239
0.002052052052052052  7.24010452127195  7.237719204590213
0.002102102102102102  7.390622086267022  7.387662985801429
0.002152152152152152  7.539312470989756  7.535791826749419
0.002202202202202202  7.686138914989249  7.682070417171213
0.002252252252252252  7.831065118634204  7.826463818310215
0.002302302302302303  7.974055252087159  7.968937473515076
0.002352352352352352  8.115073964162573  8.109457218745076
0.002402402402402403  8.254086391066597  8.247989292984244
0.002452452452452453  8.391058165016293  8.384500348556202
0.002502502502502502  8.525955422736303  8.518957461339067
0.002552552552552553  8.65874481383076  8.651328140875234
0.002602602602602603  8.789393509028345  8.781580340370061
0.002652652652652653  8.917869208298635  8.909682466584561
0.002702702702702703  9.044140148837476  9.035603389606569
0.002752752752752753  9.168175112919645  9.159312452503853
0.002802802802802803  9.28994343561668  9.280779480865366
0.002852852852852853  9.409415012378082  9.399974792196069
0.002902902902902903  9.526560306473995  9.516869205208753
0.002952952952952953  9.641350356297437  9.631434048959344
0.003003003003003003  9.753756782524427  9.743641171869061
0.003053053053053053  9.863751795130099  9.853462950588872
0.003103103103103103  9.971308200259141  9.960872298737256
0.003153153153153153  10.07639940694887  10.06584267548334
0.003203203203203203  10.1789994337032  10.16834809399335
0.003253253253253253  10.27908291491602  10.26836312971108
0.003303303303303304  10.37662510714221  10.36586292850139
0.003353353353353353  10.47160189521489  10.46082321462975
0.003403403403403404  10.56398979820739  10.55322029857829
0.003453453453453454  10.65376597523828  10.64303108471156
0.003503503503503503  10.74090823111835  10.7302330787674
0.003553553553553554  10.8253950218378  10.81480439518623
0.003603603603603604  10.90720545989252  10.89672376427042
0.003653653653653654  10.98631931944801  10.97597053917156
0.003703703703703704  11.06271704133981  11.05252470270166
0.003753753753753754  11.13637973790902  11.12636687396603
0.003803803803803804  11.20728919767183  11.19747831482554
0.003853853853853854  11.27542788982191  11.26584093616539
0.003903903903903904  11.34077896856451  11.33143730399051
0.003953953953953955  11.40332627728116  11.39425064532904
0.004004004004004004  11.46305435252402  11.45426485395258
0.004054054054054054  11.51994842783892  11.51146449589971
0.004104104104104105  11.57399443741597  11.56583481482127
0.004154154154154154  11.625179019567  11.61736173711273
0.004204204204204204  11.67348952002901  11.6660318768721
0.004254254254254255  11.71891399509253  11.71183254064453
0.004304304304304304  11.76144121455452  11.75475173197625
0.004354354354354354  11.80106066449474  11.79477815576968
0.004404404404404405  11.83776254987507  11.83190122243183
0.004454454454454455  11.87153779696114  11.86611105182155
0.004504504504504504  11.90237805556556  11.89739847699476
0.004554554554554555  11.93027570111235  11.92575504774194
0.004604604604604605  11.95522383652189  11.95117303391672
0.004654654654654655  11.97721629391614  11.97364542856263
0.004704704704704705  11.99624763614342  11.99316595082341
0.004754754754754755  12.01231315812269  12.00972904865049
0.004804804804804805  12.02540888800674  12.02332990129169
0.004854854854854855  12.03553158816415  12.03396442157538
0.004904904904904905  12.04267875584179  12.04162925797949
0.004954954954954956  12.04684862456103  12.04632179648648
0.005005005005005005  12.04804016274387  12.04804016222433
0.005055055055055055  12.04625307620049  12.04678322089297
0.005105105105105106  12.04148780677651  12.04255057998195
0.005155155155155155  12.03374553220904  12.03534258976355
0.005205205205205205  12.02302816699668  12.02516034407503
0.005255255255255256  12.00933836063654  12.01200568088669
0.005305305305305306  11.99267949763186  11.99588118265353
0.005355355355355355  11.97305569651985  11.97679017644791
0.005405405405405406  11.95047180885347  11.95473673387836
0.005455455455455456  11.92493341800197  11.9297256707935
0.005505505505505505  11.89644683777056  11.90176254677049
0.005555555555555556  11.86501911083945  11.87085366438411
0.005605605605605606  11.8306580070227  11.83700606826509
0.005655655655655656  11.79337202134733  11.80022754394253
0.005705705705705706  11.75317037195313  11.76052661647019
0.005755755755755756  11.71006299781362  11.71791254884072
0.005805805805805806  11.66406055627896  11.67239534018444
0.005855855855855856  11.61517442044111  11.62398572376069
0.005905905905905906  11.56341667632209  11.57269516472875
0.005955955955955957  11.508800119886  11.51853585771785
0.006006006006006006  11.45133825387553  11.46152072417657
0.006056056056056056  11.39104528447368  11.40166340952075
0.006106106106106107  11.32793611779163  11.33897828007034
0.006156156156156156  11.26202635618354  11.27348041978053
0.006206206206206206  11.19333229438922  11.20518562675998
0.006256256256256257  11.12187091550565  11.13411040959622
0.006306306306306307  11.04765988678828  11.06027198346593
0.006356356356356356  10.97071755528318  10.9836882660519
0.006406406406406407  10.89106294329122  10.90437787325151
0.006456456456456457  10.80871574366518  10.82236011469247
0.006506506506506506  10.72369631494117  10.73765498904478
0.006556556556556557  10.63602567630543  10.65028317914292
0.006606606606606607  10.54572550239785  10.56026604690879
0.006656656656656657  10.45281811795339  10.46762562808211
0.006706706706706707  10.35732649228278  10.37238462676112
0.006756756756756757  10.25927423359393  10.27456640975709
0.006806806806806807  10.15868558315528  10.17419500075219
0.006856856856856857  10.05558540930276  10.07129507428314
0.006906906906906907  9.949999201291634  9.965891949535221
0.006956956956956958  9.841953062994845  9.858011583954278
0.007007007007007007  9.731473706449458  9.747680566684892
0.007057057057057057  9.618588445252707  9.634926111824672
0.007107107107107108  9.503325187809319  9.519776051511796
0.007157157157157158  9.385712430431823  9.402258828831295
0.007207207207207207  9.265779250295454  9.282403490559792
0.007257257257257258  9.143555298249503  9.160239679735083
0.007307307307307308  9.019070791486811  9.035797628065408
0.007357357357357357  8.89235650607325  8.909108148175431
0.007407407407407408  8.763443769339053  8.780202625688123
0.007457457457457458  8.632364452133819  8.649113011154006
0.007507507507507507  8.499150960947196  8.515871811821121
0.007557557557557558  8.363836229897073  8.380512083255633
0.007607607607607608  8.226453712587379  8.243067420809142
0.007657657657657658  8.08703737383745  8.103571950945785
0.007707707707707708  7.945621681284959  7.962060322414199
0.007757757757757758  7.802241596864582  7.818567697288326
0.007807807807807808  7.656932568164442  7.673129741864773
0.007857857857857859  7.50973051966248  7.525782617423712
0.007907907907907909  7.360671843844915  7.376562970860707
0.007957957957957958  7.20979339220904  7.225507925184472
0.008008008008008008  7.057132466152441  7.072655069890375
0.008058058058058058  6.90272680775111  6.918042451208666
0.008108108108108109  6.746614590428494  6.761708562234149
0.008158158158158159  6.588834409517958  6.603692332934952
0.008208208208208209  6.429425272720903  6.444033120049011
0.008258258258258259  6.268426590462953  6.282770696865825
0.008308308308308308  6.105878166150537  6.119945242907343
0.008358358358358358  5.941820186330308  5.955597333491477
0.008408408408408409  5.776293210753852  5.789767929206631
0.008458458458458459  5.609338162350059  5.622498365276319
0.008508508508508509  5.440996317107737  5.453830340835117
0.00855855855855856  5.271309293870847  5.283805908111931
0.008608608608608608  5.100319044048996  5.112467461519801
0.008658658658658658  4.92806784124559  4.939857726659932
0.008708708708708709  4.754598270806347  4.766019749253826
0.008758758758758759  4.579953219290599  4.590996883978021
0.008808808808808809  4.404175863868024  4.414832783242206
0.00885885885885886  4.227309661643415  4.237571385875444
0.00890890890890891  4.049398338912029  4.059256905762106
0.008958958958958959  3.870485880348164  3.879933820396716
0.009009009009009009  3.690616518129463  3.699646859386955
0.009059059059059059  3.509834720999655  3.518440992889294
0.00910910910910911  3.328185183272066  3.336361419991163
0.00915915915915916  3.145712813776506  3.153453557047095
0.00920920920920921  2.962462724751758  2.969763025955597
0.00925925925925926  2.778480220685803  2.785335642397673
0.009309309309309309  2.593810787105591  2.600217404027025
0.009359359359359359  2.408500079317328  2.414454478630509
0.00940940940940941  2.222593911097535  2.228093192239164
0.00945945945945946  2.036138243332616  2.041180017220956
0.00950950950950951  1.849179172601086  1.853761560337808
0.009559559559559561  1.661762919684371  1.665884550773795
0.009609609609609611  1.473935817974889  1.477595828148556
0.009659659659659659  1.285744301709653  1.288942330506184
0.00970970970970971  1.097234893855404  1.099971082293138
0.00975975975975976  0.9084541931783473  0.9107291823173747
0.00980980980980981  0.719448859063918  0.7212637917074826
0.009859859859859861  0.5302655886332529  0.5316221218565181
0.009909909909909911  0.3409510415031286  0.3418514223704254
0.00995995995995996  0.1515503246416264  0.1519989690171022
0.01001001001001001  -0.03788365490298666  -0.03788794832528331
0.01006006006006006  -0.2273101177716458  -0.2277620377094898
0.01011011011011011  -0.4166802502287394  -0.4175760171457382
0.01016016016016016  -0.6059475386740438  -0.6072826266240479
0.01021021021021021  -0.7950650652193361  -0.7968346401098745
0.01026026026026026  -0.9839860455315408  -0.9861848775235804
0.01031031031031031  -1.172663761362224  -1.175286216698378
0.01036036036036036  -1.36105156066231  -1.364091605308437
0.01041041041041041  -1.549102865623279  -1.552554072768483
0.01046046046046046  -1.736771182866595  -1.74062674209989
0.01051051051051051  -1.924010114358032  -1.928262841766222
0.01056056056056056  -2.11077336859704  -2.115415717458285
0.01061061061061061  -2.297014771913017  -2.302038843850937
0.01066066066066066  -2.482688279797682  -2.488085836305779
0.01071071071071071  -2.667747988239441  -2.6735104625285
0.01076076076076076  -2.852148145041804  -2.858266654177132
0.01081081081081081  -3.035843161115193  -3.042308518413743
0.01086086086086086  -3.218787621735027  -3.225590349403119
0.01091091091091091  -3.400936297760747  -3.408066639745975
0.01096096096096096  -3.582244156811701  -3.589692091858523
0.01101101101101101  -3.762666374396066  -3.770421629278778
0.01106106106106106  -3.942158344989565  -3.950210407908191
0.01111111111111111  -4.120675693060901  -4.129013827184515
0.01116116116116116  -4.298174284040892  -4.306787541178545
0.01121121121121121  -4.474610235232436  -4.483487469616124
0.01126126126126126  -4.649939926658538  -4.659069808820407
0.01131131131131131  -4.824120011845566  -4.833491042574858
0.01136136136136136  -4.997107428539122  -5.006707952898528
0.01141141141141141  -5.168859409349673  -5.178677630740626
0.01146146146146146  -5.339333492325443  -5.349357486579753
0.01151151151151151  -5.508487531449899  -5.518705260937676
0.01156156156156156  -5.676279707061104  -5.686679034793343
0.01161161161161161  -5.842668536190504  -5.853237239905563
0.01166166166166166  -6.007612882818444  -6.018338669033938
0.01171171171171171  -6.17107196804401  -6.181942486060274
0.01176176176176176  -6.333005380166531  -6.344008236005053
0.01181181181181181  -6.493373084676391  -6.504495854940335
0.01186186186186186  -6.652135434152535  -6.663365679791732
0.01191191191191191  -6.809253178064351  -6.820578458035767
0.01196196196196196  -6.964687472475385  -6.976095357277248
0.01201201201201201  -7.118399889646576  -7.129877974718066
0.01206206206206206  -7.270352427536604  -7.281888346509154
0.01211211211211211  -7.420507519196982  -7.432088956980208
0.01216216216216216  -7.568828042059587  -7.580442747752472
0.01221221221221221  -7.715277327114364  -7.726913126726855
0.01226226226226226  -7.859819167974847  -7.871463976948819
0.01231231231231231  -8.002417829829351  -8.014059665347212
0.01236236236236236  -8.143038058275597  -8.154665051342388
0.01241241241241241  -8.281645088036495  -8.293245495326232
0.01246246246246246  -8.418204651555072  -8.42976686701099
0.01251251251251251  -8.552682987466342  -8.564195553642092
0.01256256256256256  -8.685046848944001  -8.696498468077412
0.01261261261261261  -8.815263511919932  -8.826643056728889
0.01266266266266266  -8.943300783174493  -8.954597307365031
0.01271271271271271  -9.069127008295533  -9.080329756775644
0.01276276276276276  -9.192711079504223  -9.203809498289656
0.01281281281281281  -9.314022443345715  -9.325006189154122
0.01286286286286286  -9.433031108242805  -9.44389005776925
0.01291291291291291  -9.54970765191063  -9.560431910769523
0.01296296296296296  -9.664023228630683  -9.674603139967809
0.01301301301301301  -9.775949576382226  -9.786375729141838
0.01306306306306306  -9.885459023829451  -9.895722260673766
0.01311311311311311  -9.992524497162533  -10.00261592203969
0.01316316316316316  -10.09711952679106  -10.10703051214152
0.01321321321321321  -10.19921825388798  -10.20894044748938
0.01326326326326326  -10.29879543678265  -10.30832076822646
0.01331331331331331  -10.39582645720121  -10.40514714399852
0.01336336336336336  -10.49028732635294  -10.49939587966033
0.01341341341341341  -10.58215469086087  -10.59104392083735
0.01346346346346346  -10.67140583853542  -10.68006885930918
0.01351351351351351  -10.75801870398944  -10.76644893824665
0.01356356356356356  -10.84197187409338  -10.85016305728155
0.01361361361361361  -10.92324459326918  -10.93119077741637
0.01366366366366366  -11.00181676862162  -11.00951232576567
0.01371371371371371  -11.07766897490583  -11.08510860014041
0.01376376376376376  -11.15078245932973  -11.15796117345994
0.01381381381381381  -11.22113914619022  -11.22805229800483
0.01386386386386386  -11.28872164134199  -11.29536490949856
0.01391391391391392  -11.35351323649782  -11.35988263102524
0.01396396396396397  -11.4154979133593  -11.4215897767759
0.01401401401401401  -11.47466034757705  -11.48047135563057
0.01406406406406406  -11.53098591253922  -11.53651307456756
0.01411411411411411  -11.58446068298765  -11.58970134190554
0.01416416416416416  -11.63507143846055  -11.64002327037541
0.01421421421421422  -11.68280566656097  -11.68746668002025
0.01426426426426427  -11.72765156605016  -11.73202010092528
0.01431431431431432  -11.76959804976521  -11.77367277577789
0.01436436436436436  -11.80863474736003  -11.81241466225222
0.01441441441441441  -11.84475200786926  -11.84823643522536
0.01446446446446446  -11.87794090209419  -11.88112948881905
0.01451451451451452  -11.9081932248103  -11.91108593827167
0.01456456456456457  -11.93550149679585  -11.93809862163112
0.01461461461461462  -11.95985896668091  -11.96216110128382
0.01466466466466467  -11.9812596126165  -11.98326766530296
0.01471471471471471  -11.99969814376336  -12.0014133286259
0.01476476476476477  -12.01517000159994  -12.01659383406025
0.01481481481481482  -12.02767136104946  -12.02880565311438
0.01486486486486487  -12.03719913142552  -12.03804598665404
0.01491491491491492  -12.04375095718382  -12.04431276538821
0.01496496496496497  -12.04732521857101  -12.04760465018025
0.01501501501501501  -12.04792103191766  -12.04792103218361
0.01506506506506507  -12.04553824973757  -12.04526203280876
0.01511511511511512  -12.04017746145992  -12.03962850351552
0.01516516516516517  -12.03183999226175  -12.03102202542776
0.01521521521521522  -12.02052790333319  -12.01944490878591
0.01526526526526527  -12.00624399139205  -12.00490019221819
0.01531531531531532  -11.98899178782112  -11.98739164184216
0.01536536536536537  -11.96877555784807  -11.9669237501971
0.01541541541541542  -11.94560029949084  -11.94350173500378
0.01546546546546547  -11.91947174232214  -11.91713153775079
0.01551551551551552  -11.89039634605281  -11.8878198221147
0.01556556556556557  -11.85838129893491  -11.85557397220724
0.01561561561561562  -11.82343451598451  -11.82040209065443
0.01566566566566567  -11.78556463702497  -11.78231299650453
0.01571571571571572  -11.74478102455085  -11.74131622297177
0.01576576576576577  -11.70109376141328  -11.69742201500619
0.01581581581581582  -11.65451364832729  -11.65064132670217
0.01586586586586586  -11.60505220120141  -11.60098581853601
0.01591591591591592  -11.55272164829078  -11.54846785444064
0.01596596596596597  -11.49753492717392  -11.49310049871264
0.01601601601601602  -11.43950568155425  -11.43489751275587
0.01606606606606607  -11.37864825788694  -11.37387335166154
0.01611611611611612  -11.31497770183211  -11.31004316062552
0.01616616616616617  -11.24850975453519  -11.24342277120243
0.01621621621621622  -11.17926084873515  -11.17402869739887
0.01626626626626627  -11.10724810470205  -11.10187813160869
0.01631631631631632  -11.03248932600427  -11.0269889403834
0.01636636636636637  -10.95500299510712  -10.94937966005176
0.01641641641641642  -10.87480826880344  -10.86906949217367
0.01646646646646647  -10.79192497347746  -10.78607829884528
0.01651651651651652  -10.70637360020326  -10.70042659784166
0.01656656656656657  -10.61817529967877  -10.61213555761084
0.01661661661661662  -10.52735187699679  -10.52122699211245
0.01666666666666667  -10.43392578625413  -10.42772335550218
0.01671671671671672  -10.33792012500034  -10.33164773667003
0.01676676676676677  -10.23935862852748  -10.23302385362441
0.01681681681681682  -10.13826566400195  -10.13187604773004
0.01686686686686687  -10.03466622444039  -10.0282292777988
0.01691691691691692  -9.928585922530665  -9.922109114032553
0.01696696696696697  -9.820050984299732  -9.813541731824875
0.01701701701701702  -9.709088242629862  -9.702553905416986
0.01706706706706707  -9.595725130624787  -9.589173001410394
0.01711711711711712  -9.479989674827548  -9.473426972144054
0.01716716716716717  -9.361910488291507  -9.355344348927019
0.01721721721721722  -9.241516763506459  -9.234954235137717
0.01726726726726727  -9.11883826518147  -9.112286299185302
0.01731731731731732  -8.99390532288615  -8.987370767334951
0.01736736736736737  -8.866748823552493  -8.860238416403359
0.01741741741741742  -8.737400203838607  -8.7309205663221
0.01746746746746747  -8.605891442356882  -8.599449072567168
0.01751751751751752  -8.472255051767913  -8.465856318468006
0.01756756756756757  -8.336524070742454  -8.330175207382016
0.01761761761761762  -8.19873205579348  -8.192439154749369
0.01766766766766767  -8.058913072979907  -8.05268208002385
0.01771771771771772  -7.917101689484714  -7.91093839847962
0.01776776776776777  -7.77333296506887  -7.767243012903827
0.01781781781781782  -7.627642443403613  -7.621631305164492
0.01786786786786787  -7.480066143283117  -7.47413912767053
0.01791791791791792  -7.33064054971959  -7.32480279470975
0.01796796796796797  -7.179402604923204  -7.173659073679204
0.01801801801801802  -7.026389699168927  -7.02074517620655
0.01806806806806807  -6.871639661552619  -6.866098749158589
0.01811811811811812  -6.71519075063866  -6.709757865546762
0.01816816816816817  -6.55708164500121  -6.551761015329036
0.01821821821821822  -6.397351433661989  -6.392147096104522
0.01826826826826827  -6.23603960642611  -6.230955403714542
0.01831831831831832  -6.073186044119269  -6.068225622740249
0.01836836836836837  -5.908831008727935  -5.903997816906375
0.01841841841841842  -5.743015133445413  -5.73831241939108
0.01846846846846847  -5.575779412626166  -5.571210223043244
0.01851851851851852  -5.407165191650682  -5.402732370510208
0.01856856856856857  -5.237214156703725  -5.232920344278332
0.01861861861861862  -5.065968324468098  -5.061815956629172
0.01866866866866867  -4.893470031736769  -4.889461339509636
0.01871871871871872  -4.719761924945914  -4.715898934325387
0.01876876876876877  -4.544886949630997  -4.541171481652161
0.01881881881881882  -4.368888339809303  -4.365322010875199
0.01886886886886887  -4.191809607290532  -4.188393829748733
0.01891891891891892  -4.013694530919023  -4.010430513890454
0.01896896896896897  -3.834587145749528  -3.831475896202799
0.01901901901901902  -3.654531732159332  -3.651574056229439
0.01906906906906907  -3.473572804899689  -3.470769309446324
0.01911911911911912  -3.291755102088441  -3.289106196492193
0.01916916916916917  -3.10912357414711  -3.106629472338369
0.01921921921921922  -2.925723372684333  -2.923384095403617
0.01926926926926927  -2.7415998393282  -2.739415216610952
0.01931931931931932  -2.55679849450969  -2.55476816839827
0.01936936936936937  -2.371365026198531  -2.369488453674701
0.01941941941941942  -2.185345278592956  -2.183621734732469
0.01946946946946947  -1.998785240762592  -1.997213822113997
0.01951951951951952  -1.811731035242063  -1.810310663437795
0.01956956956956957  -1.624228906568191  -1.622958332185251
0.01961961961961962  -1.436325209742843  -1.435203016452238
0.01966966966966967  -1.248066398582942  -1.247091007662823
0.01971971971971972  -1.059499013863647  -1.058668689258081
0.01976976976976977  -0.8706696710162765  -0.8699825253532613
0.01981981981981982  -0.6816250466883079  -0.6810790493664333
0.01986986986986987  -0.4924118617763408  -0.4920048526317979
0.01991991991991992  -0.3030768489666431  -0.3028065729841679
0.01996996996996997  -0.113666478537039  -0.1135308833329918
0.02002002002002002  0.07577167922147014  0.07577551978471692
0.02007007007007007  0.2651909041877403  0.2650659276559975
0.02012012012012012  0.4545436628554488  0.4542936308626961
0.02017017017017017  0.6437846455880659  0.6434119307461075
0.02022022022022022  0.832866559760789  0.8323741508905789
0.02027027027027027  1.021742599197924  1.021133648592433
0.02032032032032032  1.210366047553627  1.209643826340191
0.02037037037037037  1.398690262471912  1.39785814328102
0.02042042042042042  1.586668680116417  1.585730126684477
0.02047047047047047  1.774254824216172  1.773213383395795
0.02052052052052052  1.961402316536686  1.960261611272688
0.02057057057057057  2.148064887873369  2.146828610611928
0.02062062062062062  2.334196389250995  2.332868295550361
0.02067067067067067  2.519750803202701  2.518334705451031
0.02072072072072072  2.704682255072116  2.703182016259303
0.02077077077077077  2.888945024309443  2.887364551837057
0.02082082082082082  3.072493555746723  3.070836795261088
0.02087087087087087  3.255282470841806  3.253553400094339
0.02092092092092092  3.437266578884888  3.435469201615863
0.02097097097097097  3.618400888162618  3.616539228017574
0.02102102102102102  3.798640617075152  3.796718711556716
0.02107107107107107  3.97794120520342  3.975963099662548
0.02112112112112112  4.156258324322366  4.154228065999827
0.02117117117117117  4.333547889358011  4.331469521479055
0.02122122122122122  4.509766069284701  4.507643625218302
0.02127127127127127  4.684869297959984  4.682706795442988
0.02132132132132132  4.858814284894502  4.856615720333944
0.02137137137137137  5.031558025953621  5.029327368809419
0.02142142142142142  5.203057813988747  5.200799001248714
0.02147147147147147  5.373271249395185  5.370988180141714
0.02152152152152152  5.54215625059399  5.539852780676924
0.02157157157157157  5.709671064435566  5.707351001251109
0.02162162162162162  5.875774276521684  5.873441373907382
0.02167167167167167  6.04042482144428  6.038082774695792
0.02172172172172172  6.203581992937564  6.201234433950875
0.02177177177177177  6.365205453941714  6.362855946489799
0.02182182182182182  6.525255246575128  6.522907281721586
0.02187187187187187  6.683691802012965  6.681348793669268
0.02192192192192192  6.840475950269617  6.838141230902644
0.02197197197197197  6.995568929882493  6.993245746374321
0.02202202202202202  7.148932397494802  7.146623907160951
0.02207207207207207  7.300528437335137  7.298237704106249
0.02212212212212212  7.45031957059107  7.448049561362684
0.02217217217217217  7.598268764675095  7.596022345826021
0.02222222222222222  7.744339442379848  7.742119376468485
0.02227227227227227  7.888495490921147  7.886304433558375
0.02232232232232232  8.030701270865912  8.028541767771083
0.02237237237237237  8.170921624943176  8.168796109183909
0.02242242242242242  8.309121886735994  8.307032676158009
0.02247247247247247  8.445267889251783  8.443217184095777
0.02252252252252252  8.57932597336942  8.577315854083668
0.02257257257257258  8.711262996160606  8.709295421407484
0.02262262262262262  8.84104633908369  8.839123143940359
0.02267267267267267  8.968643916047947  8.966766810410377
0.02272272272272272  9.094024181345937  9.092194748525477
0.02277277277277277  9.217156137452644  9.215375832980206
0.02282282282282282  9.338009342688752  9.336279493313576
0.02287287287287287  9.456553918746703  9.454875721641173
0.02292292292292292  9.572760558077475  9.571135080242339
0.02297297297297297  9.686600531136056  9.685028709006284
0.02302302302302302  9.79804569348434  9.796528332738763
0.02307307307307307  9.907068492749005  9.90560626831898
0.02312312312312313  10.01364197543335  10.01223543171239
0.02317317317317318  10.11773979358087  10.11638934483282
0.02322322322322323  10.21933621128914  10.21804214225509
0.02327327327327327  10.3184061110725  10.31716857777197
0.02332332332332332  10.41492500007173  10.41374403079911
0.02337337337337337  10.50886901610934  10.50774451262356
0.02342342342342342  10.60021493358899  10.59914667249005
0.02347347347347347  10.6889401692374  10.68792780353346
0.02352352352352352  10.77502278768766  10.77406584854398
0.02357357357357357  10.85844150690212  10.85753940557159
0.02362362362362362  10.93917570343401  10.93832773336704
0.02367367367367368  11.01720541752599  11.01641075665411
0.02372372372372373  11.09251135804481  11.09176907123423
0.02377377377377378  11.16507490725063  11.16438394892389
0.02382382382382383  11.23487812539973  11.23423734231838
0.02387387387387388  11.30190375517978  11.30131188938726
0.02392392392392393  11.3661352259763  11.36559091789278
0.02397397397397397  11.4275566579693  11.4270584496357
0.02402402402402402  11.48615286605933  11.48569920452561
0.02407407407407407  11.54190936362148  11.54149860447401
0.02412412412412412  11.59481236608701  11.59444277710865
0.02417417417417417  11.64484879435119  11.64451855930911
0.02422422422422423  11.69200627800683  11.69171350056359
0.02427427427427428  11.73627315840256  11.73601586614298
0.02432432432432433  11.77763849152518  11.77741464009366
0.02437437437437438  11.81609205070534  11.81589952804835
0.02442442442442443  11.85162432914579  11.85146095985177
0.02447447447447448  11.88422654227177  11.88409009200357
0.02452452452452453  11.91389062990274  11.91377880991472
0.02457457457457458  11.94060925824516  11.94051972997996
0.02462462462462462  11.96437582170548  11.96430620146335
0.02467467467467467  11.98518444452335  11.98513230819411
0.02472472472472472  12.00302998222418  12.0029928700823
0.02477477477477477  12.01790802289099  12.01788344443851
0.02482482482482483  12.02981488825522  12.02980032711061
0.02487487487487488  12.03874763460605  12.03874055343196
0.02492492492492493  12.04470405354  12.04470189897824
0.02497497497497498  12.04768267224886  12.04768288013706
0.02502502502502503  12.04768275483602  12.04768275448929
0.02507507507507508  12.04470430084961  12.04470152099928
0.02512512512512513  12.03874804677859  12.03873992001708
0.02517517517517518  12.02981546510789  12.02979943309241
0.02522522522522523  12.01790876431113  12.01788228259584
0.02527527527527528  12.00303088802619  12.00299143115532
0.02532532532532533  11.98518551448047  11.98513058090045
0.02537537537537538  11.96437705554983  11.96430417252073
0.02542542542542543  11.94061065566782  11.94051738413247
0.02547547547547548  11.91389219055382  11.91377612995954
0.02552552552552553  11.88422826576048  11.88408705882731
0.02557557557557558  11.85162621504053  11.8514575524652
0.02562562562562563  11.81609409853381  11.81589572362709
0.02567567567567568  11.77764070077447  11.77741041402335
0.02572572572572573  11.73627552851928  11.736011192066
0.02577577577577578  11.69200880839723  11.69170835043113
0.02582582582582583  11.64485148438129  11.64451290343502
0.02587587587587588  11.59481521508275  11.59443658422785
0.02592592592592593  11.54191237086887  11.54149184180497
0.02597597597597598  11.4861560308046  11.48569183783254
0.02602602602602603  11.4275599794191  11.42705044329856
0.02607607607607608  11.36613870329781  11.36558223497702
0.02612612612612613  11.301907387501  11.30130249171694
0.02617617617617618  11.23488191180957  11.23422719055315
0.02622622622622623  11.16507884679917  11.16437300263779
0.02627627627627628  11.0925154497435  11.09175728899847
0.02632632632632633  11.01720966034783  11.01639809612016
0.02637637637637638  10.93918009631386  10.93831415135369
0.02642642642642643  10.85844604873683  10.85752485815362
0.02647647647647648  10.77502747733634  10.77405029114388
0.02652652652652653  10.68894500552175  10.68791119101334
0.02657657657657658  10.60021991529339  10.59912895924742
0.02662662662662663  10.50887414198127  10.50772565268755
0.02667667667667668  10.41493026882191  10.41372397792905
0.02672672672672673  10.31841152137523  10.31714728555638
0.02677677677677678  10.21934176178256  10.21801956421415
0.02682682682682683  10.11774548286718  10.11636543451895
0.02687687687687688  10.01364780207922  10.01221014281406
0.02692692692692693  9.907074455285679  9.905579554765509
0.02697697697697698  9.79805179040811  9.796500148804814
0.02702702702702703  9.686606760908429  9.684999009416988
0.02707707707707708  9.57276691912549  9.571103820279529
0.02712712712712713  9.456560409463291  9.45484285725
0.02717717717717718  9.338015961432903  9.336244981208035
0.02722722722722723  9.217162882549838  9.21533963075065
0.02727727727727728  9.09403105108831  9.092156814743587
0.02732732732732733  8.968650908694663  8.96672710473468
0.02737737737737738  8.841053452861191  8.839081627224884
0.02742742742742743  8.711270229262867  8.709252055801267
0.02747747747747748  8.579333323958261  8.577270603139922
0.02752752752752753  8.445275355457097  8.443170012870238
0.02757757757757758  8.309129466655977  8.306983551314241
0.02762762762762763  8.170929316644605  8.168744999093063
0.02767767767767768  8.030709072384292  8.028488642609256
0.02772772772772773  7.888503400260988  7.88624926540714
0.02777777777777778  7.744347457514706  7.742062139408961
0.02782782782782783  7.598276883547832  7.595963016033071
0.02787787787787788  7.450327791113883  7.447988117197561
0.02792792792792793  7.300536757389609  7.298174126206293
0.02797797797797798  7.148940814931996  7.146558178526588
0.02802802802802803  6.995577442522745  6.993177852455395
0.02807807807807808  6.840484555902614  6.838071159680261
0.02812812812812813  6.683700498397368  6.681276535735348
0.02817817817817818  6.525264031438394  6.522832830356455
0.02822822822822823  6.365214324979683  6.362779297736654
0.02827827827827828  6.203590947813848  6.201155586685819
0.02832832832832833  6.04043385778969  6.038001730695625
0.02837837837837838  5.875783391933238  5.873358137914821
0.02842842842842843  5.709680256475442  5.707265581034188
0.02847847847847848  5.542165516788185  5.53976518708787
0.02852852852852853  5.373280587231697  5.37089842716935
0.02857857857857858  5.203067220915634  5.200707106069117
0.02862862862862863  5.031567499376206  5.029233351831937
0.02867867867867868  4.858823822172375  4.856519605241537
0.02872872872872873  4.684878896402916  4.682608609232354
0.02877877877877878  4.509775726147854  4.507543398232191
0.02882882882882883  4.33355760183581  4.331367287435118
0.02887887887887888  4.156268089540958  4.154123862016325
0.02892892892892893  3.977951020211181  3.975856966281166
0.02897897897897898  3.798650478830718  3.796610692755003
0.02902902902902903  3.618410793519487  3.616429371223007
0.02907907907907908  3.437276524571871  3.435357557711581
0.02912912912912913  3.255292453437224  3.253440023422645
0.02917917917917918  3.072503571644864  3.070721743621097
0.02922922922922923  2.888955069675234  2.887247886476559
0.02927927927927928  2.704692325779954  2.703063801864126
0.02932932932932933  2.519760894751576  2.51821501012732
0.02937937937937938  2.334206496644319  2.332747190804714
0.02942942942942943  2.148075005444928  2.146706171323538
0.02947947947947948  1.961412437690319  1.960137915663356
0.02952952952952953  1.774264941023686  1.773088512992988
0.02957957957957958  1.586678782669309  1.585604166281444
0.02962962962962963  1.398700337783324  1.397731180889563
0.02967967967967968  1.210376077578343  1.209515953142337
0.02972972972972973  1.021752556967757  1.021004958883319
0.02977977977977978  0.832876401012163  0.8322447420177504
0.02982982982982983  0.6437942878003576  0.643281903047101
0.02987987987987988  0.4545529171586181  0.4541630875916083
0.02992992992992993  0.2651987913936271  0.264934974913724
0.02997997997997998  0.07577580314980167  0.0756442664342396
0.03003003003003003  -0.1136585484789908  -0.1136623257451747
0.03008008008008008  -0.3030674921460109  -0.3029380903196469
0.03013013013013013  -0.4924021395542602  -0.4921363282508243
0.03018018018018018  -0.6816151422415271  -0.6812103642271459
0.03023023023023023  -0.870659660532036  -0.8701135581108593
0.03028028028028028  -1.059488937669693  -1.058799316372923
0.03033033033033033  -1.248056281190612  -1.247221103507779
0.03038038038038038  -1.436315067603279  -1.435332453428792
0.03043043043043043  -1.624218751591926  -1.623086980840682
0.03048048048048048  -1.811720876584967  -1.81043839258524
0.03053053053053053  -1.998775085810644  -1.997340498961194
0.03058058058058058  -2.18533513354181  -2.183747225008809
0.03063063063063063  -2.371354896412211  -2.369612621763887
0.03068068068068068  -2.556788384752767  -2.554890877475235
0.03073073073073073  -2.741589753920968  -2.739536328780394
0.03078078078078078  -2.925713315609817  -2.923503471843105
0.03083083083083083  -3.109113549126893  -3.106746973443955
0.03088088088088088  -3.291745112637227  -3.289221682025253
0.03093093093093093  -3.473562854365726  -3.470882638686033
0.03098098098098098  -3.654521823754494  -3.651685088125635
0.03103103103103103  -3.834577282572192  -3.831584489532322
0.03108108108108108  -4.013684715971795  -4.010536527414749
0.03113113113113113  -4.191799843493772  -4.188497122374105
0.03118118118118118  -4.368878630012033  -4.365422441815346
0.03123123123123123  -4.544877296619289  -4.541268910590869
0.03128128128128128  -4.719752331449597  -4.715993221583025
0.03133133133133133  -4.89346050043506  -4.889552346209578
0.03138138138138138  -5.065958857993618  -5.061903544865261
0.03143143143143143  -5.237204757646436  -5.23300437728397
0.03148148148148149  -5.407155862560349  -5.40281271282787
0.03153153153153153  -5.575770156014789  -5.571286740694952
0.03158158158158159  -5.743005951789213  -5.738384980049247
0.03163163163163163  -5.908821904468547  -5.904066290064179
0.03168168168168169  -6.073177019665344  -6.068289879883568
0.03173173173173173  -6.236030664153859  -6.231015318491848
0.03178178178178179  -6.397342575916199  -6.392202544497825
0.03183183183183183  -6.557072874095759  -6.551811875823568
0.03188188188188189  -6.715182068856855  -6.709804019301055
0.03193193193193193  -6.871631071147684  -6.866140080170901
0.03198198198198199  -7.026381202364109  -7.020781571484199
0.03203203203203203  -7.17939420391188  -7.173690423402796
0.03208208208208209  -7.330632246665477  -7.324828992397713
0.03213213213213213  -7.480057940320004  -7.474160070341576
0.03218218218218218  -7.627634342635624  -7.621646893497537
0.03223223223223223  -7.773324968570142  -7.767253151397061
0.03228228228228228  -7.917093799299335  -7.91094299560696
0.03233233233233233  -8.058905291121764  -8.052681048386775
0.03238238238238238  -8.198724384245979  -8.192432411228989
0.03243243243243243  -8.336516511458482  -8.330162673285464
0.03248248248248248  -8.472247606669383  -8.465837919674335
0.03253253253253253  -8.605884113334637  -8.599424739667629
0.03258258258258259  -8.737392992752088  -8.730890234757583
0.03263263263263264  -8.866741732229462  -8.860202026600444
0.03268268268268269  -8.993898353122473  -8.987328264833412
0.03273273273273274  -9.118831418740685  -9.112237634765643
0.03278278278278279  -9.241510042119657  -9.234899364943123
0.03283283283283284  -9.361903893656841  -9.355283234578719
0.03288288288288288  -9.479983208610101  -9.473359580856679
0.03293293293293294  -9.595718794456186  -9.589099306099138
0.03298298298298298  -9.709082038107891  -9.702473884799268
0.03303303303303304  -9.820044912988246  -9.813455370520835
0.03308308308308308  -9.928579985959001  -9.922016402655146
0.03313313313313314  -10.03466042410336  -10.02813021304293
0.03318318318318318  -10.13826000135928  -10.13177063245394
0.03323323323323324  -10.2393531050037  -10.23291209692549
0.03328328328328328  -10.33791474198441  -10.3315296539552
0.03333333333333334  -10.43392054509912  -10.42759896855242
0.03338338338338338  -10.52734677901968  -10.52109632914044
0.03343343343343344  -10.61817034616016  -10.61199865331427
0.03348348348348348  -10.70636879238698  -10.7002834934474
0.03353353353353353  -10.79192031257048  -10.7859290421501
0.03358358358358358  -10.87480375597547  -10.86891413757649
0.03363363363363363  -10.95499863149044  -10.94921826857918
0.03368368368368369  -11.03248511269342  -11.02682157971034
0.03373373373373374  -11.10724404275362  -11.1017048760699
0.03378378378378379  -11.1792569391676  -11.17384962799694
0.03383383383383384  -11.24850599832848  -11.24323797560288
0.03388388388388389  -11.31497409992767  -11.30985273315245
0.03393393393393394  -11.3786448111873  -11.37367739328015
0.03398398398398399  -11.43950239092292  -11.43469613105113
0.03403403403403404  -11.4975317934352  -11.49289380785956
0.03408408408408409  -11.55271867222949  -11.54825597516762
0.03413413413413414  -11.60504938356284  -11.60076887808056
0.03418418418418419  -11.65451098981692  -11.65041945876092
0.03423423423423423  -11.70109126269671  -11.69719535967618
0.03428428428428429  -11.74477868625356  -11.74108492668304
0.03433433433433433  -11.78556245973222  -11.78207721195048
0.03438438438438439  -11.82343250024127  -11.82016197670894
0.03443443443443443  -11.85837944524559  -11.85532969383931
0.03448448448448449  -11.89039465488129  -11.88757155029286
0.03453453453453453  -11.91947021409156  -11.91687944934191
0.03458458458458459  -11.94559893458359  -11.94324601266426
0.03463463463463463  -11.96877435660561  -11.96666458225675
0.03468468468468468  -11.98899075054398  -11.98712922218116
0.03473473473473473  -12.0062431183397  -12.00463472013889
0.03478478478478478  -12.02052719472404  -12.01917658887401
0.03483483483483484  -12.03183944827306  -12.03075106740981
0.03488488488488489  -12.04017708239811  -12.03935512210883
0.03493493493493494  -12.04553803547174  -12.04498644756598
0.03498498498498499  -12.04792098237884  -12.04764346732502
0.03503503503503504  -12.04732533401229  -12.04732533442928
0.03508508508508509  -12.04375123735551  -12.04403193179218
0.03513513513513514  -12.037199576574  -12.03776387240334
0.03518518518518519  -12.02767197090497  -12.02852249935375
0.03523523523523524  -12.01517077600995  -12.01630988569545
0.03528528528528529  -11.99969908253413  -12.00112883412292
0.03533533533533534  -11.98126071551321  -11.98298287648334
0.03538538538538539  -11.95986023342764  -11.96187627311326
0.03543543543543544  -11.9355029270757  -11.93781401200418
0.03548548548548549  -11.90819481826541  -11.9108018077904
0.03553553553553554  -11.87794265832589  -11.88084610056741
0.03558558558558559  -11.84475392643809  -11.84795405453657
0.03563563563563564  -11.80863682778588  -11.81213355647641
0.03568568568568568  -11.76960029152742  -11.77339321404001
0.03573573573573574  -11.72765396858765  -11.73174235388293
0.03578578578578578  -11.68280822927238  -11.6871910196156
0.03583583583583584  -11.6350741607043  -11.63974996958522
0.03588588588588588  -11.58446356408221  -11.58943067448318
0.03593593593593594  -11.53098895176313  -11.53624531478882
0.03598598598598599  -11.47466354416922  -11.48020677803086
0.03603603603603604  -11.41550126651907  -11.4213286558868
0.03608608608608609  -11.35351674538518  -11.35962524110764
0.03613613613613614  -11.28872530507783  -11.29511152427611
0.03618618618618619  -11.2211429638564  -11.22780319039184
0.03623623623623624  -11.1507864299694  -11.15771661528965
0.03628628628628629  -11.07767309752358  -11.08486886189177
0.03633633633633634  -11.00182104218372  -11.00927767628734
0.03638638638638639  -10.92324901670384  -10.93096148365122
0.03643643643643644  -10.84197644629092  -10.84993938399044
0.03648648648648649  -10.75802342380259  -10.76623114773055
0.03653653653653654  -10.67141070477953  -10.67985721113382
0.03658658658658659  -10.5821597023142  -10.59083867155416
0.03663663663663664  -10.49029248175692  -10.49919728253016
0.03668668668668669  -10.39583175526064  -10.40495544871457
0.03673673673673674  -10.2988008761661  -10.30813622064323
0.03678678678678679  -10.19922383322797  -10.20876328934402
0.03683683683683684  -10.09712524468438  -10.10686098078426
0.03688688688688689  -9.99253035217056  -10.0024542501628
0.03693693693693694  -9.885465014478347  -9.895568676043617
0.03698698698698699  -9.775955701163369  -9.786230454331669
0.03703703703703703  -9.664029486000869  -9.674466392095773
0.03708708708708709  -9.549714040292391  -9.560303901237775
0.03713713713713714  -9.433037626024818  -9.443770992005819
0.03718718718718719  -9.31402908888289  -9.324896266362268
0.03723723723723724  -9.192717851118273  -9.203708911193518
0.03728728728728729  -9.069133904275018  -9.080238691379733
0.03733733733733734  -8.943307801775383  -8.954515942709161
0.03738738738738739  -8.815270651365649  -8.826571564651815
0.03743743743743744  -8.685054107425934  -8.696437012987008
0.03748748748748749  -8.552690363144018  -8.564144292287144
0.03753753753753754  -8.418212142556431  -8.429725948260835
0.03758758758758759  -8.281652692458268  -8.293215059954488
0.03763763763763764  -8.143045774183419  -8.154645231818005
0.03768768768768769  -8.002425655258138  -8.014050585631189
0.03773773773773774  -7.859827100928929  -7.871465752297743
0.03778778778778779  -7.715285365567761  -7.726925863502363
0.03783783783783784  -7.568836183956209  -7.580466543238799
0.03788788788788789  -7.420515762450654  -7.432123899207943
0.03793793793793794  -7.270360770031354  -7.281934514087291
0.03798798798798799  -7.118408329236588  -7.129935436672345
0.03803803803803804  -6.964696006985097  -6.976164172898805
0.03808808808808809  -6.8092618052885  -6.820658676736061
0.03813813813813814  -6.652144151855857  -6.663457340965786
0.03818818818818819  -6.493381890593682  -6.504598987838814
0.03823823823823824  -6.333014272002271  -6.344122859616539
0.03828828828828829  -6.171080943472039  -6.182068609000114
0.03833833833833834  -6.007621939481509  -6.018476289443115
0.03838838838838839  -5.842677671699476  -5.853386345359892
0.03843843843843844  -5.676288918994297  -5.686839602220233
0.03848848848848849  -5.508496817351984  -5.518877256544551
0.03853853853853854  -5.339342849706058  -5.349540865790277
0.03858858858858859  -5.168868835682021  -5.17887233814186
0.03863863863863864  -4.9971169212576  -5.006913922199598
0.03868868868868869  -4.824129568343603  -4.833708196571228
0.03873873873873874  -4.649949544285238  -4.659298059375065
0.03878878878878879  -4.474619911289015  -4.483726717644091
0.03883883883883884  -4.298184015775671  -4.30703767664758
0.03888888888888889  -4.120685477663538  -4.12927472912387
0.03893893893893894  -3.942168179583654  -3.950481944427703
0.03898898898898899  -3.762676256029739  -3.770703657599997
0.03903903903903904  -3.582254082445956  -3.589984458355873
0.03908908908908909  -3.400946264254103  -3.408369179998231
0.03913913913913914  -3.218797625824199  -3.225902888257108
0.03918918918918919  -3.035853199389463  -3.042630870058841
0.03923923923923924  -2.852158213909203  -2.858598622229098
0.03928928928928929  -2.667758083881474  -2.673851840126221
0.03933933933933934  -2.482698398106857  -2.488436406217848
0.03938938938938939  -2.297024908406449  -2.3023983785933
0.03943943943943944  -2.110783518292489  -2.11578397942377
0.03948948948948949  -1.924020271592319  -1.928639583363168
0.03953953953953954  -1.736781341020659  -1.741011705904012
0.03958958958958959  -1.549113016689727  -1.552946991681641
0.03963963963963964  -1.361061694534128  -1.36449220273496
0.03968968968968969  -1.172673864593858  -1.175694206723804
0.03973973973973974  -0.9839960990225172  -0.9865999651098405
0.0397897897897898  -0.7950750394605313  -0.7972565212995026
0.03983983983983984  -0.6059573826655238  -0.6077109887534866
0.0398898898898899  -0.416689860174382  -0.4180105390705725
0.03993993993993994  -0.227319179898377  -0.2282023900379732
0.03998998998999  -0.03789154514797016  -0.0383337936652905
0.04004004004004004  0.1515471502524814  0.1515479758070567
0.04009009009009009  0.3409422982340744  0.3413956339131307
0.04014014014014014  0.5302561425647202  0.5311618979845785
0.04019019019019019  0.7194391231746875  0.7207994991812687
0.04024024024024024  0.9084442982865586  0.9102611945297814
0.04029029029029029  1.097224903113551  1.099499778970183
0.04034034034034034  1.285734250954066  1.288468097397711
0.04039039039039039  1.473925729944143  1.477119056708263
0.04044044044044044  1.661752810075639  1.66540563783365
0.04049049049049049  1.849169052995596  1.853280907773336
0.04054054054054054  2.03612812274624  2.04069803160734
0.04059059059059059  2.222583796864948  2.227610284502669
0.04064064064064064  2.40848997762403  2.413971063691369
0.04069069069069069  2.593800703324517  2.599733900434411
0.04074074074074074  2.778470159597884  2.78485247195661
0.04079079079079079  2.962452690695835  2.969280613354797
0.04084084084084084  3.145702810753269  3.152972329470101
0.04089089089089089  3.328175215018512  3.335881806730589
0.04094094094094095  3.509824791043216  3.517963424949752
0.040990990990991  3.690606629828019  3.699171769089325
0.04104104104104105  3.870476036920409  3.879461640968272
0.04109109109109109  4.049388543460276  4.058788070929631
0.04114114114114115  4.227299917171529  4.237106329455022
0.04119119119119119  4.404166173295228  4.414371938718062
0.04124124124124125  4.579943585462386  4.590540684086076
0.04129129129129129  4.754588696503211  4.76556862555344
0.04134134134134135  4.928058329189881  4.939412109114504
0.04139139139139139  5.100309596910449  5.11202777806347
0.04144144144144144  5.271299914271208  5.283372584225898
0.04149149149149149  5.440987007624158  5.453403799108952
0.04154154154154154  5.609328925518296  5.62207902498105
0.04159159159159159  5.776284049070445  5.789356205861296
0.04164164164164164  5.941811102254634  5.955193638428971
0.04169169169169169  6.105869162106337  6.119549982841288
0.04174174174174174  6.268417668839519  6.282384273460221
0.04179179179179179  6.429416435874264  6.443655929484013
0.04184184184184184  6.5888256597715  6.603324765482659
0.04189189189189189  6.746605930073719  6.761351001825592
0.04194194194194194  6.902718239047974  6.917695275011047
0.04199199199199199  7.057123991329862  7.07231864788398
0.04204204204204205  7.2097850134651  7.225182619744193
0.0420920920920921  7.360663563346935  7.376249136338554
0.04214214214214215  7.509722339547225  7.525480599738934
0.0421921921921922  7.656924490538016  7.672839878095845
0.04224224224224225  7.802233623802595  7.818290315271345
0.0422922922922923  7.94561381483227  7.9617957403462
0.04234234234234235  8.087029616008119  8.103320476994281
0.0423923923923924  8.226446065364545  8.242829352726508
0.04244244244244245  8.363828695232705  8.380287708001562
0.0424924924924925  8.499143540762025  8.515661405194029
0.04254254254254254  8.63235714831697  8.64891683742511
0.0425925925925926  8.763436583747897  8.780020937248549
0.04264264264264264  8.892349440533151  8.908941185187659
0.04269269269269269  9.019063847790795  9.035645618127386
0.04274274274274274  9.143548478158129  9.160102837551554
0.04279279279279279  9.26577255553638  9.282282017622958
0.04284284284284284  9.385705862699602  9.402152913112838
0.04289289289289289  9.50331874876513  9.519685867164181
0.04294294294294294  9.618582136523973  9.634851818896136
0.04299299299299299  9.731467529629688  9.74762231084131
0.04304304304304304  9.841947019643227  9.85796949621758
0.04309309309309309  9.949993292932781  9.965866146029846
0.04314314314314315  10.05557963742646  10.07128565599823
0.0431931931931932  10.15867994921609  10.17420205331323
0.04324324324324325  10.25926873901106  10.27459000321611
0.0432932932932933  10.35732113843966  10.37242481539424
0.04334334334334335  10.45281290619747  10.46768245020553
0.0433933933933934  10.54572043404029  10.5603395247088
0.04344344344344345  10.6360207526208  10.65037331851695
0.0434934934934935  10.7236915371673  10.73776177946309
0.04354354354354355  10.80871111300278  10.82248352907011
0.0435935935935936  10.89105846090368  10.90451786783897
0.04364364364364365  10.97071322229628  10.98384478033848
0.0436936936936937  11.04765570429  11.06044494010545
0.04374374374374375  11.12186688454594  11.13429971434177
0.0437937937937938  11.19332841597968  11.20539116842184
0.04384384384384385  11.26202263129733  11.2737020701964
0.04389389389389389  11.32793254736313  11.33921589409718
0.04394394394394395  11.3910418693984  11.40191682503756
0.04399399399399399  11.45133499500981  11.46178976211506
0.04404404404404404  11.50879701804688  11.51882032210093
0.04409409409409409  11.56341373228713  11.57299484273377
0.04414414414414414  11.61517163494817  11.62430038579713
0.04419419419419419  11.66405793002609  11.67272473999405
0.04424424424424424  11.71006053145886  11.7182564236128
0.0442942942942943  11.75316806611437  11.76088468697924
0.04434434434434435  11.79336987660222  11.80059951469985
0.0443943943943944  11.83065602390843  11.83739162769503
0.04444444444444445  11.86501728985272  11.87125248501698
0.0444944944944945  11.8964451793674  11.9021742854558
0.04454454454454455  11.92493192259765  11.93014996892955
0.0445945945945946  11.95047047682244  11.95517321766586
0.04464464464464465  11.97305452819563  11.97723845716164
0.0446946946946947  11.99267849330694  11.99634085693162
0.04474474474474475  12.00933752056237  12.01247633104086
0.0447947947947948  12.02302749138357  12.02564153842284
0.04484484484484485  12.03374502122609  12.03583388297766
0.0448948948948949  12.04148746043113  12.04305151345897
0.04494494494494495  12.04625289496164  12.04729332314175
0.044994994994995  12.0480401460317  12.04855894927691
0.04504504504504505  12.04684877297001  12.04684877232749
0.0450950950950951  12.04267906928582  12.0421639149904
0.04514514514514515  12.03553206620439  12.03450624100354
0.0451951951951952  12.02540953070604  12.02387835373802
0.04524524524524524  12.01231396532017  12.01028359457452
0.0452952952952953  11.99624860763699  11.99372604106765
0.04534534534534534  11.97721742946259  11.97421050489509
0.0453953953953954  11.95522513583694  11.95174252959678
0.04544544544544545  11.93027716387066  11.9263283880979
0.0454954954954955  11.90237968140088  11.89797508002536
0.04554554554554555  11.87153958546634  11.86669032881217
0.0455955955955956  11.83776450060227  11.83248257859083
0.04564564564564565  11.80106277695536  11.79536099088038
0.0456956956956957  11.76144348821946  11.75533544106828
0.04574574574574575  11.71891642939223  11.7124165146815
0.0457957957957958  11.67349211435362  11.66661550345707
0.04584584584584585  11.6251817732665  11.61794440120657
0.0458958958958959  11.57399734980028  11.56641589948238
0.04594594594594595  11.51995149817814  11.51204338303846
0.045995995995996  11.46305758004853  11.45484092509581
0.04604604604604605  11.40332966118177  11.39482328241164
0.0460960960960961  11.34078250799275  11.33200589014803
0.04614614614614615  11.27543158389009  11.26640485655007
0.0461961961961962  11.20729304545331  11.19803695743462
0.04624624624624625  11.13638373843841  11.12691963048388
0.0462962962962963  11.06272119361314  11.05307096935262
0.04634634634634635  10.98632362242301  10.97650971759028
0.0463963963963964  10.9072099124888  10.89725526237892
0.04644644644644645  10.82539962293712  10.81532762808969
0.0464964964964965  10.74091297956479  10.73074746965598
0.04654654654654655  10.65377086983858  10.64353606577592
0.0465965965965966  10.56399483773118  10.55371531193308
0.04664664664664665  10.47160707839486  10.46130771324956
0.0466966966966967  10.37663043267454  10.36633637716798
0.04674674674674675  10.27908838146047  10.2688250059646
0.0467967967967968  10.17900503988352  10.16879788909568
0.04684684684684685  10.076405151353  10.06627989538953
0.0468968968968969  9.971314081439539  9.961296465068855
0.04694694694694695  9.863757811604037  9.853873601625168
0.046996996996997  9.753762932774196  9.744037863531235
0.04704704704704705  9.641356638770763  9.631816355811837
0.0470970970970971  9.52656671958421  9.517236721456371
0.04714714714714715  9.409421554504497  9.400327132695423
0.0471971971971972  9.289950105104884  9.281116282128261
0.04724724724724725  9.168181908081712  9.159633373716437
0.0472972972972973  9.044147067952341  9.035908113639961
0.04734734734734735  8.917876249612322  8.909970701017047
0.0473973973973974  8.789400670754269  8.781851818503506
0.04744744744744745  8.658752094150053  8.651582622754662
0.0474974974974975  8.525962819797929  8.519194734777628
0.04754754754754755  8.39106567693746  8.384720230147458
0.0475975975975976  8.254094015932896  8.248191629125715
0.04764764764764765  8.115081700028256  8.109641886654559
0.0476976976976977  7.974063096975334  7.96910438224262
0.04774774774774775  7.83107307053693  7.826612909749741
0.0477977977977978  7.686146971867836  7.682201667069976
0.04784784784784785  7.539320630774758  7.535905245708874
0.0478978978978979  7.390630346858434  7.387758620274856
0.04794794794794795  7.24011288053914  7.23779713787409
0.047997997997998  7.087805443968584  7.086056507420984
0.04804804804804805  6.933745691830251  6.932572788861454
0.0480980980980981  6.777971712029566  6.777382382319461
0.04814814814814815  6.62052201627808  6.620522017167078
0.0481981981981982  6.461435530571749  6.462028741019332
0.04824824824824825  6.300751585567769  6.301939908664144
0.0482982982982983  6.138509906860519  6.140293170923171
0.04834834834834835  5.974750605160438  5.97712646345768
0.0483983983983984  5.809514166377492  5.812477995511173
0.04844844844844845  5.642841441611553  5.646386238602042
0.0484984984984985  5.47477363705316  5.47888991516523
0.04854854854854855  5.30535230379567  5.310027987153415
0.0485985985985986  5.134619327562709  5.139839644587447
0.04864864864864865  4.962616918352611  4.968364294076634
0.0486986986986987  4.789387600002394  4.795641547306413
0.04874874874874875  4.614974199674625  4.621711209486705
0.0487987987987988  4.439419837268662  4.446613267786911
0.04884884884884885  4.262767914759635  4.270387879738529
0.0488988988988989  4.085062105467641  4.093075361626247
0.04894894894894895  3.90634634325902  3.914716176862701
0.048998998998999  3.726664811683917  3.735350924353694
0.04904904904904905  3.54606193305067  3.555020326856359
0.0490990990990991  3.364582357441163  3.373765219335946
0.04914914914914915  3.182270951668854  3.191626537324175
0.0491991991991992  2.999172788181727  3.008645305284629
0.04924924924924926  2.815333133913279  2.82486262498313
0.04929929929929931  2.630797439081807  2.640319663877597
0.04934934934934935  2.445611325940847  2.455057643520383
0.0493993993993994  2.259820577479986  2.269117827984672
0.04944944944944945  2.073471126074996  2.082541512313242
0.0494994994994995  1.886609042082649  1.895370010998558
0.04954954954954955  1.699280522367083  1.707644646494503
0.0495995995995996  1.511531878732802  1.519406737763343
0.04964964964964965  1.323409526201855  1.330697588864852
0.0496996996996997  1.134959970992464  1.14155847758615
0.04974974974974975  0.9462297978173427  0.9520306441255628
0.0497997997997998  0.7572656553726479  0.7621552798167918
0.04984984984984985  0.5681142359481783  0.5719735159214188
0.0498998998998999  0.3788222237079073  0.3815264124669983
0.04994994994994995  0.1894354794690924  0.1908549471578755
0.05  6.341567636500289e-06  4.344032711448207e-09
