t  x_1  x_2
0  0  -2.572759542736677e-06
5.005005005005005e-05  -0.00196262040909238  -0.002468693312783772
0.0001001001001001001  -0.004817908027586544  -0.005162648178186088
0.0001501501501501502  -0.008160644241170181  -0.008063113621456687
0.0002002002002002002  -0.01163682326358481  -0.01114728869372356
0.0002502502502502502  -0.01518164066962148  -0.01439152797504589
0.0003003003003003003  -0.01876676399538539  -0.0177719693572448
0.0003503503503503504  -0.02237689533276443  -0.02126513284472781
0.0004004004004004004  -0.02600265861246575  -0.02484846792292605
0.0004504504504504505  -0.02963774739064758  -0.02850083008715969
0.0005005005005005005  -0.03327760256072806  -0.03220287086690353
0.0005505505505505506  -0.0369187322613346  -0.03593733032575874
0.0006006006006006007  -0.04055833313562239  -0.03968922616825181
0.0006506506506506507  -0.04419406630228129  -0.04344593866755724
0.0007007007007007008  -0.04782391783389788  -0.04719719608107944
0.0007507507507507507  -0.05144610832561738  -0.05093496971193712
0.0008008008008008008  -0.05505903222456385  -0.05465329204949014
0.0008508508508508509  -0.05866121592823781  -0.05834801451282426
0.0009009009009009009  -0.06225128811762451  -0.06201652332538974
0.000950950950950951  -0.06582795829768745  -0.06565743313029494
0.001001001001001001  -0.06939000098288396  -0.06927027732394436
0.001051051051051051  -0.07293624385175389  -0.0728552129067
0.001101101101101101  -0.07646555874747886  -0.07641275491005242
0.001151151151151151  -0.07997685475509937  -0.07994355221892466
0.001201201201201201  -0.08346907281772835  -0.08344821269596364
0.001251251251251251  -0.0869411815100273  -0.08692718133200662
0.001301301301301301  -0.09039217369278811  -0.09038067094166374
0.001351351351351351  -0.09382106384643725  -0.09380864119319879
0.001401401401401402  -0.0972268859333386  -0.09721081839786902
0.001451451451451452  -0.1006086916758547  -0.1005867461338939
0.001501501501501501  -0.1039655491643978  -0.1039358552296979
0.001551551551551552  -0.1072965417295039  -0.1072575412294322
0.001601601601601602  -0.1106007670267331  -0.1105512379893755
0.001651651651651652  -0.1138773362943856  -0.1138164775792643
0.001701701701701702  -0.1171253737524199  -0.1170529289632581
0.001751751751751752  -0.1203440161174082  -0.1202604107633526
0.001801801801801802  -0.1235324122134457  -0.1234388765353541
0.001851851851851852  -0.1266897226626353  -0.1265883741922309
0.001901901901901902  -0.129815119642097  -0.1297089840534064
0.001951951951951952  -0.1329077866965674  -0.1328007424042335
0.002002002002002002  -0.1359669185978096  -0.1358635590818509
0.002052052052052052  -0.1389917212434572  -0.1388971383993043
0.002102102102102102  -0.1419814115892161  -0.1419009125723112
0.002152152152152152  -0.1449352176093212  -0.1448739957342048
0.002202202202202202  -0.1478523782809983  -0.1478151647621497
0.002252252252252252  -0.1507321435892919  -0.1507228706050988
0.002302302302302303  -0.1535737745492618  -0.1535952808694684
0.002352352352352352  -0.1563765432429053  -0.1564303513398629
0.002402402402402403  -0.1591397328686271  -0.1592259211761945
0.002452452452452453  -0.1618626378013355  -0.1619798240290805
0.002502502502502502  -0.1645445636615482  -0.1646900054565993
0.002552552552552553  -0.1671848273920857  -0.1673546360627622
0.002602602602602603  -0.1697827573411365  -0.16997220974153
0.002652652652652653  -0.1723376933506193  -0.1725416174133849
0.002702702702702703  -0.1748489868489442  -0.1750621885466693
0.002752752752752753  -0.177316000947314  -0.1775336954758339
0.002802802802802803  -0.1797381105388844  -0.1799563187879219
0.002852852852852853  -0.1821147024001681  -0.182330575603803
0.002902902902902903  -0.1844451752940607  -0.1846572160843216
0.002952952952952953  -0.1867289400740967  -0.18693709663865
0.003003003003003003  -0.1889654197893891  -0.1891710407970059
0.003053053053053053  -0.1911540497899512  -0.1913597002715777
0.003103103103103103  -0.1932942778319964  -0.1935034292093172
0.003153153153153153  -0.1953855641829325  -0.1956021839355146
0.003203203203203203  -0.1974273817257519  -0.1976554586310828
0.003253253253253253  -0.199419216062578  -0.1996622644956262
0.003303303303303304  -0.2013605656171265  -0.2016211562483116
0.003353353353353353  -0.2032509417358906  -0.2035303056136027
0.003403403403403404  -0.2050898687878403  -0.2053876170873548
0.003453453453453454  -0.2068768842624982  -0.2071908771708609
0.003503503503503503  -0.2086115388661917  -0.2089379247759429
0.003553553553553554  -0.2102933966163876  -0.210626827983047
0.003603603603603604  -0.21192203493394  -0.2122560510436965
0.003653653653653654  -0.2134970447331606  -0.2138245956261678
0.003703703703703704  -0.215018030509575  -0.2153321018578044
0.003753753753753754  -0.2164846104253141  -0.216778897640983
0.003803803803803804  -0.2178964163919691  -0.218165988810081
0.003853853853853854  -0.2192530941509133  -0.2194949876384131
0.003903903903903904  -0.2205543033509444  -0.2207679825941678
0.003953953953953955  -0.2217997176232192  -0.2219873576233301
0.004004004004004004  -0.2229890246533806  -0.2231555741306131
0.004054054054054054  -0.2241219262508451  -0.2242749327804522
0.004104104104104105  -0.2251981384151727  -0.2253473348652549
0.004154154154154154  -0.2262173913994746  -0.2263740639976355
0.004204204204204204  -0.2271794297708233  -0.2273556081226387
0.004254254254254255  -0.228084012467588  -0.2282915393088116
0.004304304304304304  -0.2289309128536816  -0.229180464610356
0.004354354354354354  -0.2297199187696808  -0.230020055795202
0.004404404404404405  -0.2304508325807655  -0.2308071593294277
0.004454454454454455  -0.2311234712214733  -0.2315379812173866
0.004504504504504504  -0.2317376662372053  -0.2322083346930884
0.004554554554554555  -0.2322932638224881  -0.232813932920431
0.004604604604604605  -0.2327901248559541  -0.2333507043218779
0.004654654654654655  -0.2332281249320194  -0.2338151053581312
0.004704704704704705  -0.2336071543892434  -0.234204404830442
0.004754754754754755  -0.2339271183353377  -0.2345169152127866
0.004804804804804805  -0.2341879366688544  -0.2347521500972754
0.004854854854854855  -0.2343895440974668  -0.2349108923220313
0.004904904904904905  -0.2345318902857196  -0.2349951643397647
0.004954954954954956  -0.2346149392874823  -0.2350081003292547
0.005005005005005005  -0.2346386704572396  -0.234953727799101
0.005055055055055055  -0.2346030778820779  -0.2348366742842966
0.005105105105105106  -0.2345081704882735  -0.2346618215029191
0.005155155155155155  -0.2343539722971195  -0.234433934404516
0.005205205205205205  -0.2341405214542975  -0.2341572954117495
0.005255255255255256  -0.2338678715761311  -0.2338353745159593
0.005305305305305306  -0.2335360909172406  -0.2334705636237998
0.005355355355355355  -0.2331452625379917  -0.2330639987793184
0.005405405405405406  -0.2326954842855048  -0.2326154869381721
0.005455455455455456  -0.2321868687713388  -0.2321235453805227
0.005505505505505505  -0.2316195433457816  -0.2315855523116452
0.005555555555555556  -0.2309936500688375  -0.2309979975113882
0.005605605605605606  -0.2303093456778839  -0.2303568128943332
0.005655655655655656  -0.2295668015520405  -0.2296577553367146
0.005705705705705706  -0.2287662036732487  -0.2288968088163746
0.005755755755755756  -0.2279077525841127  -0.2280705703323664
0.005805805805805806  -0.2269916633425141  -0.2271765845363916
0.005855855855855856  -0.226018165473023  -0.2262135955776543
0.005905905905905906  -0.2249875029151651  -0.2251816911277134
0.005955955955955957  -0.2238999339685425  -0.2240823224431436
0.006006006006006006  -0.2227557312348748  -0.2229181949439803
0.006056056056056056  -0.221555181557001  -0.2216930352635442
0.006106106106106107  -0.2202985859548691  -0.220411252080988
0.006156156156156156  -0.2189862595585708  -0.2190775182810545
0.006206206206206206  -0.2176185315384968  -0.2176963101544804
0.006256256256256257  -0.2161957450326305  -0.2162714446645084
0.006306306306306307  -0.2147182570710705  -0.2148056576850143
0.006356356356356356  -0.2131864384978467  -0.2133002642701696
0.006406406406406407  -0.2116006738900907  -0.2117549364612823
0.006456456456456457  -0.2099613614746525  -0.2101676252176811
0.006506506506506506  -0.2082689130422452  -0.2085346414226302
0.006556556556556557  -0.2065237538592057  -0.2068508974722827
0.006606606606606607  -0.2047263225769896  -0.2051102968063784
0.006656656656656657  -0.2028770711394854  -0.2033062450872656
0.006706706706706707  -0.2009764646882947  -0.2014322447851427
0.006756756756756757  -0.199024981466098  -0.1994825257864743
0.006806806806806807  -0.1970231127182467  -0.1974526592109717
0.006856856856856857  -0.1949713625927444  -0.1953401005166834
0.006906906906906907  -0.1928702480387995  -0.1931446114573948
0.006956956956956958  -0.1907202987041256  -0.1908685184091005
0.007007007007007007  -0.1885220568312057  -0.1885167764949887
0.007057057057057057  -0.1862760771527626  -0.1860968239379531
0.007107107107107108  -0.1839829267866789  -0.183618227992281
0.007157157157157158  -0.1816431851306693  -0.1810921412795605
0.007207207207207207  -0.1792574437569985  -0.1785306039074736
0.007257257257257258  -0.1768263063076529  -0.1759457409504683
0.007307307307307308  -0.1743503883902942  -0.1733489154278977
0.007357357357357357  -0.171830317475505  -0.1707499028153701
0.007407407407407408  -0.1692667327958049  -0.1681561537162567
0.007457457457457458  -0.1666602852469911  -0.1655722063847551
0.007507507507507507  -0.1640116372924912  -0.1629993005779436
0.007557557557557558  -0.1613214628714218  -0.160435229422927
0.007607607607607608  -0.1585904473111941  -0.157874447735317
0.007657657657657658  -0.1558192872456262  -0.155308434953478
0.007707707707707708  -0.1530086905396932  -0.1527262902145457
0.007757757757757758  -0.1501593762220685  -0.1501155178146699
0.007807807807807808  -0.1472720744270378  -0.1474629450257526
0.007857857857857859  -0.1443475263473526  -0.1447557024166982
0.007907907907907909  -0.1413864842000905  -0.1419821905415891
0.007957957957957958  -0.1383897112076923  -0.1391329567529648
0.008008008008008008  -0.1353579815969457  -0.1362014121050981
0.008058058058058058  -0.1322920806190115  -0.1331843304200995
0.008108108108108109  -0.129192804594267  -0.130082088683733
0.008158158158158159  -0.1260609609863266  -0.1268986286537821
0.008208208208208209  -0.1228973685105336  -0.1236411422073496
0.008258258258258259  -0.1197028572833143  -0.1203195056366225
0.008308308308308308  -0.1164782690199066  -0.1169455089084062
0.008358358358358358  -0.1132244572897116  -0.1135319430413585
0.008408408408408409  -0.1099422878405777  -0.1100916207353516
0.008458458458458459  -0.1066326390056656  -0.1066364111381106
0.008508508508508509  -0.1032964022099262  -0.1031763686098625
0.00855855855855856  -0.09993448259721996  -0.09971902757871075
0.008608608608608608  -0.09654779980437352  -0.09626892168336469
0.008658658658658658  -0.09313728891530676  -0.09282736652077692
0.008708708708708709  -0.08970390163724661  -0.08939252304431594
0.008758758758758759  -0.08624860775280806  -0.08595973488459045
0.008808808808808809  -0.08277239691739531  -0.08252210962130456
0.00885885885885886  -0.07927628089258422  -0.07907129332097583
0.00890890890890891  -0.07576129633491455  -0.07559837125772924
0.008958958958958959  -0.07222850829920159  -0.07209481706773099
0.009009009009009009  -0.06867901467158052  -0.06855340858129243
0.009059059059059059  -0.06511395182614649  -0.06496903157131126
0.00910910910910911  -0.0615345019138784  -0.06133930239291088
0.00915915915915916  -0.05794190236016322  -0.05766495611501433
0.00920920920920921  -0.05433745839962506  -0.0539499669018397
0.00925925925925926  -0.05072255986264981  -0.05020139033317955
0.009309309309309309  -0.04709870403398063  -0.04642894107013586
0.009359359359359359  -0.04346752738227538  -0.04264434172274013
0.00940940940940941  -0.03983085058432369  -0.03886049802846107
0.00945945945945946  -0.03619074407259695  -0.03509056986317281
0.00950950950950951  -0.03254962636178239  -0.03134701596762815
0.009559559559559561  -0.02891041686938244  -0.02764069191418907
0.009609609609609611  -0.02527678374956007  -0.02398007567925358
0.009659659659659659  -0.02165356722308569  -0.02037068373587766
0.00970970970970971  -0.01804755103024877  -0.01681472390326272
0.00975975975975976  -0.01446898998908286  -0.0133110107797767
0.00980980980980981  -0.01093498822268549  -0.009855147253282286
0.009859859859859861  -0.007478242851159856  -0.00643995327796925
0.009909909909909911  -0.004179635309158799  -0.003056102750051935
0.00995995995995996  -0.001637187539933763  0.0003070873763346979
0.01001001001001001  0.0006184327602965418  0.003660783243028899
0.01006006006006006  0.00354599368826147  0.007015748726861831
0.01011011011011011  0.006924401502162197  0.01038152116310632
0.01016016016016016  0.0104287387203824  0.01376571400210034
0.01021021021021021  0.01399590483373406  0.01717350007060143
0.01026026026026026  0.01759975128730662  0.02060731268122692
0.01031031031031031  0.02122634137768208  0.02406678265798748
0.01036036036036036  0.02486715116059075  0.02754890914046781
0.01041041041041041  0.02851642865954261  0.03104844254606092
0.01046046046046046  0.03216999010299107  0.03455844095671742
0.01051051051051051  0.03582460660440099  0.03807094785025454
0.01056056056056056  0.03947766469478934  0.0415777305397359
0.01061061061061061  0.04312696597357522  0.04507101550371429
0.01066066066066066  0.04677060264572569  0.04854415908048484
0.01071071071071071  0.05040687689396262  0.05199219938755784
0.01076076076076076  0.0540342467956631  0.05541224700749493
0.01081081081081081  0.05765128896358961  0.05880368681130688
0.01086086086086086  0.06125667208417995  0.06216817989806533
0.01091091091091091  0.06484913776552359  0.06550947154257335
0.01096096096096096  0.06842748641525058  0.06883302682228912
0.01101101101101101  0.07199056665701571  0.07214552895685089
0.01106106106106106  0.07553726728531633  0.07545428531919099
0.01111111111111111  0.07906651107465877  0.0787665918798145
0.01116116116116116  0.08257724996416063  0.08208910822825746
0.01121121121121121  0.08606846127654165  0.0854272923650567
0.01126126126126126  0.08953914472694992  0.08878493762838885
0.01131131131131131  0.09298832003930722  0.09216384416950574
0.01136136136136136  0.09641502503771222  0.09556364530337444
0.01141141141141141  0.09981831411076068  0.09898179594619035
0.01146146146146146  0.1031972569726286  0.1024137173437623
0.01151151151151151  0.1065509376617037  0.1058530804557555
0.01156156156156156  0.1098784537305811  0.1092922005883662
0.01161161161161161  0.1131789155923815  0.1127225088345545
0.01166166166166166  0.1164514459937454  0.1161350619864124
0.01171171171171171  0.119695179593077  0.1195210519410625
0.01176176176176176  0.1229092626250979  0.1228722780631657
0.01181181181181181  0.1260928526377475  0.1261815510879677
0.01186186186186186  0.1292451182887348  0.1294430043427614
0.01191191191191191  0.1323652391927583  0.1326522966097562
0.01196196196196196  0.1354524058109052  0.1358067000627355
0.01201201201201201  0.1385058193757624  0.1389050756221418
0.01206206206206206  0.1415246918468582  0.1419477460960056
0.01211211211211211  0.1445082458914278  0.1449362840571741
0.01216216216216216  0.1474557148870363  0.1478732361546359
0.01221221221221221  0.1503663429427243  0.150761808267876
0.01226226226226226  0.1532393849355398  0.1536055365611513
0.01231231231231231  0.1560741065607006  0.1564079682299594
0.01236236236236236  0.1588697843927356  0.1591723728364617
0.01241241241241241  0.1616257059564373  0.1619015009931312
0.01246246246246246  0.1643411698058105  0.164597402215842
0.01251251251251251  0.1670154856096282  0.1672613084893131
0.01256256256256256  0.1696479742428961  0.1698935848996719
0.01261261261261261  0.172237967882848  0.1724937439670881
0.01266266266266266  0.1747848101088834  0.175060516346822
0.01271271271271271  0.1772878560054773  0.1775919675563885
0.01276276276276276  0.1797464722676379  0.1800856484280367
0.01281281281281281  0.1821600373080917  0.182538766083342
0.01286286286286286  0.1845279413659794  0.1849483623052861
0.01291291291291291  0.186849586616289  0.1873114871070827
0.01296296296296296  0.1891243872798759  0.18962535688881
0.01301301301301301  0.1913517697335151  0.1918874886363518
0.01306306306306306  0.1935311726198285  0.1940958039572815
0.01311311311311311  0.195662046956696  0.1962486991821329
0.01316316316316316  0.1977438562458927  0.1983450801335332
0.01321321321321321  0.1997760765807762  0.2003843623571274
0.01326326326326326  0.2017581967527378  0.2023664395254662
0.01331331331331331  0.2036897183562921  0.204291624314955
0.01336336336336336  0.2055701558925439  0.206160567281084
0.01341341341341341  0.2073990368709889  0.2079741601099994
0.01346346346346346  0.2091759019093746  0.2097334301061973
0.01351351351351351  0.210900304831636  0.211439432898872
0.01356356356356356  0.2125718127635934  0.2130931501297094
0.01361361361361361  0.2141900062264613  0.2146953983431293
0.01366366366366366  0.2157544792280316  0.2162467544610896
0.01371371371371371  0.2172648393513642  0.2177475021189533
0.01376376376376376  0.2187207078409741  0.2191976018083168
0.01381381381381381  0.2201217196864032  0.2205966862670642
0.01386386386386386  0.2214675237030884  0.2219440809453188
0.01391391391391392  0.2227577826105289  0.2232388477370391
0.01396396396396397  0.2239921731075414  0.2244798485945248
0.01401401401401401  0.2251703859447214  0.2256658242386783
0.01406406406406406  0.2262921259939352  0.2267954820429001
0.01411411411411411  0.2273571123148266  0.2278675863996853
0.01416416416416416  0.2283650782182867  0.2288810445546381
0.01421421421421422  0.2293157713268905  0.2298349810673887
0.01426426426426427  0.2302089536321439  0.2307287947518964
0.01431431431431432  0.2310444015486718  0.2315621931418544
0.01436436436436436  0.2318219059651223  0.2323352011576246
0.01441441441441441  0.2325412722919387  0.2330481426186625
0.01446446446446446  0.2332023205058367  0.2337015954108717
0.01451451451451452  0.2338048851910262  0.2342963233183356
0.01456456456456457  0.2343488155771199  0.2348331895843601
0.01461461461461462  0.2348339755737477  0.2353130590009913
0.01466466466466467  0.2352602438018278  0.235736696576465
0.01471471471471471  0.2356275136214699  0.2361046714678306
0.01476476476476477  0.2359356931565228  0.2364172748054401
0.01481481481481482  0.2361847053157143  0.2366744592481575
0.01486486486486487  0.2363744878104401  0.2368758066232189
0.01491491491491492  0.2365049933381872  0.2370205279156777
0.01496496496496497  0.236576188808287  0.2371074973273321
0.01501501501501501  0.2365880567259123  0.2371353193181892
0.01506506506506507  0.2365405940700449  0.2371024247014696
0.01511511511511512  0.2364338128348475  0.237007189223415
0.01516516516516517  0.2362677396994311  0.236848065854299
0.01521521521521522  0.2360424160398595  0.2366237204502268
0.01526526526526527  0.2357578983082207  0.2363331596753874
0.01531531531531532  0.2354142576758221  0.2359758401973176
0.01536536536536537  0.2350115801063846  0.2355517492085746
0.01541541541541542  0.2345499663362338  0.235061448234927
0.01546546546546547  0.2340295318511139  0.2345060748366454
0.01551551551551552  0.2334504068596165  0.2338873000024957
0.01556556556556557  0.2328127362632589  0.2332072425311873
0.01561561561561562  0.2321166796232237  0.2324683452143453
0.01566566566566567  0.2313624111237369  0.2316732208905888
0.01571571571571572  0.2305501195321916  0.2308244791571416
0.01576576576576577  0.2296800081559419  0.2299245464657879
0.01581581581581582  0.2287522947958824  0.2289754933138846
0.01586586586586586  0.2277672116967689  0.2279788821616037
0.01591591591591592  0.2267250054943552  0.2269356485426579
0.01596596596596597  0.2256259371593386  0.2258460256523857
0.01601601601601602  0.2244702819382224  0.2247095196458523
0.01606606606606607  0.2232583292910488  0.2235249391819207
0.01611611611611612  0.2219903828260905  0.2222904786877505
0.01616616616616617  0.2206667602315568  0.2210038507054393
0.01621621621621622  0.219287793204318  0.2196624588415829
0.01626626626626627  0.2178538273757463  0.2182635995756249
0.01631631631631632  0.2163652222347091  0.2168046787594436
0.01636636636636637  0.2148223510477913  0.2152834272541626
0.01641641641641642  0.213225600776778  0.2136980999222421
0.01646646646646647  0.211575371993504  0.2120476431488719
0.01651651651651652  0.2098720787921666  0.2103318181425499
0.01656656656656657  0.2081161486991205  0.208551270306376
0.01661661661661662  0.2063080225802972  0.2067075387520981
0.01666666666666667  0.2044481545463614  0.2048030042612644
0.01671671671671672  0.202537011855628  0.202840778365204
0.01676676676676677  0.2005750748150225  0.2008245403907123
0.01681681681681682  0.1985628366789809  0.1987583329932121
0.01686686686686687  0.1965008035466551  0.1966463296095786
0.01691691691691692  0.1943894942574707  0.1944925892051368
0.01696696696696697  0.1922294402851231  0.1923008145397515
0.01701701701701702  0.1900211856304758  0.190074129897041
0.01706706706706707  0.1877652867131712  0.1878148928552464
0.01711711711711712  0.1854623122625463  0.185524552354851
0.01716716716716717  0.1831128432079051  0.1832035622297385
0.01721721721721722  0.1807174725684232  0.1808513557558268
0.01726726726726727  0.1782768053431016  0.1784663829031491
0.01731731731731732  0.1757914584010539  0.1760462081247413
0.01736736736736737  0.1732620603724352  0.1735876629345512
0.01741741741741742  0.1706892515406733  0.1710870444328687
0.01746746746746747  0.1680736837361262  0.1685403484994443
0.01751751751751752  0.165416020232222  0.1659435246958093
0.01756756756756757  0.1627169356441339  0.1632927390434398
0.01761761761761762  0.1599771158311639  0.1605846307549572
0.01766766766766767  0.1571972578033678  0.1578165496244995
0.01771771771771772  0.1543780696334864  0.1549867620222772
0.01776776776776777  0.1515202703751795  0.1520946151588979
0.01781781781781782  0.1486245899887515  0.1491406513481211
0.01786786786786787  0.1456917692758872  0.1461266662736806
0.01791791791791792  0.1427225598248619  0.1430557076442531
0.01796796796796797  0.1397177239682899  0.1399320130162036
0.01801801801801802  0.1366780347555085  0.1367608879196284
0.01806806806806807  0.133604275942234  0.1335485277094253
0.01811811811811812  0.1304972420005276  0.1303017887676931
0.01816816816816817  0.127357738152816  0.1270279168035608
0.01821821821821822  0.1241865804339217  0.1237342420234968
0.01826826826826827  0.1209845957867554  0.1204278528557031
0.01831831831831832  0.1177526221973382  0.1171152616540947
0.01836836836836837  0.1144915088768073  0.1138020772990676
0.01841841841841842  0.1112021164994116  0.1104927007351148
0.01846846846846847  0.1078853175075285  0.1071900600950067
0.01851851851851852  0.1045419964966983  0.1038954019973589
0.01856856856856857  0.1011730506983661  0.1006081547081056
0.01861861861861862  0.09777939057950305  0.09732587699223823
0.01866866866866867  0.09436194058652209  0.09404430356036711
0.01871871871871872  0.09092164006499533  0.09075749401602656
0.01876876876876877  0.08745944439743032  0.08745808720125187
0.01881881881881882  0.08397632641191433  0.08413765698893949
0.01886886886886887  0.08047327813104733  0.08078715915552055
0.01891891891891892  0.07695131295145524  0.07739745235316686
0.01896896896896897  0.07341146837337945  0.07395986983884793
0.01901901901901902  0.06985480943995474  0.07046681300778385
0.01906906906906907  0.06628243310428586  0.06691233343072446
0.01911911911911912  0.06269547382136333  0.06329266749209292
0.01916916916916917  0.05909511078263784  0.05960668726817493
0.01921921921921922  0.05548257738429475  0.05585623325517179
0.01926926926926927  0.0518591737878934  0.05204629907054706
0.01931931931931932  0.04822628383832425  0.04818504523802279
0.01936936936936937  0.04458539825898191  0.04428362835201091
0.01941941941941942  0.04093814710494718  0.04035584282722167
0.01946946946946947  0.03728634625333804  0.03641758441753883
0.01951951951951952  0.03363206586152014  0.03248615694369638
0.01956956956956957  0.02997773452698918  0.02857945531846506
0.01961961961961962  0.02632630389393769  0.02471506810404403
0.01966966966966967  0.02268152177303669  0.02090935062531957
0.01971971971971972  0.01904841194162993  0.01717652437591415
0.01976976976976977  0.01543418281363624  0.01352785955848149
0.01981981981981982  0.01185012580136528  0.009970994812221648
0.01986986986986987  0.008316162465709681  0.006509441499629988
0.01991991991991992  0.004874485467057359  0.003142309658278074
0.01996996996996997  0.001683984471155355  -0.0001357205475801468
0.02002002002002002  -0.001466475993829645  -0.003334173453900616
0.02007007007007007  -0.002968445586268749  -0.006466306695499479
0.02012012012012012  -0.006131329947052203  -0.009548418710438392
0.02017017017017017  -0.009540082704505405  -0.01259897464022043
0.02022022022022022  -0.0130485309180394  -0.01563760304205311
0.02027027027027027  -0.01661189422880863  -0.01868402513285065
0.02032032032032032  -0.02020843202032774  -0.02175698340630773
0.02037037037037037  -0.02382572826304311  -0.02487323695797171
0.02042042042042042  -0.02745586027246389  -0.02804668660952145
0.02047047047047047  -0.03109333192041997  -0.03128768420203176
0.02052052052052052  -0.0347340709888404  -0.03460256783299412
0.02057057057057057  -0.03837489566003159  -0.03799344925142739
0.02062062062062062  -0.04201320944016948  -0.04145826224203729
0.02067067067067067  -0.0456468168509333  -0.04499106291269411
0.02072072072072072  -0.04927380664073069  -0.04858255568342959
0.02077077077077077  -0.05289247498879254  -0.05222080372768379
0.02082082082082082  -0.05650127335244448  -0.05589207074766695
0.02087087087087087  -0.06009877207203331  -0.05958173312854649
0.02092092092092092  -0.0636836343712876  -0.0632751982498818
0.02097097097097097  -0.06725459740404263  -0.06695876621002105
0.02102102102102102  -0.07081045819175638  -0.07062037825100517
0.02107107107107107  -0.0743500630282139  -0.07425020520817996
0.02112112112112112  -0.07787229938778911  -0.07784104250677164
0.02117117117117117  -0.08137608967275872  -0.08138849350395241
0.02122122122122122  -0.08486038633144474  -0.08489093911836321
0.02127127127127127  -0.08832416801249038  -0.0883493074370639
0.02132132132132132  -0.09176643651201048  -0.09176667115315318
0.02137137137137137  -0.09518621433424704  -0.09514771222743272
0.02142142142142142  -0.09858254273202495  -0.09849810128431936
0.02147147147147147  -0.101954480125887  -0.1018238434425329
0.02152152152152152  -0.1053011008247143  -0.1051306423620793
0.02157157157157157  -0.1086214939883915  -0.108423330414485
0.02162162162162162  -0.1119147627861095  -0.1117054055081601
0.02167167167167167  -0.1151800237139592  -0.1149787049426338
0.02172172172172172  -0.1184164060429753  -0.1182432346303339
0.02177177177177177  -0.1216230513746402  -0.1214971591301752
0.02182182182182182  -0.1247991132854054  -0.1247369452244573
0.02187187187187187  -0.1279437570452056  -0.1279576402192205
0.02192192192192192  -0.1310561593978944  -0.1311532565997804
0.02197197197197197  -0.1341355083935322  -0.134317227773192
0.02202202202202202  -0.1371810032643749  -0.1374428957793139
0.02207207207207207  -0.1401918543377354  -0.140523991198315
0.02212212212212212  -0.1431672829800422  -0.1435550679076738
0.02217217217217217  -0.1461065215673803  -0.1465318605020148
0.02222222222222222  -0.1490088134784853  -0.1494515395400866
0.02227227227227227  -0.1518734131068643  -0.1523128486502977
0.02232232232232232  -0.1546995858891759  -0.1551161171517415
0.02237237237237237  -0.1574866083474081  -0.1578631514678049
0.02242242242242242  -0.1602337681428181  -0.1605570175052074
0.02247247247247247  -0.1629403641398079  -0.163201733729352
0.02252252252252252  -0.1656057064782351  -0.1658019004070142
0.02257257257257258  -0.1682291166527766  -0.1683622941081871
0.02262262262262262  -0.170809927598244  -0.1708874579205631
0.02267267267267267  -0.1733474837798114  -0.173381316980915
0.02272272272272272  -0.1758411412872668  -0.1758468460558793
0.02277277277277277  -0.178290267932562  -0.178285811336326
0.02282282282282282  -0.180694243349921  -0.1806986027556974
0.02287287287287287  -0.1830524590979682  -0.1830841664719225
0.02292292292292292  -0.1853643187633009  -0.1854400401487756
0.02297297297297297  -0.1876292380650566  -0.1877624868028094
0.02302302302302302  -0.1898466449600636  -0.1900467166666436
0.02307307307307307  -0.1920159797481927  -0.192287181111785
0.02312312312312313  -0.1941366951775632  -0.1944779184469592
0.02317317317317318  -0.1962082565493316  -0.1966129285440083
0.02322322322322323  -0.1982301418217722  -0.1986865518409837
0.02327327327327327  -0.2002018417134167  -0.2006938283442039
0.02332332332332332  -0.2021228598050294  -0.2026308137367495
0.02337337337337337  -0.2039927126402179  -0.2044948324772337
0.02342342342342342  -0.2058109298245053  -0.2062846516602771
0.02347347347347347  -0.2075770541226838  -0.2080005641889536
0.02352352352352352  -0.209290641554338  -0.2096443752260607
0.02357357357357357  -0.2109512614873325  -0.2112192916654305
0.02362362362362362  -0.2125584967292275  -0.2127297202032858
0.02367367367367368  -0.2141119436164173  -0.214180985188719
0.02372372372372373  -0.2156112121009661  -0.2155789824918481
0.02377377377377378  -0.2170559258349828  -0.2169297898595801
0.02382382382382383  -0.2184457222524845  -0.2182392573699666
0.02387387387387388  -0.2197802526486464  -0.219512603424952
0.02392392392392393  -0.2210591822563696  -0.2207540420727352
0.02397397397397397  -0.2222821903201101  -0.221966466230534
0.02402402402402402  -0.2234489701668688  -0.2231512085785601
0.02407407407407407  -0.2245592292743218  -0.224307897605438
0.02412412412412412  -0.2256126893360018  -0.2254344206931094
0.02417417417417417  -0.2266090863235367  -0.2265269995269668
0.02422422422422423  -0.227548170545797  -0.2275803758848311
0.02427427427427428  -0.2284297067050405  -0.2285880984492404
0.02432432432432433  -0.229253473949889  -0.2295428942012673
0.02437437437437438  -0.2300192659251847  -0.2304371017020644
0.02442442442442443  -0.2307268908186619  -0.2312631386374525
0.02447447447447448  -0.2313761714044015  -0.2320139728127613
0.02452452452452453  -0.2319669450830487  -0.2326835646584993
0.02457457457457458  -0.232499063918759  -0.2332672504237462
0.02462462462462462  -0.2329723946728625  -0.2337620386148
0.02467467467467467  -0.2333868188342162  -0.2341667977302647
0.02472472472472472  -0.2337422326462229  -0.2344823206241752
0.02477477477477477  -0.2340385471305244  -0.2347112594163736
0.02482482482482483  -0.2342756881073074  -0.2348579341559861
0.02487487487487488  -0.2344535962122759  -0.2349280277394011
0.02492492492492493  -0.2345722270522268  -0.2349281881668588
0.02497497497497498  -0.2346315505543558  -0.2348655663995633
0.02502502502502503  -0.2346315521122918  -0.2347473232444638
0.02507507507507508  -0.234572231716263  -0.2345801413821393
0.02512512512512513  -0.2344536043169893  -0.2343697785851252
0.02517517517517518  -0.2342756995961185  -0.2341206952874703
0.02522522522522523  -0.2340385618968585  -0.233835784128575
0.02527527527527528  -0.2337422506863409  -0.2335162212976826
0.02532532532532533  -0.2333868401435434  -0.2331614500386108
0.02537537537537538  -0.2329724192459993  -0.2327692962812584
0.02542542542542543  -0.232499091749476  -0.2323362058849024
0.02547547547547548  -0.2319669761642876  -0.2318575832730048
0.02552552552552553  -0.2313762057282822  -0.2313282031259041
0.02557557557557558  -0.2307269283764775  -0.2307426609741681
0.02562562562562563  -0.2300193067074094  -0.2300958255162154
0.02567567567567568  -0.2292535179461778  -0.2293832555545024
0.02572572572572573  -0.2284297539042296  -0.2286015476286579
0.02577577577577578  -0.2275482209359051  -0.2277485864792844
0.02582582582582583  -0.2266091398917707  -0.2268236789085441
0.02587587587587588  -0.2256127460687636  -0.2258275617062835
0.02592592592592593  -0.2245592891571966  -0.2247622852231554
0.02597597597597598  -0.223449033184648  -0.2236309849519448
0.02602602602602603  -0.2222822564567742  -0.222437563185847
0.02607607607607608  -0.2210592514951031  -0.2211863105977301
0.02612612612612613  -0.2197803249718405  -0.2198815027329089
0.02617617617617618  -0.2184457976417419  -0.2185270084563084
0.02622622622622623  -0.217056004271115  -0.2171259461423834
0.02627627627627628  -0.2156112935639988  -0.2156804189313196
0.02632632632632633  -0.2141120280855981  -0.2141913530768583
0.02637637637637638  -0.2125585841830264  -0.2126584539130121
0.02642642642642643  -0.2109513519034501  -0.211080283108719
0.02647647647647648  -0.2092907349097029  -0.2094544496322294
0.02652652652652653  -0.2075771503934643  -0.2077778962260729
0.02657657657657658  -0.2058110289861042  -0.2060472541716859
0.02662662662662663  -0.2039928146672907  -0.2042592325375749
0.02667667667667668  -0.2021229646714741  -0.2024110045852948
0.02672672672672673  -0.200201949392388  -0.2005005539093074
0.02677677677677678  -0.1982302522856837  -0.1985269462632938
0.02682682682682683  -0.1962083697698555  -0.1964904996102648
0.02687687687687688  -0.1941368111256428  -0.1943928341684279
0.02692692692692693  -0.19201609839404  -0.1922367952975984
0.02697697697697698  -0.189846766273168  -0.1900262539936483
0.02702702702702703  -0.1876293620141852  -0.1877658014464343
0.02707707707707708  -0.1853644453165094  -0.1854603644917169
0.02712712712712713  -0.1830525882225987  -0.1831147768714411
0.02717717717717718  -0.1806943750126068  -0.1807333462227892
0.02722722722722723  -0.1782904020992301  -0.1783194581263303
0.02727727727727728  -0.1758412779231502  -0.175875256153804
0.02732732732732733  -0.1733476228494429  -0.1734014308072445
0.02737737737737738  -0.1708100690654626  -0.1708971410076238
0.02742742742742743  -0.1682292604807291  -0.1683600801461172
0.02747747747747748  -0.1656058526293763  -0.1657866856607547
0.02752752752752753  -0.1629405125759075  -0.1631724778011581
0.02757757757757758  -0.1602339188249563  -0.1605125008941924
0.02762762762762763  -0.1574867612359825  -0.1578018301655308
0.02767767767767768  -0.154699740943887  -0.1550360999824398
0.02772772772772773  -0.1518735702867337  -0.1522120059847037
0.02777777777777778  -0.1490089727418307  -0.1493277343620876
0.02782782782782783  -0.1461066828718268  -0.1463832765526921
0.02787787787787788  -0.1431674462825178  -0.1433805965320948
0.02792792792792793  -0.1401920195944546  -0.1403236299478469
0.02797797797797798  -0.1371811704308312  -0.1372181086307672
0.02802802802802803  -0.1341356774244898  -0.1340712192800962
0.02807807807807808  -0.1310563302473689  -0.1308911200484782
0.02812812812812813  -0.1279439296664593  -0.127686352028074
0.02817817817817818  -0.1247992876308962  -0.1244651930548433
0.02822822822822823  -0.1216232273960327  -0.1212350078256959
0.02827827827827828  -0.118416583691081  -0.1180016503975804
0.02832832832832833  -0.1151802029387114  -0.1147689724213085
0.02837837837837838  -0.111914943536523  -0.1115384830775444
0.02842842842842843  -0.1086216762124911  -0.1083091951555306
0.02847847847847848  -0.1053012844694869  -0.1050776769438303
0.02852852852852853  -0.1019546651371931  -0.1018383127752375
0.02857857857857858  -0.09858272905451397  -0.09858375757724053
0.02862862862862863  -0.09518640191123581  -0.09530555409572759
0.02867867867867868  -0.09176662528536524  -0.09199486701148361
0.02872872872872873  -0.08832435792242906  -0.08864327722127069
0.02877877877877878  -0.08486057731637217  -0.08524357309369103
0.02882882882882883  -0.08137628166899065  -0.08179047416022296
0.02887887887887888  -0.07787249232927169  -0.07828122666450221
0.02892892892892893  -0.07435025684611507  -0.07471601942771758
0.02897897897897898  -0.07081065281403424  -0.07109818192515122
0.02902902902902903  -0.06725479275476326  -0.0674341432586085
0.02907907907907908  -0.06368383036994292  -0.06373314951575987
0.02912912912912913  -0.06009896863247666  -0.06000675630253032
0.02917917917917918  -0.05650147038161393  -0.05626813144255076
0.02922922922922923  -0.05289267238493603  -0.05253121845036186
0.02927927927927928  -0.04927400429108478  -0.04880982310036788
0.02932932932932933  -0.0456470146284951  -0.04511669223838965
0.02937937937937938  -0.04201340719900023  -0.0414626553223218
0.02942942942942943  -0.03837509322883989  -0.03785589488348742
0.02947947947947948  -0.03473426816108068  -0.03430140248722854
0.02952952952952953  -0.03109352841031243  -0.03080066259189927
0.02957957957957958  -0.02745605576045268  -0.02735158909069101
0.02962962962962963  -0.02382592228896776  -0.02394871968289824
0.02967967967967968  -0.02020862392084212  -0.02058365314785975
0.02972972972972973  -0.01661208297254668  -0.01724569569892068
0.02977977977977978  -0.01304871472146999  -0.01392266640608269
0.02982982982982983  -0.009540257932150213  -0.01060179949232475
0.02987987987987988  -0.006131486580253191  -0.007270674102565149
0.02992992992992993  -0.002968564461103222  -0.003918100483208873
0.02997997997997998  -0.001466494037850211  -0.0005348954999461215
0.03003003003003003  0.00168386469119968  0.002885510282965585
0.03008008008008008  0.00487430908656573  0.006346677920580218
0.03013013013013013  0.008315980737502327  0.009849004562417121
0.03018018018018018  0.01184993854309597  0.01338981467624454
0.03023023023023023  0.01543399173463499  0.01696368603489099
0.03028028028028028  0.01904821824552223  0.02056298007365032
0.03033033033033033  0.02268132625575933  0.02417853046348277
0.03038038038038038  0.02632610710220397  0.02780043186741744
0.03043043043043043  0.02997753685492817  0.03141886376878843
0.03048048048048048  0.03363186762151935  0.03502488249497008
0.03053053053053053  0.03728614765907559  0.03861111818283963
0.03058058058058058  0.04093794834792736  0.04217232208189688
0.03063063063063063  0.04458519949888747  0.04570572249935895
0.03068068068068068  0.0482260852121312  0.04921116376028409
0.03073073073073073  0.05185897541559014  0.05269102043780578
0.03078078078078078  0.0554823793730943  0.05614989734009408
0.03083083083083083  0.05909491322964413  0.05959414284233297
0.03088088088088088  0.06269527681611371  0.06303121776592892
0.03093093093093093  0.06628223672982175  0.06646897299867234
0.03098098098098098  0.06985461377431446  0.06991489559514809
0.03103103103103103  0.07341127349041873  0.07337538474776886
0.03108108108108108  0.07695111892159606  0.07685511573320845
0.03113113113113113  0.0804730850216072  0.08035654206866127
0.03118118118118118  0.08397613428777749  0.0838795743777539
0.03123123123123123  0.08745925332131474  0.08742145987867223
0.03128128128128128  0.09092145009767466  0.09097687019105677
0.03133133133133133  0.09436175178707158  0.09453818863743321
0.03138138138138138  0.09777920300551501  0.09809597271143429
0.03143143143143143  0.1011728644060396  0.1016395541060574
0.03148148148148149  0.1045418115410661  0.1051577286401532
0.03153153153153153  0.1078851339423988  0.1086394823123597
0.03158158158158159  0.1112019343776353  0.1120746979296151
0.03163163163163163  0.114491328250162  0.1154547893379292
0.03168168168168169  0.117752443116741  0.1187732169068577
0.03173173173173173  0.120984418302231  0.12202584796102
0.03178178178178179  0.1241864045946701  0.1252111384316889
0.03183183183183183  0.1273575640071822  0.1283301260664908
0.03188188188188189  0.1304970695961637  0.1313862399493223
0.03193193193193193  0.1336041053259762  0.1343849447178453
0.03198198198198199  0.1366778659734651  0.1373332496932083
0.03203203203203203  0.1397175570658925  0.1402391223059664
0.03208208208208209  0.142722394846779  0.1431108510969359
0.03213213213213213  0.1456916062661407  0.1459564058581778
0.03218218218218218  0.1486244289906656  0.148782841112202
0.03223223223223223  0.1515201114313836  0.1515957843503288
0.03228228228228228  0.1543779127859561  0.1543990427589249
0.03233233233233233  0.1571971030933712  0.1571943522568784
0.03238238238238238  0.1599769632993255  0.1599812813894474
0.03243243243243243  0.1627167853303876  0.1627572908839575
0.03248248248248248  0.165415872175838  0.1655179383753416
0.03253253253253253  0.1680735379757168  0.1682572077837606
0.03258258258258259  0.1706891081141317  0.1709679347641283
0.03263263263263264  0.1732619193170382  0.1736422940576306
0.03268268268268269  0.1757913197533565  0.1762723117528965
0.03273273273273274  0.1782766691389963  0.1788503654790533
0.03278278278278279  0.1807173388431024  0.1813696382572217
0.03283283283283284  0.1831127119958885  0.1838244967848035
0.03288288288288288  0.185462183597652  0.1862107718196075
0.03293293293293294  0.1877651606285078  0.1885259264544837
0.03298298298298298  0.1900210621584704  0.1907691067611699
0.03303303303303304  0.1922293194575017  0.1929410778620062
0.03308308308308308  0.1943893761052109  0.1950440563403367
0.03313313313313314  0.1965006881000681  0.1970814564940382
0.03318318318318318  0.1985627239676132  0.1990575728718691
0.03323323323323324  0.2005749648677307  0.2009772245567574
0.03328328328328328  0.2025369047005165  0.2028453876796409
0.03333333333333334  0.2044480502108089  0.2046668417229666
0.03338338338338338  0.2063079210909495  0.2064458525049445
0.03343343343343344  0.208116050081857  0.2081859106366369
0.03348348348348348  0.2098719830721457  0.2098895391122886
0.03353353353353353  0.21157527919512  0.2115581779697638
0.03358358358358358  0.2132255109236565  0.2131921480975813
0.03363363363363363  0.2148222641628219  0.2147906906949787
0.03368368368368369  0.2163651383399872  0.2163520739871757
0.03373373373373374  0.2178537464926124  0.2178737548554069
0.03378378378378379  0.2192877153533367  0.2193525802658868
0.03383383383383384  0.2206666854325013  0.2207850118744097
0.03388388388388389  0.2219903110979722  0.2221673569497787
0.03393393393393394  0.223258260652073  0.2234959897113663
0.03398398398398399  0.2244702164058091  0.2247675491480486
0.03403403403403404  0.225625874750125  0.2259791021562019
0.03408408408408409  0.2267249462241699  0.2271282641414003
0.03413413413413414  0.2277671555806434  0.2282132727973739
0.03418418418418419  0.2287522418480485  0.2292330143371195
0.03423423423423423  0.2296799583898172  0.2301870047587283
0.03428428428428429  0.2305500729603907  0.2310753315782402
0.03433433433433433  0.2313623677580558  0.2318985636969195
0.03438438438438439  0.23211663947465  0.2326576385923121
0.03443443443443443  0.232812699341966  0.2333537367882121
0.03448448448448449  0.2334503731749439  0.2339881535827974
0.03453453453453453  0.2340295014115973  0.2345621773568721
0.03458458458458459  0.2345499391495849  0.2350769825468871
0.03463463463463463  0.2350115561794808  0.2355335436808801
0.03468468468468468  0.2354142370147163  0.2359325748868976
0.03473473473473473  0.235757880918146  0.2362744971474738
0.03478478478478478  0.2360424019252153  0.2365594334409915
0.03483483483483484  0.2362677288637824  0.2367872299182565
0.03488488488488489  0.2364338054943692  0.2369574995288064
0.03493493493493494  0.2365405900465817  0.2370696831289604
0.03498498498498499  0.2365880557865136  0.2371231221364588
0.03503503503503504  0.2365761909949585  0.2371171362822619
0.03508508508508509  0.2365049985799142  0.237051099953669
0.03513513513513514  0.2363744966773175  0.2369245110065544
0.03518518518518519  0.2361847174633329  0.2367370467048317
0.03523523523523524  0.2359357085818155  0.2364886025577316
0.03528528528528529  0.2356275323205373  0.236179311194292
0.03533533533533534  0.2352602657699308  0.2358095399453762
0.03538538538538539  0.2348340008053242  0.2353798674041352
0.03543543543543544  0.234348844065784  0.2348910408038662
0.03548548548548549  0.2338049169295763  0.234343917493049
0.03553553553553554  0.2332023554862301  0.2337393950112177
0.03558558558558559  0.2325413105053124  0.2330783351979245
0.03563563563563564  0.2318219474017983  0.2323614883373903
0.03568568568568568  0.2310444461981614  0.231589423510197
0.03573573573573574  0.2302090014831373  0.2307624710678529
0.03578578578578578  0.2293158223672598  0.2298806824690834
0.03583583583583584  0.2283651324350902  0.2289438116478143
0.03588588588588588  0.2273571696943238  0.2279513206732654
0.03593593593593594  0.2262921865215791  0.2269024107945038
0.03598598598598599  0.225170449605157  0.2257960781325686
0.03603603603603604  0.2239922398846149  0.2246311914106072
0.03608608608608609  0.2227578524872975  0.2234065873242747
0.03613613613613614  0.2214675966618168  0.2221211775794246
0.03618618618618619  0.2201217957085502  0.2207740603868918
0.03623623623623624  0.2187207869072345  0.2193646284144841
0.03628628628628629  0.2172649214416446  0.2178926649374815
0.03633633633633634  0.2157545643214593  0.2163584202551549
0.03638638638638639  0.2141900943013882  0.2147626613658215
0.03643643643643644  0.2125719037976037  0.2131066893881934
0.03648648648648649  0.2109003988015546  0.2113923212096164
0.03653653653653654  0.2091759987912547  0.2096218342173717
0.03658658658658659  0.2073991366401375  0.207797875578193
0.03663663663663664  0.2055702585235202  0.2059233401927031
0.03668668668668669  0.2036898238229019  0.2040012239726662
0.03673673673673674  0.2017583050280557  0.202034461274045
0.03678678678678679  0.1997761876371129  0.2000257569824848
0.03683683683683684  0.1977439700548482  0.197977424737187
0.03688688688688689  0.1956621634891361  0.1958912429805403
0.03693693693693694  0.1935312918459063  0.193768339874427
0.03698698698698699  0.1913518916226543  0.191609116635987
0.03703703703703703  0.189124511800781  0.1894132165773973
0.03708708708708709  0.1868497137369677  0.1871795442249731
0.03713713713713714  0.1845280710537264  0.1849063355218079
0.03718718718718719  0.1821601695295127  0.1825912765248124
0.03723723723723724  0.1797466069886355  0.1802316644465373
0.03728728728728729  0.1772879931912793  0.1778246016380706
0.03733733733733734  0.1747849497240035  0.1753672104138691
0.03738738738738739  0.1722381098911228  0.1728568547161477
0.03743743743743744  0.1696481186074889  0.1702913536635904
0.03748748748748749  0.1670156322930352  0.1676691721467029
0.03753753753753754  0.1643413187698293  0.1649895748303566
0.03758758758758759  0.1616258571621758  0.1622527321538601
0.03763763763763764  0.1588699378006461  0.1594597700350392
0.03768768768768769  0.1560742621305949  0.156612758775562
0.03773773773773774  0.1532395426265569  0.1537146408588483
0.03778778778778779  0.1503665027132874  0.1507691016203764
0.03783783783783784  0.1474558766949486  0.1477803908322902
0.03788788788788789  0.1445084096937271  0.1447531067704759
0.03793793793793794  0.1415248576000029  0.141691957049965
0.03798798798798799  0.1385059870354489  0.1386015122132435
0.03803803803803804  0.1354525753321138  0.1354859686011604
0.03808808808808809  0.1323654105298576  0.1323489363844113
0.03813813813813814  0.1292452913952882  0.1291932668340108
0.03818818818818819  0.1260930274665678  0.1260209301021186
0.03823823823823824  0.1229094391283173  0.1228329511898533
0.03828828828828829  0.1196953577219578  0.1196294076737523
0.03833833833833834  0.116451625698813  0.1164094884688884
0.03838838838838839  0.1131790968232276  0.1131716087486078
0.03843843843843844  0.1098786364359577  0.1099135724335087
0.03848848848848849  0.1065511217893862  0.1066327706791016
0.03853853853853854  0.1031974424694837  0.1033264027304226
0.03858858858858859  0.09981850092239844  0.09999170451133355
0.03863863863863864  0.09641521310868491  0.09662617040450822
0.03868868868868869  0.09298850931289468  0.09322775480556705
0.03873873873873874  0.08953933514497557  0.08979504206738925
0.03878878878878879  0.08606865277927755  0.08632737618113076
0.03883883883883884  0.08257744249005361  0.08282494471471656
0.03888888888888889  0.07906670456020193  0.07928881487286227
0.03893893893893894  0.07553746166466588  0.07572092277184199
0.03898898898898899  0.07199076186165965  0.07212401989321199
0.03903903903903904  0.06842768237353399  0.06850158297991758
0.03908908908908909  0.06484933440194533  0.06485769523688373
0.03913913913913914  0.06125686931885059  0.06119690752142092
0.03918918918918919  0.05765148671098522  0.05752408827155031
0.03923923923923924  0.05403444496348035  0.05384427030650889
0.03928928928928929  0.05040707538134608  0.05016250147772133
0.03933933933933934  0.04677080134072639  0.04648370464186624
0.03938938938938939  0.04312716475000536  0.04281255076481098
0.03943943943943944  0.03947786340742121  0.03915334735266637
0.03948948948948949  0.03582480508204767  0.035509943016787
0.03953953953953954  0.03217018813832208  0.03188564794856442
0.03958958958958959  0.028516626019638  0.02828316948668929
0.03963963963963964  0.02486734749676018  0.02470456181529613
0.03968968968968969  0.02122653624322145  0.02115118909697543
0.03973973973973974  0.01759994405061446  0.01762370191162158
0.0397897897897898  0.01399609455831919  0.01412202760303342
0.03983983983983984  0.01042892398981038  0.0106453758619872
0.0398898898898899  0.00692458063469061  0.007192261432539843
0.03993993993993994  0.003546149958163496  0.003760546067819554
0.03998998998999  0.0006185505966997514  0.0003475016714663982
0.04004004004004004  -0.001637175364177504  -0.003050104108272192
0.04009009009009009  -0.004179506961239947  -0.006435899714757303
0.04014014014014014  -0.00747807663475239  -0.009813780382761726
0.04019019019019019  -0.01093480890994178  -0.01318776095948389
0.04024024024024024  -0.01446880391731504  -0.01656181601972057
0.04029029029029029  -0.01804736086479067  -0.0199397142451631
0.04034034034034034  -0.0216533743744911  -0.02332485550005033
0.04039039039039039  -0.02527658907309546  -0.02672011996270302
0.04044044044044044  -0.02891022093352297  -0.03012773889684872
0.04049049049049049  -0.03254942954664755  -0.03354919607648248
0.04054054054054054  -0.03619054671414799  -0.03698516747099823
0.04059059059059059  -0.0398306529169577  -0.04043550461994086
0.04064064064064064  -0.04346732959699437  -0.04389926429974481
0.04069069069069069  -0.04709850629097945  -0.04737478382571657
0.04074074074074074  -0.05072236229960186  -0.05085979789091104
0.04079079079079079  -0.05433726113743391  -0.05435158952597204
0.04084084084084084  -0.05794170550680684  -0.05784716486016225
0.04089089089089089  -0.06153430556741134  -0.06134343915854178
0.04094094094094095  -0.06511375607668184  -0.06483742033045949
0.040990990990991  -0.0686788196028584  -0.06832637590513835
0.04104104104104105  -0.07222831398980037  -0.07180797041721326
0.04109109109109109  -0.07576110285911763  -0.07528036220232275
0.04114114114114115  -0.07927608832110965  -0.07874225164151348
0.04119119119119119  -0.08277220531789226  -0.08219287667665787
0.04124124124124125  -0.08624841719035671  -0.08563195566232626
0.04129129129129129  -0.08970371217466372  -0.08905958196462929
0.04134134134134135  -0.09313710061342148  -0.09247607880488942
0.04139139139139139  -0.09654761272228761  -0.09588182631757998
0.04144144144144144  -0.09993429679247519  -0.09927707535137054
0.04149149149149149  -0.1032962177386592  -0.1026617639381682
0.04154154154154154  -0.1066324559227298  -0.1060353524617567
0.04159159159159159  -0.1099421061996492  -0.1093966923398003
0.04164164164164164  -0.1132242771433781  -0.1127439405617015
0.04169169169169169  -0.1164780904197437  -0.1160745289041842
0.04174174174174174  -0.1197026802799383  -0.1193851923388913
0.04179179179179179  -0.1228971931536459  -0.1226720564128131
0.04184184184184184  -0.1260607873247744  -0.1259307785978816
0.04189189189189189  -0.1291926326760717  -0.1291567341782777
0.04194194194194194  -0.1322919104913756  -0.132345233520096
0.04199199199199199  -0.1353578133063089  -0.1354917548796237
0.04204204204204205  -0.1383895447997428  -0.1385921754484641
0.0420920920920921  -0.1413863197197691  -0.1416429832659622
0.04214214214214215  -0.1443473638388736  -0.1446414539087324
0.0421921921921922  -0.1472719139338998  -0.1475857784505253
0.04224224224224225  -0.1501592177870714  -0.1504751327981574
0.0422922922922923  -0.1530085342049272  -0.1533096829227983
0.04234234234234235  -0.1558191330524927  -0.1560905253049816
0.0423923923923924  -0.1585902953003963  -0.1588195667646922
0.04244244244244245  -0.1613213130829851  -0.1614993523273281
0.0424924924924925  -0.1640114897657445  -0.1641328535666293
0.04254254254254254  -0.1666601400205751  -0.1667232326532432
0.0425925925925926  -0.1692665899076787  -0.169273598933254
0.04264264264264264  -0.1718301769629366  -0.1717867751516419
0.04269269269269269  -0.1743502502898585  -0.1742650894233797
0.04274274274274274  -0.176826170655236  -0.176710206848921
0.04279279279279279  -0.1792573105877886  -0.17912301145875
0.04284284284284284  -0.1816430544791556  -0.181503545238504
0.04289289289289289  -0.1839827986866535  -0.1838510066420384
0.04294294294294294  -0.1862759516373055  -0.1861638066075944
0.04299299299299299  -0.1885219339326922  -0.1884396759723844
0.04304304304304304  -0.1907201784542163  -0.1906758146675372
0.04309309309309309  -0.1928701304684377  -0.1928690703965186
0.04314314314314315  -0.1949712477321547  -0.1950161328533902
0.0431931931931932  -0.1970230005969236  -0.1971137289995449
0.04324324324324325  -0.1990248721128069  -0.1991588054927543
0.0432932932932933  -0.2009763581310641  -0.2011486859642208
0.04334334334334335  -0.2028769674056086  -0.2030811932972478
0.0433933933933934  -0.2047262216930178  -0.2049547301490423
0.04344344344344345  -0.2065236558509345  -0.2067683144047045
0.0434934934934935  -0.2082688179347228  -0.2085215697851186
0.04354354354354355  -0.209961269292169  -0.2102146751472766
0.0435935935935936  -0.2116005846561767  -0.211848278895976
0.04364364364364365  -0.2131863522352643  -0.2134233871373063
0.0436936936936937  -0.2147181738018096  -0.2149412356375668
0.04374374374374375  -0.216195664777912  -0.2164031562047832
0.0437937937937938  -0.2176184543187638  -0.217810447816299
0.04384384384384385  -0.2189861853934777  -0.21916426173929
0.04389389389389389  -0.2202985148632927  -0.2204655081352339
0.04394394394394395  -0.2215551135570262  -0.2217147894482898
0.04399399399399399  -0.2227556663437917  -0.2229123633848938
0.04404404404404404  -0.223899872202846  -0.2240581357665951
0.04409409409409409  -0.2249874442905537  -0.2251516811668851
0.04414414414414414  -0.2260181100043873  -0.2261922872335861
0.04419419419419419  -0.2269916110439414  -0.2271790170319767
0.04424424424424424  -0.2279077034688826  -0.2281107828296384
0.0442942942942943  -0.2287661577538289  -0.2289864243754574
0.04434434434434435  -0.2295667588400839  -0.2298047850283821
0.0443943943943944  -0.2303093061842256  -0.2305647798879583
0.04444444444444445  -0.2309936138034983  -0.2312654513308237
0.0444944944944945  -0.2316195103179585  -0.2319060088797862
0.04454454454454455  -0.2321868389894092  -0.2324858520052663
0.0445945945945946  -0.2326954577570201  -0.2330045760881586
0.04464464464464465  -0.2331452392696751  -0.2334619632385017
0.0446946946946947  -0.2335360709149956  -0.2338579608370501
0.04474474474474475  -0.2338678548450253  -0.2341926514584209
0.0447947947947948  -0.2341405079985687  -0.2344662181982369
0.04484484484484485  -0.2343539621201813  -0.2346789093695727
0.0448948948948949  -0.2345081639404668  -0.2348310060853426
0.04494494494494495  -0.2346030744621687  -0.2349227954818318
0.044994994994995  -0.2346386701417607  -0.2349545513649357
0.04504504504504505  -0.2346149420968993  -0.2349265229844751
0.0450950950950951  -0.2345318962491106  -0.2348389316042044
0.04514514514514515  -0.2343895536183099  -0.2346919736105924
0.0451951951951952  -0.2341879494690682  -0.2344858282227647
0.04524524524524524  -0.2339271344116808  -0.2342206674689049
0.0452952952952953  -0.2336071737376394  -0.2338966660168922
0.04534534534534534  -0.2332281475475668  -0.2335140086874548
0.0453953953953954  -0.2327901507329172  -0.2330728939930824
0.04544544544544545  -0.2322932929543061  -0.2325735327671093
0.0454954954954955  -0.2317376986164924  -0.2320161417817882
0.04554554554554555  -0.23112350684002  -0.2314009331032631
0.0455955955955956  -0.2304508714295343  -0.2307281006834958
0.04564564564564565  -0.2297199608388172  -0.2299978062628974
0.0456956956956957  -0.2289309581325149  -0.229210166962766
0.04574574574574575  -0.2280840609446267  -0.2283652469603335
0.0457957957957958  -0.2271794814337632  -0.2274630553283379
0.04584584584584585  -0.2262174462351987  -0.2265035515270631
0.0458958958958959  -0.225198196409753  -0.2254866592055298
0.04594594594594595  -0.2241219873895524  -0.2244122879957537
0.045995995995996  -0.2229890889206802  -0.2232803619624388
0.04604604604604605  -0.2217997850027744  -0.2220908524237823
0.0460960960960961  -0.2205543738256219  -0.220843812097042
0.04614614614614615  -0.2192531677027867  -0.2195394070309914
0.0461961961961962  -0.2178964930023227  -0.2181779426561436
0.04624624624624625  -0.2164846900746458  -0.2167598805342183
0.0462962962962963  -0.2150181131776012  -0.2152858430127092
0.04634634634634635  -0.213497130398814  -0.2137566039942295
0.0463963963963964  -0.2119221235753862  -0.2121730652396211
0.04644644644644645  -0.210293488211017  -0.2105362190671949
0.0464964964964965  -0.2086116333906266  -0.2088470996836503
0.04654654654654655  -0.2068769816925984  -0.207106726713759
0.0465965965965966  -0.205089969098713  -0.2053160455384533
0.04664664664664665  -0.2032510449018841  -0.2034758697038386
0.0466966966966967  -0.2013606716118456  -0.2015868308901014
0.04674674674674675  -0.1994193248588773  -0.1996493416129718
0.0467967967967968  -0.1974274932957502  -0.1976635750397262
0.04684684684684685  -0.1953856784980082  -0.1956294650149358
0.0468968968968969  -0.193294394862798  -0.1935467277556014
0.04694694694694695  -0.191154169506403  -0.1914149048370102
0.046996996996997  -0.1889655421606916  -0.1892334251318486
0.04704704704704705  -0.1867290650687313  -0.1870016815669351
0.0470970970970971  -0.1844453028797985  -0.18471911701578
0.04714714714714715  -0.1821148325440629  -0.1823853125596082
0.0471971971971972  -0.1797382432072913  -0.1800000708066175
0.04724724724724725  -0.1773161361058802  -0.1775634870598868
0.0472972972972973  -0.1748491244626244  -0.175076001871652
0.04734734734734735  -0.1723378333836663  -0.1725384298862811
0.0473973973973974  -0.1697828997571088  -0.1699519617251238
0.04744744744744745  -0.1671849721538567  -0.167318137912451
0.0474974974974975  -0.1645447107312999  -0.1646387962247229
0.04754754754754755  -0.1618627871405588  -0.1619159962037517
0.0475975975975976  -0.1591398844381308  -0.1591519266874544
0.04764764764764765  -0.156376697002808  -0.1563488038234665
0.0476976976976977  -0.1535739304589938  -0.1535087681054174
0.04774774774774775  -0.1507323016075884  -0.1506337891978874
0.0477977977977978  -0.1478525383659099  -0.1477255868884775
0.04784784784784785  -0.1449353797181914  -0.1447855751381307
0.0478978978978979  -0.1419815756786865  -0.1418148344054522
0.04794794794794795  -0.1389918872694532  -0.1388141147689183
0.047997997997998  -0.1359670865155357  -0.135783869707844
0.04804804804804805  -0.1329079564604973  -0.1327243174765561
0.0480980980980981  -0.1298152912059399  -0.1296355243187469
0.04814814814814815  -0.1266898959793318  -0.1265175014947233
0.0481981981981982  -0.1235325872351484  -0.1233703064981281
0.04824824824824825  -0.12034419279544  -0.1201941380766698
0.0482982982982983  -0.1171255520372402  -0.1169894147521262
0.04834834834834835  -0.1138775161355776  -0.1137568277771909
0.0483983983983984  -0.1106009483729149  -0.1104973613336089
0.04844844844844845  -0.107296724528297  -0.1072122757449134
0.0484984984984985  -0.1039657333623466  -0.1039030527170234
0.04854854854854855  -0.1006088772183482  -0.1005713053988963
0.0485985985985986  -0.09722707276451013  -0.09721865966639275
0.04864864864864865  -0.0938212519090388  -0.09384661647623185
0.0486986986986987  -0.09039236292804079  -0.09045640787896325
0.04874874874874875  -0.08694137185746305  -0.08704886121500109
0.0487987987987988  -0.08346926421494601  -0.08362428683216887
0.04884884884884885  -0.07997704713750528  -0.0801824043351665
0.0488988988988989  -0.07646575204796514  -0.07672232080466432
0.04894894894894895  -0.07293643800024611  -0.07324257163851558
0.048998998998999  -0.06939019590588481  -0.06974123090321138
0.04904904904904905  -0.06582815391752397  -0.06621609358741873
0.0490990990990991  -0.06225148435167084  -0.06266492698884572
0.04914914914914915  -0.0586614126877724  -0.05908578335330773
0.0491991991991992  -0.05505922941328201  -0.05547736093260285
0.04924924924924926  -0.05144630583770683  -0.05183939608303696
0.04929929929929931  -0.04782411555132637  -0.04817306576393175
0.04934934934934935  -0.04419426409110165  -0.0444813771833103
0.0493993993993994  -0.04055853084071784  -0.04076952061444373
0.04944944944944945  -0.0369189296987018  -0.0370451617093926
0.0494994994994995  -0.03327779950594478  -0.03331865170595033
0.04954954954954955  -0.02963794352594276  -0.02960313719245156
0.0495995995995996  -0.02600285357981182  -0.02591455562518578
0.04964964964964965  -0.02237708860362215  -0.02227150833121733
0.0496996996996997  -0.01876695478668218  -0.01869500867536917
0.04974974974974975  -0.0151818277165223  -0.01520810951913969
0.0497997997997998  -0.0116370042523897  -0.01183542032481705
0.04984984984984985  -0.008160813981995849  -0.008602529897072254
0.0498998998998999  -0.00481804884430354  -0.005535355889858241
0.04994994994994995  -0.001962645483700021  -0.002659445951718981
0.05  -1.280582921914502e-07  7.419744251277782e-07
