1
101
201
301
401
501
601
701
801
901
1000
8001
8101
8201
8301
8401
8501
8601
8701
8801
8901
9000
72001
72101
72201
72301
72401
72501
72601
72701
72801
72901
73000
80001
80101
80201
80301
80401
80501
80601
80701
80801
80901
81000
2001
2101
2205
2304
2404
2504
2603
2705
2808
2908
3986
4001
4102
4203
4305
4407
4507
4607
4707
4806
5885
5984
6001
6100
6202
6302
6403
6502
6602
6701
6801
18001
18101
12151
12355
10151
12857
14151
10351
15933
18203
18399
16151
18498
18598
18701
12655
18801
16851
18901
19979
20001
10650
20200
12254
20407
14354
12049
20509
12755
16350
13936
10753
16551
14253
14049
21986
14455
20803
22504
22099
14653
22201
20302
16048
14754
22805
16651
23987
25230
22303
22604
25429
16750
20100
24099
20700
22403
23882
22703
24596
24701
25983
10050
26001
24802
26099
26596
26697
27284
12456
26797
22001
24001
26898
28051
28150
28644
20903
31930
28747
28849
28451
30047
10252
33282
30147
30247
30350
30454
32149
33481
30555
30654
30754
30853
32046
32649
32749
33931
34150
33380
34645
34047
34748
34848
35275
10854
35375
35474
36001
36101
36199
36361
36496
36595
36692
36791
36893
36992
38296
38001
38904
38396
10452
12556
38100
38498
39981
40294
38698
38797
40001
40397
40099
40497
40803
40598
40699
41878
41977
42001
42099
38198
42197
42558
42694
42795
43327
43425
43976
44001
44098
44197
44550
44687
44791
38598
44890
45277
48853
46045
46146
46440
46542
46645
48149
52613
46842
48046
48343
48446
50342
48544
46743
48644
51475
48745
46946
49929
54356
50046
50145
52246
50642
50243
50743
51920
52046
52145
52735
52837
53371
54092
53470
54191
54486
54585
54686
54785
54888
54988
56093
56193
56290
56387
56490
56589
56690
56789
56894
56992
58001
58098
58195
58294
58392
59530
58688
58791
59867
59970
60001
60099
60388
60197
61523
60683
60785
61961
62001
62098
62194
62292
62656
65001
62777
62879
66142
64144
66440
64243
64842
66241
66539
64943
66338
66636
66735
66836
66936
68046
68145
68244
68341
68438
68605
68730
69908
74078
70047
70247
70147
70442
74386
74186
74485
74584
74286
10552
74681
74778
74883
74985
76991
76001
76189
76290
76487
76387
76682
76783
76880
78001
78099
78198
78389
78488
78649
78772
78984
14553
40195
48245
64440
64541
64639
28548
70344
60292
64738
20604
78293
70835
70734
76095
54001
54000
76580
64335
70624
36000
28351
32548
58596
30000
46342
12000
60593
34547
64059
66058
58475
68813
78854
52000
28232
69540
62575
32230
50423
77932
26180
46227
24180
32431
28929
26325
17451
17251
79551
62420
7951
71950
32829
17951
32331
24331
14833
9952
7251
7452
50821
1954
26519
77535
43502
79942
71000
18324
18
80122
80028
80008
72167
