1
101
201
301
401
501
601
701
801
901
1000
8001
8101
8201
8301
8401
8501
8601
8701
8801
8901
9000
72001
72101
72201
72301
72401
72501
72601
72701
72801
72901
73000
80001
80101
80201
80301
80401
80501
80601
80701
80801
80901
81000
40001
23000
58672
36858
44858
4342
36169
44186
76117
30504
24001
60001
56107
77000
20001
25590
4917
62536
41000
54622
19000
18440
62000
76558
27000
50343
8036
80970
753
72035
72255
971
72947
546
80755
58
8257
8441
80057
72746
8144
72366
80455
831
8366
80644
240
8952
8652
72833
470
8731
80239
15
80931
72530
80018
660
138
8828
80427
80156
8985
72331
8072
80277
72774
8476
72986
274
723
76876
572
8325
72225
8561
8775
8630
