t  x_1  x_2  x_3
0  0  3.835034237422929e-05  2.060581535123717e-20
5.005005005005005e-05  4.393867216263298e-07  0.004604043616903653  4.000238370508664e-18
0.0001001001001001001  6.357557306536305e-07  0.008657171397540528  9.566359556905417e-18
0.0001501501501501502  6.554027541176062e-07  0.0126452458862241  1.774102529904194e-17
0.0002002002002002002  6.585810598383709e-07  0.01694483204006194  4.655602596748131e-17
0.0002502502502502502  6.604557022402267e-07  0.02156413240810328  8.714498313437078e-17
0.0003003003003003003  6.654314037085121e-07  0.02609993251050744  8.261235004723989e-16
0.0003503503503503504  6.76139509191994e-07  0.02989550346400218  4.638339507049015e-16
0.0004004004004004004  6.946465301452186e-07  0.03222217827731096  5.655878267177542e-17
0.0004504504504504505  7.226334163272206e-07  0.03251742429702908  4.958809124256199e-17
0.0005005005005005005  7.601846313488242e-07  0.03090691434545313  1.659698278464707e-16
0.0005505505505505506  8.107362926099076e-07  0.02908497284176029  7.905775350325585e-17
0.0006006006006006007  8.728962160155336e-07  0.03044899585976124  4.400127704322309e-16
0.0006506506506506507  9.465789303916526e-07  0.03728421417995197  7.005689222587418e-16
0.0007007007007007008  1.031404797979371e-06  0.04952306101778173  7.023971394411888e-16
0.0007507507507507507  1.126826096995347e-06  0.0678545694595393  3.015353363483264e-16
0.0008008008008008008  1.232222819954379e-06  0.09298996301686335  4.769482803648564e-17
0.0008508508508508509  1.346966032262938e-06  0.1224591538815471  4.023525969011495e-16
0.0009009009009009009  1.470452840352311e-06  0.1506324929068402  2.187030034941786e-16
0.000950950950950951  1.602122546409277e-06  0.1715684239606553  5.754748516278766e-16
0.001001001001001001  1.741460946435156e-06  0.1817874379530302  8.810645151264498e-16
0.001051051051051051  1.887998658873974e-06  0.181329658546309  4.348722874946146e-16
0.001101101101101101  2.041306309446829e-06  0.1730068661658129  2.479163518862876e-15
0.001151151151151151  2.200989071404602e-06  0.1607945008611985  2.631398874552967e-15
0.001201201201201201  2.366681033310738e-06  0.14842582432354  2.102581281090992e-15
0.001251251251251251  2.538040285836033e-06  0.1386992945129485  2.410809488341704e-15
0.001301301301301301  2.714744622352946e-06  0.1334343688731432  3.035983773606155e-15
0.001351351351351351  2.896487969824454e-06  0.1337298065289135  2.404993057043074e-15
0.001401401401401402  3.082977437243437e-06  0.1401507078497881  2.339278363849367e-15
0.001451451451451452  3.27393092736608e-06  0.1526362063978352  1.531857899643882e-15
0.001501501501501501  3.469075199790808e-06  0.1702094389442711  4.406225196824018e-15
0.001551551551551552  3.66814434131912e-06  0.1907506340177373  2.572638210572527e-15
0.001601601601601602  3.870878502440199e-06  0.2110474014889389  7.600413385434916e-14
0.001651651651651652  4.07702292827616e-06  0.2272231883481567  7.2993681914654e-14
0.001701701701701702  4.286327186819616e-06  0.2355305775820924  6.573166482899594e-14
0.001751751751751752  4.498544527445955e-06  0.233315644987769  5.42046690879108e-14
0.001801801801801802  4.713431410070387e-06  0.2197845972291497  5.674874558351941e-14
0.001851851851851852  4.93074714433772e-06  0.1962151784539314  4.893419823163378e-14
0.001901901901901902  5.150253569708237e-06  0.1655120327450182  4.068734229958932e-14
0.001951951951951952  5.371714858731978e-06  0.1313428283698696  4.022425387999613e-14
0.002002002002002002  5.594897365294957e-06  0.09727120467449461  3.117745198944884e-14
0.002052052052052052  5.819569479536214e-06  0.06624823644597039  3.276291561169471e-14
0.002102102102102102  6.04550158478201e-06  0.04073289505884786  3.04065472046257e-14
0.002152152152152152  6.272466000435064e-06  0.02405508129005136  2.494477390288185e-14
0.002202202202202202  6.500236962500424e-06  0.02116580704478765  2.408626403231781e-14
0.002252252252252252  6.728590640648173e-06  0.02691980429816937  2.378888565783055e-14
0.002302302302302303  6.957305150844707e-06  0.03270001587826666  1.729105025917279e-14
0.002352352352352352  7.186160582500375e-06  0.03646522667821812  2.959757487382363e-14
0.002402402402402403  7.414939072190337e-06  0.03869435233965519  1.975801842500699e-14
0.002452452452452453  7.643424842261249e-06  0.04061124553327704  2.253835270965066e-14
0.002502502502502502  7.871404260094836e-06  0.04343378254708048  2.18944606028762e-14
0.002552552552552553  8.098665937313183e-06  0.04774288420809698  1.932658674432209e-14
0.002602602602602603  8.325000789743261e-06  0.05333273511601817  2.547895416703461e-14
0.002652652652652653  8.550202114198107e-06  0.0596766759645828  1.7193365894736e-14
0.002702702702702703  8.774065687467187e-06  0.06645139271629673  1.08722626942826e-14
0.002752752752752753  8.996389854376874e-06  0.07367159953485061  2.108289211577882e-14
0.002802802802802803  9.216975600861403e-06  0.08145386217966581  6.479602446753363e-15
0.002852852852852853  9.435626673061703e-06  0.0896908610714922  8.238563315980609e-16
0.002902902902902903  9.652149632720275e-06  0.0979135215309007  9.308071008089507e-15
0.002952952952952953  9.866353993423265e-06  0.1053936655177119  8.86881293922275e-16
0.003003003003003003  1.007805227893712e-05  0.1113421035206616  9.445813704066302e-15
0.003053053053053053  1.02870601309635e-05  0.1150621464731449  2.229223790937285e-15
0.003103103103103103  1.049319640518364e-05  0.1160263122836398  5.307177817219971e-15
0.003153153153153153  1.069628326145009e-05  0.1139187752350566  6.627661751788108e-15
0.003203203203203203  1.089614623837346e-05  0.1087053793675582  9.40055321024904e-15
0.003253253253253253  1.109261437170448e-05  0.1007836074607713  3.181452326273192e-15
0.003303303303303304  1.128552026304727e-05  0.09123073167735468  1.284649925265175e-14
0.003353353353353353  1.147470017924446e-05  0.08204259905312673  3.202214087969982e-15
0.003403403403403404  1.165999411645444e-05  0.07587536177444562  8.084107761806043e-15
0.003453453453453454  1.184124594216707e-05  0.07447992939233963  2.318841576916311e-15
0.003503503503503503  1.20183033974561e-05  0.07668877004417182  1.411550292309658e-14
0.003553553553553554  1.2191018218078e-05  0.07895628782844154  1.393475191679318e-14
0.003603603603603604  1.23592462463422e-05  0.07797504809675616  1.308446850231829e-14
0.003653653653653654  1.252284745587681e-05  0.07253713353872876  3.063784342699622e-15
0.003703703703703704  1.268168605365595e-05  0.06430358977155844  8.015868456161584e-15
0.003753753753753754  1.283563053738651e-05  0.05796527109368695  1.319279357652196e-14
0.003803803803803804  1.298455379939109e-05  0.05917581080687646  7.694463023217815e-15
0.003853853853853854  1.312833315097342e-05  0.06883323280692479  1.654329610870433e-15
0.003903903903903904  1.326685040207404e-05  0.08261133691973688  2.365350275128227e-15
0.003953953953953955  1.339999197558032e-05  0.09621806573473707  9.521364498117543e-15
0.004004004004004004  1.352764886744011e-05  0.107158015183152  4.431821696542548e-16
0.004054054054054054  1.364971681461805e-05  0.1142145869462901  9.200420315063987e-15
0.004104104104104105  1.376609628411756e-05  0.1168967701964003  6.12881286198232e-15
0.004154154154154154  1.387669252184137e-05  0.115149277835696  5.225621922587243e-15
0.004204204204204204  1.398141569019792e-05  0.1092567367078178  7.251666330557826e-15
0.004254254254254255  1.40801807710915e-05  0.09988191852124087  4.646885241330923e-15
0.004304304304304304  1.417290776449104e-05  0.08819404854122331  1.180979523092404e-14
0.004354354354354354  1.425952162258496e-05  0.07602478101092781  9.689646383754951e-15
0.004404404404404405  1.433995236094116e-05  0.06586366513843733  9.69681063148254e-15
0.004454454454454455  1.441413502320147e-05  0.06016425875850093  1.091298009721158e-14
0.004504504504504504  1.448200979967208e-05  0.05964286030896485  5.144708480511192e-15
0.004554554554554555  1.454352200810478e-05  0.06247628476026995  1.517346902019714e-14
0.004604604604604605  1.459862213494627e-05  0.06600167606129155  1.342820255619775e-14
0.004654654654654655  1.464726583603819e-05  0.06841040165447856  7.968747409652432e-15
0.004704704704704705  1.468941403610175e-05  0.06895710597011893  9.234818332370125e-15
0.004754754754754755  1.472503287312452e-05  0.06752869656941785  1.800333674224309e-13
0.004804804804804805  1.475409374082774e-05  0.0642839696695565  2.250886230869872e-14
0.004854854854854855  1.477657331682265e-05  0.05965235245406389  4.621760364576658e-15
0.004904904904904905  1.479287702853187e-05  0.05491283336492497  1.124949470767891e-14
0.004954954954954956  1.480183088752628e-05  0.05349840582327191  2.20555735493055e-13
0.005005005005005005  1.480437031986702e-05  0.06136005348026374  8.244967263317413e-15
0.005055055055055055  1.48005056128213e-05  0.08273038598020346  4.625652998491241e-15
0.005105105105105106  1.479024728458349e-05  0.1174473871073286  3.179153191810983e-15
0.005155155155155155  1.477260484789173e-05  0.163955176818971  3.727458755218275e-15
0.005205205205205205  1.474880740175344e-05  0.2205875279370617  1.0870107886046e-14
0.005255255255255256  1.47184328967923e-05  0.2849445210559044  1.524239126629791e-14
0.005305305305305306  1.468150573987515e-05  0.3532028946141189  1.276463742219502e-14
0.005355355355355355  1.463805555611502e-05  0.41985309251901  1.288738033080637e-14
0.005405405405405406  1.458811727605912e-05  0.478048336031525  1.041302818157205e-14
0.005455455455455456  1.453173102596461e-05  0.520640301596189  3.179136913021878e-15
0.005505505505505505  1.446894218130963e-05  0.5417259773860637  1.337588295201973e-15
0.005555555555555556  1.439980128899955e-05  0.5382240845820621  7.853709451212169e-15
0.005605605605605606  1.432436405552571e-05  0.5108528623279625  9.258626043260287e-15
0.005655655655655656  1.424269134046396e-05  0.4640601131845881  1.080839339058396e-14
0.005705705705705706  1.415484909811073e-05  0.4049097436703442  2.549764676909059e-15
0.005755755755755756  1.406090831794471e-05  0.3413853031751923  6.122701033072967e-15
0.005805805805805806  1.396094505885362e-05  0.280744371344362  1.059347030491259e-14
0.005855855855855856  1.385504033304816e-05  0.2283790953656442  8.135574727987591e-15
0.005905905905905906  1.374328009246153e-05  0.1873080507012593  9.676631307435653e-15
0.005955955955955957  1.362575520519628e-05  0.1582718170415137  1.810618335658628e-14
0.006006006006006006  1.350256135541159e-05  0.1405703220160353  1.496082112610908e-14
0.006056056056056056  1.337379902821996e-05  0.1337697357570321  1.366823590432953e-14
0.006106106106106107  1.32395734577333e-05  0.1395004704856305  1.523674866532937e-14
0.006156156156156156  1.309999455218262e-05  0.1615121016034992  1.555003332483344e-15
0.006206206206206206  1.295517682446276e-05  0.2035028448342674  1.173762185361414e-15
0.006256256256256257  1.280523936287611e-05  0.2672919858212637  7.235830268848603e-15
0.006306306306306307  1.265030573642585e-05  0.3524086090610283  1.491380605916887e-15
0.006356356356356356  1.249050396557476e-05  0.4553833090363636  2.107171950722767e-15
0.006406406406406407  1.232596639686322e-05  0.5683340039958209  9.754450054423176e-15
0.006456456456456457  1.215682967265108e-05  0.6781103283615482  9.677856249833469e-15
0.006506506506506506  1.198323465867977e-05  0.7675654251495065  6.571962361456706e-15
0.006556556556556557  1.180532634654243e-05  0.8197074900670352  1.429225671761876e-14
0.006606606606606607  1.162325380265271e-05  0.8235819678429205  5.247573380191677e-15
0.006656656656656657  1.143717003441104e-05  0.7788561370490329  1.661714130895023e-15
0.006706706706706707  1.124723200944733e-05  0.6961692999549857  1.300409871502172e-14
0.006756756756756757  1.105360044675332e-05  0.5929006884035806  1.040045714299748e-14
0.006806806806806807  1.085643983985073e-05  0.4869824440205024  5.169896071582748e-16
0.006856856856856857  1.065591828747756e-05  0.3921327296280439  8.732807663325173e-16
0.006906906906906907  1.045220747895142e-05  0.3161924360273246  1.335178009713158e-14
0.006956956956956958  1.024548254366485e-05  0.2620817502880325  1.779269329137722e-14
0.007007007007007007  1.003592200165942e-05  0.2298412139112029  4.572736807557834e-15
0.007057057057057057  9.823707641498003e-06  0.2182727528037849  2.248456169179628e-14
0.007107107107107108  9.609024455462445e-06  0.2253048932190097  1.571313768997318e-14
0.007157157157157158  9.392060520297684e-06  0.2472084766629853  4.639405281282283e-15
0.007207207207207207  9.173006936483699e-06  0.2774453526556254  1.790514148574861e-14
0.007257257257257258  8.952057696095407e-06  0.305844404543915  1.538788117696513e-14
0.007307307307307308  8.729409616181774e-06  0.3191972164092192  1.731699819956236e-14
0.007357357357357357  8.505262253319522e-06  0.3047611049393437  5.975460855211743e-15
0.007407407407407408  8.279817777812459e-06  0.2565238992357622  1.342657509143506e-14
0.007457457457457458  8.053280922031023e-06  0.1810023537383132  1.925244760469337e-14
0.007507507507507507  7.825858862197272e-06  0.1009858282443196  1.460576219578647e-14
0.007557557557557558  7.597761147596004e-06  0.07407212143419246  1.071192629568425e-14
0.007607607607607608  7.36919963463299e-06  0.1183959919526752  1.316980791433425e-14
0.007657657657657658  7.140388381448895e-06  0.1638339786312135  2.216732578766228e-14
0.007707707707707708  6.911543581813899e-06  0.1936881479652084  1.885517728286929e-14
0.007757757757757758  6.682883525410437e-06  0.2083578810867959  1.47176526448609e-14
0.007807807807807808  6.454628517255293e-06  0.2107722741131073  1.798464738517191e-14
0.007857857857857859  6.227000818292702e-06  0.2042888137493951  2.583808260847204e-14
0.007907907907907909  6.000224664162266e-06  0.1922687513494021  2.023553157553178e-14
0.007957957957957958  5.774526191531131e-06  0.1772355560516086  3.31749336139713e-14
0.008008008008008008  5.550133466499215e-06  0.1595051022480263  2.749090488646557e-14
0.008058058058058058  5.327276505667524e-06  0.1360182605854155  3.463490529909919e-14
0.008108108108108109  5.106187308592929e-06  0.1002017594047414  3.767737592972896e-14
0.008158158158158159  4.887099954666082e-06  0.04714164462683728  4.903647693002302e-14
0.008208208208208209  4.670250716941433e-06  0.07010804041371564  5.90421174978715e-14
0.008258258258258259  4.455878240072435e-06  0.193375107580628  6.331141544386808e-14
0.008308308308308308  4.244223764827167e-06  0.3326140921241947  6.856497858997449e-14
0.008358358358358358  4.035531429930403e-06  0.439592426359866  7.332323303419058e-14
0.008408408408408409  3.830048680023527e-06  0.4709388506602273  8.472090834461389e-14
0.008458458458458459  3.628026765483598e-06  0.4186505330377543  9.012853234637234e-14
0.008508508508508509  3.429721381691919e-06  0.3171768270018612  9.437402021524858e-14
0.00855855855855856  3.235393500875657e-06  0.2221267953161979  1.037168610152493e-13
0.008608608608608608  3.045310396057616e-06  0.1855161894322609  1.093423815000729e-13
0.008658658658658658  2.859746943936021e-06  0.2073682500338055  1.223806381918967e-13
0.008708708708708709  2.678987237764464e-06  0.2376174887302487  1.276690075392735e-13
0.008758758758758759  2.503326599211939e-06  0.2435792233413214  1.380153845480551e-13
0.008808808808808809  2.333074070915251e-06  0.2157303399116313  1.465191366545901e-13
0.00885885885885886  2.168555509140205e-06  0.1611115120435057  1.670146434877563e-13
0.00890890890890891  2.010117268945642e-06  0.09719599054031654  1.87407931317389e-13
0.008958958958958959  1.858130650730633e-06  0.04959145808204367  2.174769229191283e-13
0.009009009009009009  1.712997008907331e-06  0.05979378552569158  2.554336545552791e-13
0.009059059059059059  1.575153350502099e-06  0.09410055178688992  3.065061376298362e-13
0.00910910910910911  1.44507782757728e-06  0.1160372268378948  3.755540650168668e-13
0.00915915915915916  1.323294147303614e-06  0.1153074228061753  4.757642023420277e-13
0.00920920920920921  1.210372461389717e-06  0.09335015040267643  6.168680118157878e-13
0.00925925925925926  1.106923201881377e-06  0.06278507973822668  8.324678680275716e-13
0.009309309309309309  1.013578142101496e-06  0.04014028127499996  1.174684164256993e-12
0.009359359359359359  9.309503244743953e-07  0.03251446764556124  4.898118863868648e-16
0.00940940940940941  8.595657285489942e-07  0.02927907115157902  5.159100478067995e-16
0.00945945945945946  7.997607611997683e-07  0.03127530366242999  5.091861972933376e-17
0.00950950950950951  7.515544136419177e-07  0.08305639160288422  2.308842259983743e-17
0.009559559559559561  7.145166175500302e-07  0.2308325830864565  1.54645449324722e-16
0.009609609609609611  6.876642206134845e-07  0.5388250442033929  1.433843994414778e-17
0.009659659659659659  6.693911056277061e-07  1.013546433531817  1.78553709451604e-16
0.00970970970970971  6.573478934170101e-07  1.408459638287022  8.264431472274664e-17
0.00975975975975976  6.479263547878252e-07  1.293338500657545  6.280394294076334e-16
0.00980980980980981  6.340925321538899e-07  0.6938117131929863  3.521281303712569e-15
0.009859859859859861  5.954925251963812e-07  0.1887392466768001  7.008461941162454e-14
0.009909909909909911  4.402048375929534e-07  0.01970029274231239  6.283343886748568e-17
0.00995995995995996  3.497310597068624e-07  0.002373389954901503  8.511876499596397e-17
0.01001001001001001  9.008416543672724e-08  0.005012563710082557  4.738129739111888e-16
0.01006006006006006  4.019058726960441e-07  0.1095806540911981  9.033713418428059e-18
0.01011011011011011  4.142404060854253e-07  1.842331083042281  3.22546624770376e-14
0.01016016016016016  4.963001938538169e-07  9.339128225027988  2.396355531654275e-15
0.01021021021021021  5.326109973630144e-07  18.47244958868423  3.714492512650733e-16
0.01026026026026026  5.561045686052287e-07  16.78380265727353  1.041565850160135e-16
0.01031031031031031  5.774514784270409e-07  8.411601484886404  3.158242703697265e-16
0.01036036036036036  6.018497572950926e-07  2.95434971112636  1.440005806958448e-16
0.01041041041041041  6.325359132743325e-07  0.9656973382253746  7.477212476429736e-17
0.01046046046046046  6.716948083405619e-07  0.3326840043677886  2.537603062717113e-16
0.01051051051051051  7.207257719317105e-07  0.109582504107109  8.932864219220748e-17
0.01056056056056056  7.803726578743949e-07  0.04005462130645834  1.699419761912547e-16
0.01061061061061061  8.508572981396485e-07  0.0477374670907241  1.150685225566646e-12
0.01066066066066066  9.320290263268892e-07  0.06122289216584276  7.99561165153135e-13
0.01071071071071071  1.023505704809562e-06  0.06850901583489194  5.864133650009773e-13
0.01076076076076076  1.124785281036878e-06  0.06931268741527137  4.499643164391319e-13
0.01081081081081081  1.235322780732243e-06  0.06071190746886924  3.579594637531549e-13
0.01086086086086086  1.354575393115464e-06  0.03664474120471989  2.935230803323933e-13
0.01091091091091091  1.482026181297417e-06  0.0447103001729398  2.452000848206243e-13
0.01096096096096096  1.617193670356115e-06  0.1572089031139576  2.122206887854279e-13
0.01101101101101101  1.759633121074739e-06  0.3230252717930261  1.849055597563784e-13
0.01106106106106106  1.908934342036158e-06  0.490318946680578  1.652063424932019e-13
0.01111111111111111  2.064717531334194e-06  0.5970269122713305  1.494016883926526e-13
0.01116116116116116  2.226628808922812e-06  0.6155380075355091  1.388354774967013e-13
0.01121121121121121  2.394336044499197e-06  0.5522658338762834  1.245327392003418e-13
0.01126126126126126  2.567524960710064e-06  0.4324219605023224  1.206900352634256e-13
0.01131131131131131  2.745896096074833e-06  0.294934005559178  1.168340282112789e-13
0.01136136136136136  2.929162008764538e-06  0.1780623903571994  1.113578488377655e-13
0.01141141141141141  3.117045162501477e-06  0.1101128899158219  1.061414117737582e-13
0.01146146146146146  3.309276163712716e-06  0.1011687961049504  1.008685985662454e-13
0.01151151151151151  3.505592281057388e-06  0.1187581052614175  9.43033660773534e-14
0.01156156156156156  3.705736359741517e-06  0.1360268395321284  8.528273968180646e-14
0.01161161161161161  3.909455860428511e-06  0.1471714288988485  7.89186685047614e-14
0.01166166166166166  4.116502206627491e-06  0.1514936064761161  6.935643237685736e-14
0.01171171171171171  4.326630140542663e-06  0.1480430697383268  6.549615526220901e-14
0.01176176176176176  4.539597353790081e-06  0.1345762667432966  5.634171075130866e-14
0.01181181181181181  4.755164076577497e-06  0.108309523867801  5.305472958230529e-14
0.01186186186186186  4.973092846916982e-06  0.07289116914782269  4.274228255931215e-14
0.01191191191191191  5.193148321831653e-06  0.0797301179111386  3.906157052110511e-14
0.01196196196196196  5.415097112903915e-06  0.1711141339418812  3.36572170400781e-14
0.01201201201201201  5.638707711974707e-06  0.3040413940982865  3.499380311055302e-14
0.01206206206206206  5.863750395880871e-06  0.4525092331405322  3.026132310699871e-14
0.01211211211211211  6.089997241228477e-06  0.5880971057074358  2.990621410736391e-14
0.01216216216216216  6.317222071046077e-06  0.6802943313717807  2.070474176685036e-14
0.01221221221221221  6.545200493430715e-06  0.7085609343053891  2.124001047325457e-14
0.01226226226226226  6.773709921865015e-06  0.6715611174547786  2.003115970242506e-14
0.01231231231231231  7.002529626622703e-06  0.5859822658679193  1.322158322091351e-14
0.01236236236236236  7.231440762390837e-06  0.4769180142419366  2.422532084478801e-14
0.01241241241241241  7.460226463228342e-06  0.3678423837813131  3.988096016691766e-15
0.01246246246246246  7.688671902729853e-06  0.2765280823604626  3.127976371267116e-15
0.01251251251251251  7.91656435231365e-06  0.2172839293613636  5.827184611428835e-15
0.01256256256256256  8.143693279884354e-06  0.2004071959224577  1.923228416645319e-14
0.01261261261261261  8.369850440003258e-06  0.2190989919134887  3.465350799438895e-15
0.01266266266266266  8.594829953266158e-06  0.2514815965442407  1.800142594403749e-14
0.01271271271271271  8.818428379753805e-06  0.2795764422441328  6.835165933521337e-16
0.01276276276276276  9.040444854818355e-06  0.2952068019625836  1.219272346506635e-15
0.01281281281281281  9.260681134271724e-06  0.2993422097036807  1.300761416699879e-15
0.01286286286286286  9.478941741140802e-06  0.3002054919180614  9.307101511891198e-15
0.01291291291291291  9.695034022289278e-06  0.3083637072203465  2.079453396790238e-14
0.01296296296296296  9.908768238720685e-06  0.3290712227939871  1.281034603524359e-14
0.01301301301301301  1.011995769816649e-05  0.3580569369545321  3.685287018943942e-15
0.01306306306306306  1.032841880607469e-05  0.3850909474384027  8.310069354063378e-15
0.01311311311311311  1.053397120638522e-05  0.4002384901341003  3.03151174830241e-15
0.01316316316316316  1.073643783419245e-05  0.3977948393360094  1.057687745748109e-14
0.01321321321321321  1.093564504243204e-05  0.3775237159568768  1.594343562123549e-14
0.01326326326326326  1.113142265956935e-05  0.3439298066253259  1.622382869665483e-14
0.01331331331331331  1.13236040991866e-05  0.3042096222140604  1.979668703452611e-14
0.01336336336336336  1.15120264563217e-05  0.265596838243414  6.89487473953862e-15
0.01341341341341341  1.169653055814759e-05  0.2328568227135971  9.425903306716758e-15
0.01346346346346346  1.18769611101159e-05  0.2069284460026835  6.570184284442206e-15
0.01351351351351351  1.205316668477374e-05  0.185742432137931  6.457704553206083e-15
0.01356356356356356  1.222499993498825e-05  0.1667808151008212  4.95117549513244e-15
0.01361361361361361  1.239231754731065e-05  0.1494217787735679  7.227476631200281e-15
0.01366366366366366  1.255498039266338e-05  0.1359306905264668  1.569127630436118e-14
0.01371371371371371  1.271285356074689e-05  0.1310613642704348  1.236742434717238e-14
0.01376376376376376  1.286580647208358e-05  0.1395513023019947  5.584894282056105e-15
0.01381381381381381  1.301371293216281e-05  0.1623278056244678  6.625338250294976e-15
0.01386386386386386  1.315645117459506e-05  0.196068102551  4.153444554762884e-15
0.01391391391391392  1.329390397318175e-05  0.2357106858103881  1.349812260188746e-14
0.01396396396396397  1.342595866752049e-05  0.275876735772372  1.469955005975425e-14
0.01401401401401401  1.35525072346398e-05  0.3112303273263514  1.509646560451058e-14
0.01406406406406406  1.367344637897422e-05  0.3369426444199096  2.00364431378939e-14
0.01411411411411411  1.378867753938413e-05  0.3494343106030227  1.578644164614917e-14
0.01416416416416416  1.389810696688267e-05  0.3470544176215118  1.188136696910268e-15
0.01421421421421422  1.400164579409057e-05  0.3303420861579378  2.033470267951638e-14
0.01426426426426427  1.409921002053582e-05  0.3017461230203897  5.701190426806224e-15
0.01431431431431432  1.419072064504615e-05  0.2649458275022805  1.102927421385335e-14
0.01436436436436436  1.427610364800283e-05  0.2240522115903972  2.169701303877722e-14
0.01441441441441441  1.435529005031988e-05  0.1829296150697271  1.179773008556955e-14
0.01446446446446446  1.442821596628602e-05  0.1447469445081573  1.69598711672178e-14
0.01451451451451452  1.449482259918017e-05  0.1117482854455523  1.892490242871513e-14
0.01456456456456457  1.455505629035269e-05  0.08516570418893141  7.995069279835217e-15
0.01461461461461462  1.460886858689139e-05  0.06519843658757835  7.483258493512948e-15
0.01466466466466467  1.465621620302201e-05  0.05111499612340208  1.310934762714544e-14
0.01471471471471471  1.469706110267492e-05  0.04176574467714755  6.100038542991964e-13
0.01476476476476477  1.473137048897249e-05  0.0366162109210099  3.064305682998918e-13
0.01481481481481482  1.475911681435068e-05  0.03632879684640131  7.455234524616137e-15
0.01486486486486487  1.478027779467512e-05  0.04132913832040508  6.731687150642619e-15
0.01491491491491492  1.479520071355223e-05  0.05011141946901158  4.444348440923286e-16
0.01496496496496497  1.480285575617944e-05  0.06008261949589814  4.611218797741075e-15
0.01501501501501501  1.480411020706087e-05  0.06881263251945918  4.315007985960672e-13
0.01506506506506507  1.479897456937474e-05  0.07449392443639367  6.590323625483662e-13
0.01511511511511512  1.478701934891858e-05  0.07617177794696284  5.937790460520235e-15
0.01516516516516517  1.476837250658734e-05  0.07389508621632326  3.149192453621437e-15
0.01521521521521522  1.47432579498978e-05  0.06867264077046675  1.312960929832589e-14
0.01526526526526527  1.47115707766398e-05  0.06214537402523371  5.532452901056678e-15
0.01531531531531532  1.467333644578185e-05  0.05596844384071329  9.710591680140795e-16
0.01536536536536537  1.462858564399853e-05  0.05106655208064409  2.302863293942008e-15
0.01541541541541542  1.457735430973198e-05  0.04726543450831037  1.043453096445397e-14
0.01546546546546547  1.451968366276197e-05  0.0438080969432495  7.339868038931106e-15
0.01551551551551552  1.445562005090375e-05  0.04054455922775711  2.142031709947571e-15
0.01556556556556557  1.438521509330489e-05  0.03916466869194273  1.766668245353994e-14
0.01561561561561562  1.430852550236092e-05  0.04318803969395774  5.733781905593634e-15
0.01566566566566567  1.422561314194496e-05  0.05470094294004865  6.016403370046213e-15
0.01571571571571572  1.413654496465205e-05  0.07215572951422942  9.366059648687993e-15
0.01576576576576577  1.40413929699693e-05  0.09255101237051518  1.118401327943579e-14
0.01581581581581582  1.394023419048483e-05  0.1130017462507845  5.867443759308185e-15
0.01586586586586586  1.383315062141719e-05  0.1310444650453199  1.361665446790866e-14
0.01591591591591592  1.372022917280583e-05  0.1448434067419643  4.79875548349491e-16
0.01596596596596597  1.360156166624638e-05  0.1534496606836974  1.02846235383863e-14
0.01601601601601602  1.347724473529485e-05  0.1569431479167262  8.480613382863253e-15
0.01606606606606607  1.334737978364679e-05  0.1563155435339611  1.478911902550476e-14
0.01611611611611612  1.321207298469648e-05  0.1530713496899804  1.194257472523687e-14
0.01616616616616617  1.307143510708009e-05  0.1486656912829245  1.495413304105852e-14
0.01621621621621622  1.292558158358459e-05  0.1440033081762956  1.889330865665876e-14
0.01626626626626627  1.277463235473183e-05  0.1392173604962013  4.662113067313848e-15
0.01631631631631632  1.261871186000223e-05  0.1337887025768427  1.860417684241265e-14
0.01636636636636637  1.245794895142688e-05  0.1268688050341207  5.953358108610379e-15
0.01641641641641642  1.22924767919274e-05  0.117621614219175  8.316605393921723e-15
0.01646646646646647  1.212243283344168e-05  0.1055197057411231  2.110825070089044e-14
0.01651651651651652  1.194795872376863e-05  0.09068532829907422  1.48091461254074e-15
0.01656656656656657  1.176920020757218e-05  0.07449518630330451  1.060643276708522e-15
0.01661661661661662  1.158630711029716e-05  0.06068976234125168  1.30544669900916e-14
0.01666666666666667  1.13994331583364e-05  0.05560839091808536  3.344047568789577e-15
0.01671671671671672  1.12087360333883e-05  0.06172220745833651  1.19483868854181e-14
0.01676676676676677  1.101437708448661e-05  0.0721231719348291  7.867558800637055e-15
0.01681681681681682  1.081652149021565e-05  0.0783216579357877  8.6158145721723e-15
0.01686686686686687  1.061533797742918e-05  0.07508265773183333  1.523445619456012e-14
0.01691691691691692  1.041099882194836e-05  0.06060642898352906  7.379579705895445e-15
0.01696696696696697  1.020367973965847e-05  0.0362293330049135  2.18963266012208e-14
0.01701701701701702  9.993559766768988e-06  0.007970377535747907  3.377097216708195e-15
0.01706706706706707  9.780821219264933e-06  0.02998655422864327  6.769882178477729e-15
0.01711711711711712  9.565649554473799e-06  0.06145691703738801  3.096407600047793e-15
0.01716716716716717  9.348233302109427e-06  0.08873250625039172  9.699022825397818e-15
0.01721721721721722  9.128763971523499e-06  0.1101988740433368  6.004372821083564e-15
0.01726726726726727  8.907435909542609e-06  0.1254660191974737  1.198662356549463e-15
0.01731731731731732  8.684446292544289e-06  0.1347086299733095  6.675538734392232e-15
0.01736736736736737  8.459994910136027e-06  0.1382112838555828  1.798348722966759e-14
0.01741741741741742  8.234284222445734e-06  0.1361428292095236  1.380394536579808e-15
0.01746746746746747  8.007519116743261e-06  0.1285889781794291  5.098147922765259e-15
0.01751751751751752  7.779906901261155e-06  0.1158586330827183  2.655321949719087e-14
0.01756756756756757  7.551657238126889e-06  0.09917571510523021  1.864842181583685e-14
0.01761761761761762  7.322981924349986e-06  0.08207096092740955  1.41785156422277e-14
0.01766766766766767  7.094095019797813e-06  0.07216669763750236  2.231599287152386e-14
0.01771771771771772  6.865212542517302e-06  0.0774373550033489  1.660382908833538e-14
0.01776776776776777  6.636552561815657e-06  0.09515829998096527  1.958989938129415e-14
0.01781781781781782  6.408335070582169e-06  0.1171062339236175  2.585400344502963e-14
0.01786786786786787  6.180781906098742e-06  0.1402023765771795  2.952273076227673e-14
0.01791791791791792  5.954116744439766e-06  0.1665565054969623  3.25234662926729e-14
0.01796796796796797  5.728565052547685e-06  0.1982775751669617  3.501128323708637e-14
0.01801801801801802  5.504354056933754e-06  0.2327402967078661  3.938827582067121e-14
0.01806806806806807  5.281712777035276e-06  0.2626692446173889  4.692855520535772e-14
0.01811811811811812  5.060871959057102e-06  0.2795738047842799  3.981286450486041e-14
0.01816816816816817  4.842064268867673e-06  0.2774270078978201  4.532408884299412e-14
0.01821821821821822  4.625524200790664e-06  0.2552816940138086  5.142661859539007e-14
0.01826826826826827  4.41148840497605e-06  0.2177864520099412  5.359925219370087e-14
0.01831831831831832  4.200195674726649e-06  0.1729022068355609  5.87416839395934e-14
0.01836836836836837  3.991887250844152e-06  0.127769152605178  6.421144792924231e-14
0.01841841841841842  3.78680718628785e-06  0.08518578556677847  6.456111740719206e-14
0.01846846846846847  3.585202645921447e-06  0.04394089601277169  7.166649924968064e-14
0.01851851851851852  3.387324533748308e-06  0.02683770518252532  2.348985931655712e-15
0.01856856856856857  3.193428024112923e-06  0.079659058865442  2.818670414307815e-16
0.01861861861861862  3.003773499824654e-06  0.1496957716798033  2.372715792742775e-15
0.01866866866866867  2.818627581977383e-06  0.2193879626469456  2.490345482744725e-17
0.01871871871871872  2.638264296685213e-06  0.2717596588323463  2.891580034317197e-15
0.01876876876876877  2.462966932328062e-06  0.299291913344825  3.632549309653403e-15
0.01881881881881882  2.293029812986052e-06  0.3256993708578089  9.417387035280189e-16
0.01886886886886887  2.128760971710469e-06  0.3973029745740481  2.720227626333875e-15
0.01891891891891892  1.970485004739755e-06  0.5141081798194348  1.839687566375879e-15
0.01896896896896897  1.818546564055829e-06  0.6153722274480578  1.196159303793986e-15
0.01901901901901902  1.673314639127149e-06  0.634381286312853  1.591323544800937e-15
0.01906906906906907  1.535186761127841e-06  0.5468986133640074  1.890335224651073e-16
0.01911911911911912  1.404593520729535e-06  0.3901521932971897  1.545092937598472e-15
0.01916916916916917  1.282001730143457e-06  0.2317045174561231  1.312231585740766e-16
0.01921921921921922  1.167915059804894e-06  0.1200215258809342  1.222177396183305e-15
0.01926926926926927  1.062868109880372e-06  0.06600518532746315  5.526418376925825e-16
0.01931931931931932  9.674097904138745e-07  0.0458146579604963  4.324785652404975e-16
0.01936936936936937  8.820675874990991e-07  0.02469613926113776  5.466959216133194e-16
0.01941941941941942  8.072850754026947e-07  0.08086457759307696  7.950762609032519e-16
0.01946946946946947  7.433242833120476e-07  0.3529662598534281  5.728685135548414e-16
0.01951951951951952  6.901361844112789e-07  1.22833515398282  4.849253091072304e-17
0.01956956956956957  6.484646025906478e-07  3.824989232239953  1.040199619025881e-16
0.01961961961961962  6.153217747695398e-07  10.16946718180183  8.785210011302811e-17
0.01966966966966967  5.89927818288097e-07  20.96745133127659  6.817629631892732e-17
0.01971971971971972  5.699876326018078e-07  29.95858966767126  7.339785148899578e-17
0.01976976976976977  5.524320797974854e-07  26.40429414576367  4.244326170560684e-16
0.01981981981981982  5.329019007986049e-07  12.78416801323147  2.356845096751332e-17
0.01986986986986987  5.038527483371578e-07  3.01329428233847  1.18715670597138e-17
0.01991991991991992  4.466766952032896e-07  0.2910204026693282  1.314873853297247e-18
0.01996996996996997  2.733902407707568e-07  0.004647484205599179  5.899735488914993e-18
0.02002002002002002  3.554237477692549e-07  0.003582742038660009  1.98148211413632e-17
0.02007007007007007  5.671446742184635e-07  0.01867658264520919  1.217525222854019e-17
0.02012012012012012  6.482568321943766e-07  0.2494092208605889  6.340351094507083e-17
0.02017017017017017  6.572931119891122e-07  0.9078546965016853  1.917605836159199e-17
0.02022022022022022  6.59171084749455e-07  1.397601299059616  6.806206447091601e-16
0.02027027027027027  6.619081510658613e-07  1.114004785655772  8.345956690427001e-17
0.02032032032032032  6.689022727024698e-07  0.5528912350494458  1.106107185215389e-16
0.02037037037037037  6.825034496771001e-07  0.200486892203544  8.915011825668559e-17
0.02042042042042042  7.046234119247137e-07  0.05550730320917714  2.168575605765127e-16
0.02047047047047047  7.367773552020074e-07  0.02487872488657515  6.019502205694664e-17
0.02052052052052052  7.790232292101874e-07  0.04138078295739755  2.042895097746496e-17
0.02057057057057057  8.342038626556326e-07  0.05381781901852618  3.01272904710921e-16
0.02062062062062062  9.010026958543191e-07  0.06207601701757114  4.616986215642254e-16
0.02067067067067067  9.792001923867929e-07  0.06725162679361917  6.425642244410855e-16
0.02072072072072072  1.068335803750566e-06  0.06903940170889254  9.554321932734249e-16
0.02077077077077077  1.167823218280821e-06  0.06596390755043151  5.651705647574858e-16
0.02082082082082082  1.277033101177228e-06  0.05688214957544603  4.315200300130787e-16
0.02087087087087087  1.395343937902429e-06  0.05209783877681397  1.989846136680262e-16
0.02092092092092092  1.522168613889016e-06  0.08618396930040836  5.844021848605327e-17
0.02097097097097097  1.656964872057058e-06  0.1574339992540888  6.126220199473935e-16
0.02102102102102102  1.799236981976584e-06  0.2386965631933343  6.307409386672037e-16
0.02107107107107107  1.948532115804317e-06  0.3035961171175023  1.64313086574186e-15
0.02112112112112112  2.104435464780413e-06  0.3318059591751959  1.6386983276159e-16
0.02117117117117117  2.266564371773754e-06  0.3170471749425687  1.142466608852572e-15
0.02122122122122122  2.434563079939993e-06  0.2699946085269548  1.164003894539199e-15
0.02127127127127127  2.608098071852304e-06  0.2117652965402745  4.037772931517269e-16
0.02132132132132132  2.786853934565135e-06  0.1629685869297891  2.387781032946822e-15
0.02137137137137137  2.970530234503805e-06  0.1353644570874058  2.928556686338933e-15
0.02142142142142142  3.158838636375957e-06  0.1275837357144202  4.503940728866326e-16
0.02147147147147147  3.351500752658446e-06  0.1297781863117551  7.657463236457962e-16
0.02152152152152152  3.548246535661392e-06  0.1334716303508761  1.67384398604976e-15
0.02157157157157157  3.748812544177798e-06  0.1340204974274295  8.085014899082864e-14
0.02162162162162162  3.952941140065472e-06  0.1285457987823713  7.575660645398824e-14
0.02167167167167167  4.160379322460453e-06  0.1145536600098344  6.434992952339635e-14
0.02172172172172172  4.370878237472312e-06  0.09015570446286372  6.230105116429516e-14
0.02177177177177177  4.584192459722604e-06  0.05573629034810091  6.233107481647787e-14
0.02182182182182182  4.800079611577163e-06  0.01912649287126366  5.31257735443816e-14
0.02187187187187187  5.018300072153987e-06  0.03509632004505531  4.714459193814393e-14
0.02192192192192192  5.238616629753233e-06  0.06913529978618492  5.288030078889918e-14
0.02197197197197197  5.460794322462861e-06  0.09375042065352653  4.451484516833513e-14
0.02202202202202202  5.68460035761141e-06  0.1074183154773352  4.029211479460874e-14
0.02207207207207207  5.909803892800278e-06  0.1111180187740027  3.555318342993304e-14
0.02212212212212212  6.136176144863009e-06  0.1062165516490934  2.963402785014787e-14
0.02217217217217217  6.363490153004478e-06  0.09471779770056953  2.737092159645814e-14
0.02222222222222222  6.591520965056678e-06  0.07952491345362579  2.316209286672554e-14
0.02227227227227227  6.820045494334556e-06  0.06362385597191079  2.482308731243926e-14
0.02232232232232232  7.048842640829635e-06  0.04887673389954478  1.4572361146452e-14
0.02237237237237237  7.2776933337514e-06  0.03567792879132501  1.44625902986169e-14
0.02242242242242242  7.506380500681741e-06  0.02441590998649187  3.19576230433913e-14
0.02247247247247247  7.734689248482948e-06  0.01881521629999491  4.201174975491398e-15
0.02252252252252252  7.962406807541161e-06  0.02274279622367826  6.772420603039198e-15
0.02257257257257258  8.189322725283018e-06  0.02894472188309198  1.251292399726046e-14
0.02262262262262262  8.415228829082947e-06  0.0300848094539702  1.281315346923645e-14
0.02267267267267267  8.639919409793705e-06  0.02330473300334854  5.475263413149217e-15
0.02272272272272272  8.863191287157593e-06  0.01263778714155487  1.923449996498725e-14
0.02277277277277277  9.084843800018025e-06  0.02379797803900605  5.378222208819782e-15
0.02282282282282282  9.30467906764233e-06  0.04839950496335247  1.524302926278775e-14
0.02287287287287287  9.522501954934679e-06  0.07297942602614341  1.340924517590267e-15
0.02292292292292292  9.738120156447757e-06  0.09301688144857745  3.754687888479087e-15
0.02297297297297297  9.951344422902544e-06  0.1060685972842319  3.63110786364886e-15
0.02302302302302302  1.016198847081334e-05  0.1113357158861658  2.24077716144809e-15
0.02307307307307307  1.036986925680192e-05  0.1093614140504813  1.299879099992989e-14
0.02312312312312313  1.057480692994804e-05  0.1014935416908432  1.853489308527387e-14
0.02317317317317318  1.077662496681555e-05  0.08933191813163442  1.903924839787714e-16
0.02322322322322323  1.097515033794006e-05  0.07450409553590125  2.238075918537556e-15
0.02327327327327327  1.117021343946796e-05  0.05897848341970154  8.665462904612989e-16
0.02332332332332332  1.1361648380918e-05  0.04575033547582474  3.437913770480194e-16
0.02337337337337337  1.154929290541473e-05  0.03855429424548198  2.475858164643772e-15
0.02342342342342342  1.173298850871035e-05  0.03772014027674717  6.853325341343481e-15
0.02347347347347347  1.191258063739587e-05  0.03781818582839187  1.909769387385086e-15
0.02352352352352352  1.208791858584127e-05  0.03335547056925043  1.488160658483534e-14
0.02357357357357357  1.22588557774774e-05  0.02194240212983214  1.16581588312869e-14
0.02362362362362362  1.242524963998133e-05  0.006251851330362381  1.120289826128121e-14
0.02367367367367368  1.25869618771444e-05  0.02339342373852987  3.196596746031238e-15
0.02372372372372373  1.274385836952743e-05  0.05136507388444884  1.017791154216346e-14
0.02377377377377378  1.289580936842052e-05  0.08034488188632012  1.44539067463097e-14
0.02382382382382383  1.304268953467115e-05  0.1069505907641448  3.146691133585909e-15
0.02387387387387388  1.318437796835087e-05  0.1279284867536958  1.067991964920267e-15
0.02392392392392393  1.332075832561126e-05  0.1404812525796719  1.703713559979587e-14
0.02397397397397397  1.345171883145003e-05  0.1428566692686974  5.896790505739287e-15
0.02402402402402402  1.357715239059615e-05  0.1348303676610394  1.872654429732477e-14
0.02407407407407407  1.369695662444209e-05  0.1178284294393221  1.29679001492173e-14
0.02412412412412412  1.381103390837086e-05  0.09463401039601627  2.250836477446499e-14
0.02417417417417417  1.391929142546984e-05  0.06886946470410969  1.256677878297827e-15
0.02422422422422423  1.402164128124989e-05  0.04470554280784331  6.490501425693078e-15
0.02427427427427428  1.411800045433655e-05  0.02780204630977873  4.025236202753367e-15
0.02432432432432433  1.420829092262493e-05  0.02527746545123368  9.636424042734582e-15
0.02437437437437438  1.42924396430853e-05  0.03204533381091796  7.614186190116834e-15
0.02442442442442443  1.437037865479462e-05  0.0384104032685909  4.441111186961438e-15
0.02447447447447448  1.444204505783039e-05  0.04151108179746017  9.49479798352214e-16
0.02452452452452453  1.450738108793881e-05  0.04101618606322212  1.045514932310954e-14
0.02457457457457458  1.456633409932628e-05  0.0370810378266927  1.836884770993375e-14
0.02462462462462462  1.461885668401936e-05  0.02989686229440226  8.609501442377003e-16
0.02467467467467467  1.466490659785306e-05  0.01984939206100102  1.608522643567624e-15
0.02472472472472472  1.470444681583982e-05  0.009511736979674588  1.612705057589523e-13
0.02477477477477477  1.473744560424549e-05  0.01508165767872314  2.457582790255526e-16
0.02482482482482483  1.476387645116656e-05  0.03172804923534902  2.002252719134876e-14
0.02487487487487488  1.478371817468148e-05  0.04992306385508356  2.06583366331371e-15
0.02492492492492493  1.479722764722442e-05  0.06737558477283327  6.622155762525603e-15
0.02497497497497498  1.480361496684528e-05  0.08244994033552724  1.861240095737177e-14
0.02502502502502503  1.480359315626247e-05  0.09387392517096291  1.173412129735259e-15
0.02507507507507508  1.479717160610761e-05  0.1009015690993113  9.148945596275601e-15
0.02512512512512513  1.478385494744749e-05  0.1034345101253326  5.297004276545486e-15
0.02517517517517518  1.476387644950114e-05  0.1020168809255683  3.214834176133363e-15
0.02522522522522523  1.473744560448215e-05  0.09770255276194882  1.1971528244273e-14
0.02527527527527528  1.470444681626665e-05  0.09183856055268476  5.813507249928787e-15
0.02532532532532533  1.466490659852329e-05  0.08582514528017443  3.286752521212765e-15
0.02537537537537538  1.46188566956939e-05  0.0809063620196422  5.424013965283499e-15
0.02542542542542543  1.456633410620796e-05  0.07802934978000428  3.243525827597599e-15
0.02547547547547548  1.450738108481406e-05  0.07779116482960802  1.800457941471041e-16
0.02552552552552553  1.44420450554315e-05  0.0804597094646894  1.065863222515699e-14
0.02557557557557558  1.437037865867454e-05  0.08601791779372409  1.445700030112688e-14
0.02562562562562563  1.429243965316135e-05  0.09418292147022433  5.72156089536205e-15
0.02567567567567568  1.420829091977039e-05  0.1043985373286466  1.236588623740111e-14
0.02572572572572573  1.411800046152267e-05  0.1158283781030659  5.627728625369508e-15
0.02577577577577578  1.402164128791477e-05  0.1273678335192262  1.088238797228827e-14
0.02582582582582583  1.391929144254031e-05  0.1376861022039767  7.268058358575249e-15
0.02587587587587588  1.381103393052642e-05  0.1453217330052766  1.396942941457753e-14
0.02592592592592593  1.369695664684485e-05  0.1488608572558936  3.510362478364948e-15
0.02597597597597598  1.357715242324378e-05  0.1471976669498737  3.227338931641137e-15
0.02602602602602603  1.345171886248574e-05  0.1398164280734084  1.008446865318398e-14
0.02607607607607608  1.332075834436782e-05  0.1269860844070187  1.072954595933547e-14
0.02612612612612613  1.318437800107836e-05  0.1097692011902769  2.42885756128812e-15
0.02617617617617618  1.304268955331e-05  0.08982399824620278  4.875571849365161e-15
0.02622622622622623  1.289580938926599e-05  0.06908117999798782  9.934459672828089e-15
0.02627627627627628  1.274385837816715e-05  0.04945904407756438  2.685544116431216e-15
0.02632632632632633  1.258696190095313e-05  0.03285120018440717  1.814857599432481e-15
0.02637637637637638  1.242524967268866e-05  0.02170130077697724  4.739846370086937e-15
0.02642642642642643  1.225885580586794e-05  0.01876914741316705  2.243870699733977e-15
0.02647647647647648  1.208791864077221e-05  0.02155555632433639  1.889357501461166e-14
0.02652652652652653  1.191258066777329e-05  0.02445399419569699  3.887120371532029e-15
0.02657657657657658  1.173298855455704e-05  0.0248072467111139  9.536593460616863e-15
0.02662662662662663  1.154929293005227e-05  0.02192606711875856  2.870551118849773e-15
0.02667667667667668  1.136164843285502e-05  0.01652911553249096  8.443988277755085e-15
0.02672672672672673  1.11702134882814e-05  0.01247925275701666  5.824021589456637e-15
0.02677677677677678  1.097515034376836e-05  0.01701406680243321  1.570245339991438e-14
0.02682682682682683  1.077662499609827e-05  0.02701960557630805  1.125724587755385e-14
0.02687687687687688  1.057480693554459e-05  0.03696037791384551  6.745918713836361e-15
0.02692692692692693  1.036986928294163e-05  0.04414528794399136  8.617655061259467e-15
0.02697697697697698  1.01619884817372e-05  0.04715033954302871  5.572413803229068e-15
0.02702702702702703  9.951344432362389e-06  0.04597555180755235  1.464800197216563e-14
0.02707707707707708  9.738120177395989e-06  0.04316408683052964  3.348421502605786e-15
0.02712712712712713  9.522501936179089e-06  0.04468151698772536  1.456577632970331e-14
0.02717717717717718  9.304679058089645e-06  0.05512129293110286  3.333720958121793e-15
0.02722722722722723  9.084843755396125e-06  0.07106562517977646  1.003926973705526e-14
0.02727727727727728  8.863191224449068e-06  0.08530549936846504  1.3026582717041e-14
0.02732732732732733  8.639919334799724e-06  0.09138790367894692  1.104589722591492e-15
0.02737737737737738  8.415228718251046e-06  0.0851056065373203  1.918094982696472e-14
0.02742742742742743  8.189322575787305e-06  0.06558058744121091  1.688537237497949e-14
0.02747747747747748  7.962406632581445e-06  0.03558176588471182  1.03202290407255e-14
0.02752752752752753  7.734689038533644e-06  0.004608454953747062  4.781097128211088e-15
0.02757757757757758  7.506380269931926e-06  0.03616008825599974  1.105784264121479e-14
0.02762762762762763  7.277693039899643e-06  0.06753266138950685  9.742204671441082e-15
0.02767767767767768  7.048842316998151e-06  0.09288094104015004  2.383647028174377e-14
0.02772772772772773  6.820045085400603e-06  0.1114125766077799  2.036996512571129e-14
0.02777777777777778  6.591520519415128e-06  0.1226247229904137  2.810011675725808e-14
0.02782782782782783  6.363489628683202e-06  0.1254784742054909  2.263136642643628e-14
0.02787787787787788  6.136175556861156e-06  0.118446559987902  2.669420829203345e-14
0.02792792792792793  5.909803225905061e-06  0.1008201134949479  3.815825324024882e-14
0.02797797797797798  5.68459957335383e-06  0.07766590451570982  4.006131661931478e-14
0.02802802802802803  5.460793464257151e-06  0.07582430810149868  4.418998586003538e-14
0.02807807807807808  5.238615627582565e-06  0.1215892337053351  4.790616229402451e-14
0.02812812812812813  5.018298969607641e-06  0.1880144235765821  5.470605286755449e-14
0.02817817817817818  4.800078391149887e-06  0.2432248638049042  5.818745369496298e-14
0.02822822822822823  4.584191060829358e-06  0.2614936927735119  5.683893930032378e-14
0.02827827827827828  4.370876703720455e-06  0.2307912503131764  5.688672751260353e-14
0.02832832832832833  4.160377587027532e-06  0.1608803484530736  6.006381174749077e-14
0.02837837837837838  3.95293921829697e-06  0.07685588786615337  6.565064228040686e-14
0.02842842842842843  3.74881041183103e-06  0.006805454690977705  6.820134361007447e-14
0.02847847847847848  3.548244155348444e-06  0.05423129210553166  7.151627022760221e-14
0.02852852852852853  3.351498124078795e-06  0.09172630436070157  7.437328349429446e-14
0.02857857857857858  3.158835683480459e-06  0.1186364017543766  8.69647692433136e-14
0.02862862862862863  2.970526981607515e-06  0.1404951133391603  9.330314881971813e-14
0.02867867867867868  2.786850375125578e-06  0.1578701783748925  1.046537344190325e-13
0.02872872872872873  2.608094154695115e-06  0.1664741989989682  1.153628670725207e-13
0.02877877877877878  2.43455879211813e-06  0.1606061018057584  1.319773407045421e-13
0.02882882882882883  2.266559686750959e-06  0.1375894363041772  1.574461796002032e-13
0.02887887887887888  2.10443039868478e-06  0.1000626663646127  1.789247391703977e-13
0.02892892892892893  1.948526681592682e-06  0.05468961813015477  2.156021224601511e-13
0.02897897897897898  1.799231238140003e-06  0.01092331529758435  2.547618938022724e-13
0.02902902902902903  1.656958940916904e-06  0.02772742109239081  3.056285521289164e-13
0.02907907907907908  1.522162685197776e-06  0.04550434753064223  3.707244690453988e-13
0.02912912912912913  1.395338444013166e-06  0.04540894271018906  4.514820110840448e-13
0.02917917917917918  1.277028604267912e-06  0.04160954504423637  5.569442659794288e-13
0.02922922922922923  1.167820872071694e-06  0.04747476327111766  6.955209583111049e-13
0.02927927927927928  1.068337364564229e-06  0.05556473587724274  8.910447727511858e-13
0.02932932932932933  9.792085960031615e-07  0.05839255237666642  1.17342731447172e-12
0.02937937937937938  9.010229773057048e-07  0.05525633258671646  2.159420266891478e-16
0.02942942942942943  8.342445090259358e-07  0.04791301330626383  5.315247747350774e-16
0.02947947947947948  7.790990864234743e-07  0.04580158252018418  3.764872584003467e-16
0.02952952952952953  7.354408799451103e-07  0.08016937184767159  3.405038788645427e-17
0.02957957957957958  7.026286899358787e-07  0.1677517313593178  1.6829122662624e-16
0.02962962962962963  6.794380373309366e-07  0.293687099299358  1.474365854189902e-16
0.02967967967967968  6.639896471308345e-07  0.3914052851397217  1.002428790668101e-16
0.02972972972972973  6.535379822336412e-07  0.3637807604086779  3.648194142824404e-17
0.02977977977977978  6.435531867045724e-07  0.2198874389645452  3.921142551379862e-16
0.02982982982982983  6.23827343047854e-07  0.08700829199636392  1.685496586110729e-15
0.02987987987987988  5.589823313217744e-07  0.01747996571923643  2.072351080299493e-14
0.02992992992992993  5.657401357902291e-07  0.004760326136043196  1.163821202893943e-17
0.02997997997997998  3.552226646840462e-07  0.005006846825228608  1.20350534057783e-15
0.03003003003003003  2.733554375427481e-07  0.006766289630433592  2.208999056670883e-13
0.03008008008008008  2.901233067525245e-07  0.01326660265594032  1.639572617345367e-16
0.03013013013013013  4.571669922762496e-07  0.0770615068554904  1.12925830714057e-13
0.03018018018018018  5.135486965817181e-07  0.1644118464530475  4.811132495176385e-15
0.03023023023023023  5.427462610503311e-07  0.2500141234339107  7.309436149775276e-16
0.03028028028028028  5.645455858438824e-07  0.2850353373582739  1.466014161837189e-16
0.03033033033033033  5.866344665055675e-07  0.2263623798945566  2.10917477000858e-16
0.03038038038038038  6.132278866887271e-07  0.1311008354274847  3.365389178295299e-16
0.03043043043043043  6.470883559793643e-07  0.05829412506524312  4.441536468589906e-16
0.03048048048048048  6.900674333950015e-07  0.03657898324179088  1.124945676296232e-16
0.03053053053053053  7.432881319299167e-07  0.05000668292289702  6.451901206002952e-16
0.03058058058058058  8.072676948688482e-07  0.06333525250999464  3.085966924953289e-16
0.03063063063063063  8.820611558642525e-07  0.07285888271935184  1.15685424972701e-12
0.03068068068068068  9.674095277131717e-07  0.07963697794804901  7.986911111995699e-13
0.03073073073073073  1.062871307570827e-06  0.0840282026332657  5.869134391632797e-13
0.03078078078078078  1.167920101336387e-06  0.08495285440143509  4.575846807229954e-13
0.03083083083083083  1.28200767259696e-06  0.07877016665136533  3.706800683513182e-13
0.03088088088088088  1.404599716968785e-06  0.05947044866078204  3.103725031896946e-13
0.03093093093093093  1.535192873697641e-06  0.02869837096333139  2.684938788423665e-13
0.03098098098098098  1.673320496024599e-06  0.02938209059888715  2.390685090096611e-13
0.03103103103103103  1.818552076164761e-06  0.05001281778939131  2.153774747805126e-13
0.03108108108108108  1.970490122107734e-06  0.0713615224050691  1.964601676186924e-13
0.03113113113113113  2.128765707328194e-06  0.09909504182547064  1.805227380034066e-13
0.03118118118118118  2.293034131814604e-06  0.1166538543832465  1.661659360766437e-13
0.03123123123123123  2.462970855908112e-06  0.1174066076337621  1.60607667561788e-13
0.03128128128128128  2.638267879195324e-06  0.1083793247815634  1.479714704036949e-13
0.03133133133133133  2.818630776668428e-06  0.1002232274904523  1.326994208242321e-13
0.03138138138138138  3.003776469716107e-06  0.09908032031696497  1.220259291392523e-13
0.03143143143143143  3.193430657573892e-06  0.1037997226954384  1.129144951380662e-13
0.03148148148148149  3.38732694100486e-06  0.1100013022374204  1.017399922606323e-13
0.03153153153153153  3.58520480229925e-06  0.1140575936564397  9.416621345175032e-14
0.03158158158158159  3.786809124670919e-06  0.1133526907920512  8.103820521723142e-14
0.03163163163163163  3.991889009598805e-06  0.1051908379561268  7.17398472823615e-14
0.03168168168168169  4.200197248302933e-06  0.08679680273230783  5.631873318777228e-14
0.03173173173173173  4.411489797852161e-06  0.06314242803853258  5.204732326063691e-14
0.03178178178178179  4.625525475980959e-06  0.07801194183839802  5.065301903599653e-14
0.03183183183183183  4.842065361272533e-06  0.147240797458414  4.762112896733746e-14
0.03188188188188189  5.060872980314309e-06  0.228307711853259  3.51766362993746e-14
0.03193193193193193  5.281713665715344e-06  0.2950356552631749  2.522123844229743e-14
0.03198198198198199  5.504354856682419e-06  0.3341741152181675  2.653494979441555e-14
0.03203203203203203  5.728565754666887e-06  0.3405833983514976  2.774708951754277e-14
0.03208208208208209  5.95411734029015e-06  0.3141338563825185  2.833623435269908e-14
0.03213213213213213  6.180782447746838e-06  0.2605382008557848  1.993796579163167e-14
0.03218218218218218  6.408335524808444e-06  0.1911744286551953  1.464776262214243e-14
0.03223223223223223  6.636552960257277e-06  0.1193103987894261  1.36854000806787e-14
0.03228228228228228  6.865212878481865e-06  0.05660406397329731  2.52737836487976e-14
0.03233233233233233  7.094095264944433e-06  0.0265536977531807  2.475962324068452e-14
0.03238238238238238  7.32298217536238e-06  0.05630858264960915  1.512016492928715e-14
0.03243243243243243  7.551657415021635e-06  0.09375481064599073  1.102348264253321e-14
0.03248248248248248  7.779907065314213e-06  0.132458161710406  2.823337722718077e-14
0.03253253253253253  8.007519241851933e-06  0.1698475667599948  1.394277027937279e-14
0.03258258258258259  8.234284353990269e-06  0.1963930116819282  1.026914319625008e-14
0.03263263263263264  8.459995038582981e-06  0.2002376142074151  2.758550058158757e-15
0.03268268268268269  8.684446371640021e-06  0.1759045178425768  8.472925879590578e-16
0.03273273273273274  8.907435996341465e-06  0.1292863260775479  3.995874165061922e-15
0.03278278278278279  9.128764015275941e-06  0.0759466661254237  7.155384412350521e-15
0.03283283283283284  9.348233335608772e-06  0.04652673809750126  1.405446605403321e-14
0.03288288288288288  9.565649563898115e-06  0.07236055801867601  1.054773527340495e-14
0.03293293293293294  9.780821206827711e-06  0.1127576753125771  1.050120189329217e-14
0.03298298298298298  9.993559770103309e-06  0.1489036223584544  7.257471246061918e-15
0.03303303303303304  1.020367971123133e-05  0.1754470401289417  1.108216117920731e-14
0.03308308308308308  1.041099881408133e-05  0.1885642044728924  8.576585537933459e-16
0.03313313313313314  1.061533795427403e-05  0.1858554266971721  8.99495985775881e-15
0.03318318318318318  1.081652146549148e-05  0.16652673552608  4.148953706837319e-15
0.03323323323323324  1.101437706485657e-05  0.1300496696377594  1.321305199372114e-14
0.03328328328328328  1.120873598031175e-05  0.07430614142894079  6.353481497035449e-15
0.03333333333333334  1.139943314157019e-05  0.02813309680415025  4.74531358473148e-15
0.03338338338338338  1.158630707863094e-05  0.138866518581225  2.499029252108044e-15
0.03343343343343344  1.17692001785433e-05  0.3010539267691628  5.63617495244599e-15
0.03348348348348348  1.1947958670004e-05  0.4943529940103201  5.029920595342543e-15
0.03353353353353353  1.21224327776194e-05  0.6858833315370511  8.8156627180191e-15
0.03358358358358358  1.229247674390887e-05  0.8292841683460502  3.475859638884494e-15
0.03363363363363363  1.245794890809985e-05  0.885823856590632  1.364900651989875e-14
0.03368368368368369  1.261871183838015e-05  0.8452336516199844  1.466260584736352e-14
0.03373373373373374  1.27746323498673e-05  0.7291091720785577  2.417557750771219e-15
0.03378378378378379  1.292558155351158e-05  0.5757648833323161  1.221483669771737e-14
0.03383383383383384  1.307143510417368e-05  0.4208615795822632  2.43547224569731e-15
0.03388388388388389  1.321207297294201e-05  0.2869965832003478  2.2451951626866e-15
0.03393393393393394  1.334737977727924e-05  0.1844133364193616  1.054717197217457e-15
0.03398398398398399  1.347724471870501e-05  0.1178348686025888  9.663373730212226e-15
0.03403403403403404  1.360156164597826e-05  0.09061126394975771  5.987903411267925e-15
0.03408408408408409  1.372022916689241e-05  0.09219560820813429  7.929433261691288e-15
0.03413413413413414  1.383315060852654e-05  0.1004007360289257  8.267567521117175e-15
0.03418418418418419  1.394023418287956e-05  0.1036612298656665  9.808974439582656e-15
0.03423423423423423  1.404139296525433e-05  0.09950044776742853  1.068665316417961e-14
0.03428428428428429  1.413654494899378e-05  0.08894971762624078  6.588466326776218e-15
0.03433433433433433  1.422561314009739e-05  0.07433843627827386  1.954486246240047e-15
0.03438438438438439  1.43085254977667e-05  0.05829951777610381  2.019589503729232e-14
0.03443443443443443  1.438521509325771e-05  0.04311171475210174  1.221830651609449e-14
0.03448448448448449  1.445562005536719e-05  0.03025916158644961  4.819409389786782e-15
0.03453453453453453  1.451968366258957e-05  0.0203037305434423  4.510866008410067e-15
0.03458458458458459  1.457735431717622e-05  0.01312497155633248  2.851621308730787e-15
0.03463463463463463  1.462858564300177e-05  0.008302294203217877  1.125317733561327e-14
0.03468468468468468  1.46733364451038e-05  0.005154783581862825  6.501709735422125e-15
0.03473473473473473  1.471157077629097e-05  0.002705472396948198  2.313478394958853e-13
0.03478478478478478  1.474325794970713e-05  0.003289152502252697  6.093363253750732e-13
0.03483483483483484  1.47683725100421e-05  0.009030274950199178  1.052712995666426e-14
0.03488488488488489  1.478703518522896e-05  0.01754736463497822  2.701068904223062e-15
0.03493493493493494  1.479903190446912e-05  0.02836600653447933  3.914222742348388e-15
0.03498498498498499  1.480412384850916e-05  0.04095671324865433  1.577034703839688e-15
0.03503503503503504  1.48028230715676e-05  0.05452320755362704  1.303548653656618e-13
0.03508508508508509  1.479513850945128e-05  0.06799252830333011  5.292053821879864e-15
0.03513513513513514  1.47802778036037e-05  0.08009587468864313  9.027650289670752e-15
0.03518518518518519  1.475911680205282e-05  0.0895674900795299  1.009829804744533e-15
0.03523523523523524  1.473137048743901e-05  0.09542521845943565  1.665045521830099e-14
0.03528528528528529  1.469706110491699e-05  0.09722546074108658  2.600781930657879e-15
0.03533533533533534  1.465621620199072e-05  0.09517820769337643  9.956337847276635e-15
0.03538538538538539  1.460886859340225e-05  0.09008560344643389  1.37501389054801e-14
0.03543543543543544  1.45550562991095e-05  0.0831892877127217  2.276711329973726e-15
0.03548548548548549  1.44948225944042e-05  0.07610075088657738  7.894898438658851e-15
0.03553553553553554  1.442821597988887e-05  0.0709366972817666  6.056680377464418e-15
0.03558558558558559  1.435529006138336e-05  0.07038566488164731  8.635329310107132e-16
0.03563563563563564  1.427610365277871e-05  0.07684650375679057  2.485028597671869e-15
0.03568568568568568  1.419072065653545e-05  0.09082894770665113  1.843841230876365e-16
0.03573573573573574  1.409921002981568e-05  0.1107483519918759  1.599267261132869e-15
0.03578578578578578  1.400164579753042e-05  0.1340243510118803  1.272169867916032e-14
0.03583583583583584  1.389810698641461e-05  0.1577876623906377  1.708232500374197e-15
0.03588588588588588  1.378867755649121e-05  0.1791308898669794  1.214071141043456e-15
0.03593593593593594  1.36734464103948e-05  0.1953739826338178  4.639816480133975e-16
0.03598598598598599  1.355250724322959e-05  0.2044570500311347  1.174485292224957e-15
0.03603603603603604  1.342595867767998e-05  0.2053424132157954  2.395685625212238e-14
0.03608608608608609  1.329390398605657e-05  0.1982527788975629  1.406949571617336e-14
0.03613613613613614  1.315645119227811e-05  0.184626261697529  2.861581331802623e-15
0.03618618618618619  1.301371296301329e-05  0.1667856685346787  2.349518177299721e-15
0.03623623623623624  1.286580649654174e-05  0.1474346265148236  1.854946569347776e-14
0.03628628628628629  1.271285360027103e-05  0.1291514798243618  1.025787402770804e-14
0.03633633633633634  1.255498043129775e-05  0.1140516268305461  2.556217244789812e-15
0.03638638638638639  1.239231758237182e-05  0.1037660603515508  1.026721170431841e-14
0.03643643643643644  1.222499998677705e-05  0.09979577703677588  3.497679961125851e-15
0.03648648648648649  1.205316673227706e-05  0.1039723995637053  1.117172107483559e-14
0.03653653653653654  1.187696113718412e-05  0.1183726981337389  1.598189470561707e-14
0.03658658658658659  1.169653060950457e-05  0.1445694738990187  2.150063711841366e-15
0.03663663663663664  1.151202649282263e-05  0.1830859030106358  3.356784809736653e-15
0.03668668668668669  1.132360414519708e-05  0.2333195607360969  1.306812854626289e-14
0.03673673673673674  1.113142270838743e-05  0.2933711354443966  1.266280967359243e-14
0.03678678678678679  1.093564508954248e-05  0.3596269841637351  4.004315431428575e-15
0.03683683683683684  1.073643788646547e-05  0.4264437748462526  3.904800748425857e-15
0.03688688688688689  1.053397122578552e-05  0.4863843314136287  1.612698013416737e-14
0.03693693693693694  1.032841884214224e-05  0.5313045373065151  1.753704329524254e-14
0.03698698698698699  1.011995771373059e-05  0.5542054107355914  1.068690652936848e-14
0.03703703703703703  9.90876827631662e-06  0.5512522882510711  2.274231421509787e-14
0.03708708708708709  9.695034038313117e-06  0.5230613144794685  6.601994028920967e-15
0.03713713713713714  9.478941717081521e-06  0.4745806042709674  1.073871083922504e-15
0.03718718718718719  9.26068112402185e-06  0.4135898822993379  2.412921281165485e-14
0.03723723723723724  9.040444794579615e-06  0.3485365151635558  1.649105573219469e-14
0.03728728728728729  8.818428325379723e-06  0.286644597551693  6.657693034202933e-15
0.03733733733733734  8.594829859357982e-06  0.232914809509252  3.989079972062435e-15
0.03738738738738739  8.369850358987165e-06  0.1900885144022543  1.074292280891661e-15
0.03743743743743744  8.143693155629428e-06  0.1592236165836931  1.636454369571603e-14
0.03748748748748749  7.916564199051165e-06  0.1404015673320892  7.49501773446314e-15
0.03753753753753754  7.688671728366656e-06  0.1332983311680684  1.221649977744184e-14
0.03758758758758759  7.460226238107661e-06  0.1377340594753966  1.866814674207493e-14
0.03763763763763764  7.231440497174921e-06  0.1544435369314898  2.109480288640094e-14
0.03768768768768769  7.002529314873325e-06  0.1862410337024936  1.455563368904495e-14
0.03773773773773774  6.773709559608364e-06  0.2400227560660623  1.950582351801056e-14
0.03778778778778779  6.545200097314266e-06  0.3300248233679003  2.15301643390053e-14
0.03783783783783784  6.317221573251521e-06  0.4813230109638953  3.247481469585477e-14
0.03788788788788789  6.089996692409277e-06  0.7304575565899579  2.891912992641511e-14
0.03793793793793794  5.863749770961876e-06  1.118460465996099  3.1328757149774e-14
0.03798798798798799  5.638706997195629e-06  1.669293519673504  2.973847902521551e-14
0.03803803803803804  5.415096338177908e-06  2.348885564873373  3.81308983584273e-14
0.03808808808808809  5.193147383456202e-06  3.022095564423777  3.674555454478875e-14
0.03813813813813814  4.973091828602982e-06  3.462478377042223  3.689536091021851e-14
0.03818818818818819  4.755162916453173e-06  3.462907679943177  4.22800842093596e-14
0.03823823823823824  4.539596070043186e-06  2.989976670188313  4.541663086558972e-14
0.03828828828828829  4.326628700226316e-06  2.226967991401551  5.418198462024931e-14
0.03833833833833834  4.116500560462929e-06  1.443627615359726  5.246742077840702e-14
0.03838838838838839  3.909454026222557e-06  0.8276033196003107  6.216492135239721e-14
0.03843843843843844  3.705734346930885e-06  0.4292133190080628  6.278463419195669e-14
0.03848848848848849  3.505590046600649e-06  0.2181617008441393  6.441894974715065e-14
0.03853853853853854  3.309273711218084e-06  0.1555429630605571  6.853166486530501e-14
0.03858858858858859  3.117042392066179e-06  0.1762544937665362  5.019575659842577e-15
0.03863863863863864  2.929158961796618e-06  0.212589238586815  1.301701135026196e-15
0.03868868868868869  2.745892708914233e-06  0.2410429647085046  7.669488314068153e-16
0.03873873873873874  2.56752124307672e-06  0.2516320223788689  1.345234032056064e-15
0.03878878878878879  2.394331924171775e-06  0.2383756967352521  1.722483936285927e-15
0.03883883883883884  2.226624298259697e-06  0.2017635058038047  2.141019652574638e-16
0.03888888888888889  2.064712640907656e-06  0.1513402620350491  1.862156837216779e-15
0.03893893893893894  1.908929026704174e-06  0.1062650801013585  1.638366260230048e-15
0.03898898898898899  1.759627449338941e-06  0.08805010216557463  9.512888195392253e-16
0.03903903903903904  1.617187631587972e-06  0.08915797967798543  8.238866014667564e-16
0.03908908908908909  1.482019994336349e-06  0.08371965138093078  3.056878936002844e-16
0.03913913913913914  1.354569220392764e-06  0.06689608625477725  1.19620628566476e-15
0.03918918918918919  1.23531708912598e-06  0.04964774464060968  7.247512543663295e-16
0.03923923923923924  1.124780821780441e-06  0.0409253872815691  9.832381374039387e-17
0.03928928928928929  1.023503544617244e-06  0.03592418848103895  5.646261332168313e-16
0.03933933933933934  9.320314180898848e-07  0.02729814219901057  1.415884787581952e-16
0.03938938938938939  8.508674822359725e-07  0.0345654209615238  3.818050535300294e-16
0.03943943943943944  7.803963985440396e-07  0.1037335376970259  3.404709548365323e-16
0.03948948948948949  7.20772845664662e-07  0.2686759750200222  3.223350780918545e-17
0.03953953953953954  6.717823419173485e-07  0.6177795583225709  5.612136519501511e-17
0.03958958958958959  6.341584821529306e-07  1.270529038183104  3.221264693530027e-16
0.03963963963963964  6.04347677254105e-07  2.222242548108771  3.292058950165735e-16
0.03968968968968969  5.814492682400195e-07  3.047970173474865  2.637651114540847e-17
0.03973973973973974  5.628843010110835e-07  2.979884659707893  8.054200694794498e-17
0.0397897897897898  5.451716466488397e-07  1.884867545958689  2.38074289448178e-16
0.03983983983983984  5.230529329633336e-07  0.7076876436041296  2.635511459201935e-17
0.0398898898898899  4.862707808785931e-07  0.1402881834381318  2.496274678506426e-17
0.03993993993993994  4.03041603483166e-07  0.008006694158233905  5.026335974387387e-18
0.03998998998999  1.391359908516723e-07  0.004639694719536031  4.14507340160352e-19
0.04004004004004004  3.761659370860047e-07  0.004426225020468874  1.007875264830635e-17
0.04009009009009009  6.234011114917718e-07  0.02057393186050312  5.794029396934997e-18
0.04014014014014014  6.538192207757434e-07  0.202210375504354  2.122805759405772e-17
0.04019019019019019  6.582566218987665e-07  0.6433664057637803  4.267389747970379e-17
0.04024024024024024  6.599335156408521e-07  1.007533052013521  1.23489884069364e-15
0.04029029029029029  6.640510048213769e-07  0.9493645165477969  4.472236861193616e-16
0.04034034034034034  6.734345772393933e-07  0.6366804584230535  1.447776367497577e-16
0.04039039039039039  6.902347382499953e-07  0.3463246200268656  5.823080718063602e-17
0.04044044044044044  7.162110402581166e-07  0.1633413423836964  4.342493583189344e-16
0.04049049049049049  7.514458440840286e-07  0.06419185889231382  1.558093747429289e-16
0.04054054054054054  7.997013036922688e-07  0.01359564936679349  6.106152413406387e-17
0.04059059059059059  8.595345441507728e-07  0.01453825089395319  5.192150752637661e-16
0.04064064064064064  9.309356130468553e-07  0.02627881907955643  6.331565982013389e-16
0.04069069069069069  1.013572908465717e-06  0.02910594949706905  3.959316027811814e-16
0.04074074074074074  1.10692351806598e-06  0.02763683675332749  6.64174445534651e-16
0.04079079079079079  1.210375813383263e-06  0.03980117527062137  3.542957413912084e-16
0.04084084084084084  1.323299121017269e-06  0.07996592114544974  4.030351627758014e-16
0.04089089089089089  1.445083551500863e-06  0.1401937224502249  8.6390921476026e-16
0.04094094094094095  1.575159329399947e-06  0.2056010271133103  3.20704241529404e-16
0.040990990990991  1.713002964694717e-06  0.2566504922290453  1.879407424115204e-16
0.04104104104104105  1.858136315985587e-06  0.2781530934273011  7.270749666060365e-16
0.04109109109109109  2.010122566016361e-06  0.2675668374470204  2.448900454326288e-15
0.04114114114114115  2.168560475812883e-06  0.2327663183171637  2.01937681815407e-16
0.04119119119119119  2.333078601202645e-06  0.1841177485295554  2.218851504689537e-15
0.04124124124124125  2.503330785594167e-06  0.1306043915939033  6.473788080177037e-16
0.04129129129129129  2.678991031806838e-06  0.07993528682791584  3.907744958299362e-16
0.04134134134134135  2.859750408672763e-06  0.03894791030339562  2.402204317515253e-16
0.04139139139139139  3.045313530088745e-06  0.0204108852564717  2.802752516640308e-17
0.04144144144144144  3.235396322925525e-06  0.03285806305205029  7.946091912180411e-16
0.04149149149149149  3.429723954271858e-06  0.04865616577491517  5.49245411778594e-16
0.04154154154154154  3.628029082973375e-06  0.06410564493835554  9.363648046986319e-16
0.04159159159159159  3.830050765005287e-06  0.0828654132868126  2.101389752502562e-15
0.04164164164164164  4.035533310042914e-06  0.1071475623594711  8.111404175422621e-14
0.04169169169169169  4.244225418572216e-06  0.135540922001696  7.834863252781082e-14
0.04174174174174174  4.455879763433431e-06  0.1639476940433681  6.78320401700264e-14
0.04179179179179179  4.670252039608026e-06  0.1881737579416145  6.242339041987162e-14
0.04184184184184184  4.887101130087879e-06  0.2069249223636585  5.016804224678982e-14
0.04189189189189189  5.106188344589769e-06  0.2238142318332246  5.135121829469486e-14
0.04194194194194194  5.327277446164362e-06  0.2456394263875964  5.042635607755935e-14
0.04199199199199199  5.550134317706916e-06  0.2755386900652506  4.116953972198523e-14
0.04204204204204205  5.774526958049317e-06  0.3076005991054058  4.207266732100509e-14
0.0420920920920921  6.000225343838103e-06  0.3305410435983733  3.795202490468613e-14
0.04214214214214215  6.227001402497263e-06  0.3361727599997711  3.045081666963098e-14
0.0421921921921922  6.454629058867071e-06  0.324900717366971  2.736462328204197e-14
0.04224224224224225  6.682883998830992e-06  0.3055043547111515  2.376220318981876e-14
0.0422922922922923  6.911543965369276e-06  0.2899833221778872  2.149962725187058e-14
0.04234234234234235  7.140388708111729e-06  0.286097348424  1.794872909155587e-14
0.0423923923923924  7.369199915135446e-06  0.2928522624434027  1.958469867407819e-14
0.04244244244244245  7.597761401462417e-06  0.3030769752864078  1.018036012392307e-14
0.0424924924924925  7.825859070647981e-06  0.3090853399056843  1.453231689259045e-14
0.04254254254254254  8.053281083207549e-06  0.3059551641025003  1.716135625675928e-14
0.0425925925925926  8.27981793406472e-06  0.2921874669792138  1.70098616777334e-14
0.04264264264264264  8.505262358986499e-06  0.2691456360350543  6.342972991131294e-15
0.04269269269269269  8.729409718360246e-06  0.2400119998377931  1.120421758081348e-14
0.04274274274274274  8.952057766836565e-06  0.2087077742795967  2.721292073534344e-15
0.04279279279279279  9.173006982118676e-06  0.1791485036598438  4.711758619744641e-15
0.04284284284284284  9.392060568080662e-06  0.1549077638696443  1.138321127300851e-14
0.04289289289289289  9.609024448660905e-06  0.138834985818481  8.205492260287408e-15
0.04294294294294294  9.823707641492815e-06  0.1320382137945044  2.486561259837169e-16
0.04299299299299299  1.003592198797538e-05  0.1329817688260248  5.774280176598355e-16
0.04304304304304304  1.024548251375804e-05  0.1384484423303607  4.657290694682758e-15
0.04309309309309309  1.045220745389798e-05  0.1456259001905427  5.931800675120557e-15
0.04314314314314315  1.065591826889631e-05  0.153092717602869  1.863941535771959e-15
0.0431931931931932  1.085643982426165e-05  0.1603507721587774  6.400435657470025e-15
0.04324324324324325  1.105360043408229e-05  0.1668702387872958  8.752762402750105e-15
0.0432932932932933  1.124723199783072e-05  0.1715838656138867  8.410201250440335e-15
0.04334334334334335  1.14371700190923e-05  0.1731309230950694  8.130386991877398e-16
0.0433933933933934  1.162325374982811e-05  0.1704833734397595  3.332297458655258e-15
0.04344344344344345  1.180532632014718e-05  0.1634446169083779  1.270826463002618e-14
0.0434934934934935  1.198323462364356e-05  0.1528064025799192  5.140230897239253e-15
0.04354354354354355  1.215682963798648e-05  0.1402564509636705  8.296251022656852e-15
0.0435935935935936  1.232596635785101e-05  0.1282365001666063  1.111110315459441e-14
0.04364364364364365  1.249050394146399e-05  0.1197911528107574  6.488624622265007e-17
0.0436936936936937  1.265030572023295e-05  0.1180130647528  1.374742561906563e-14
0.04374374374374375  1.280523933390104e-05  0.1246469147786202  7.873000357314485e-15
0.0437937937937938  1.29551768111708e-05  0.1388759904879825  6.757733543741626e-15
0.04384384384384385  1.309999452857425e-05  0.1578804840454393  1.497646306223491e-15
0.04389389389389389  1.323957344341876e-05  0.1783697459620857  5.142908590538772e-15
0.04394394394394395  1.3373799016647e-05  0.197666197739099  3.573188324284877e-15
0.04399399399399399  1.350256132825616e-05  0.2142033648188329  1.306340602969251e-15
0.04404404404404404  1.362575518771528e-05  0.2275974685061226  1.103831179211234e-14
0.04409409409409409  1.374328007313835e-05  0.2382790382145899  2.766564593161125e-15
0.04414414414414414  1.385504032035505e-05  0.2467973846105129  2.752530125192208e-15
0.04419419419419419  1.396094503536525e-05  0.2531891872128723  1.401838797104788e-14
0.04424424424424424  1.406090830298255e-05  0.2568179718085079  2.752065277897426e-15
0.0442942942942943  1.415484909695154e-05  0.2567265921438103  1.263928271500551e-14
0.04434434434434435  1.424269134242435e-05  0.2521753187302895  3.862834690362828e-15
0.0443943943943944  1.432436405675932e-05  0.2430126921832071  3.377016256426534e-15
0.04444444444444445  1.439980128193592e-05  0.2297467233355649  1.463796809644489e-14
0.0444944944944945  1.446894217330957e-05  0.2133848616242773  1.08221852104336e-14
0.04454454454454455  1.453173102401005e-05  0.195185312480905  2.813044067066162e-16
0.0445945945945946  1.458811726756751e-05  0.1764408090840756  6.760800125649003e-15
0.04464464464464465  1.463805556580684e-05  0.1583525435091914  1.786536699547295e-14
0.0446946946946947  1.468150574104336e-05  0.1419792932817333  1.684876240745128e-14
0.04474474474474475  1.471843290528922e-05  0.1281846370940031  2.754062033239561e-13
0.0447947947947948  1.474880740333348e-05  0.1174884277490811  5.878161117969859e-13
0.04484484484484485  1.477260484781618e-05  0.1098194516192702  7.431060219969636e-15
0.0448948948948949  1.479031772225114e-05  0.1043531754109745  1.372294290277369e-14
0.04494494494494495  1.480055424673921e-05  0.09966908079099096  1.271712348550423e-14
0.044994994994995  1.480437484147543e-05  0.09420574995582746  4.697733641842106e-13
0.04504504504504505  1.480179361616843e-05  0.08674762481052987  5.335151708605457e-13
0.0450950950950951  1.479281262457303e-05  0.0767528080025177  2.869909001538763e-15
0.04514514514514515  1.477657331688982e-05  0.06455297444045016  1.64522980451382e-15
0.0451951951951952  1.475409373743609e-05  0.05164735332593864  1.359507836141956e-14
0.04524524524524524  1.472503287520475e-05  0.04145421356747317  2.628739732885705e-15
0.0452952952952953  1.468941403482615e-05  0.03946607904785369  1.465338310720282e-15
0.04534534534534534  1.464726582979568e-05  0.04766305564621812  1.241722254311681e-14
0.0453953953953954  1.459862212372284e-05  0.06154991254207202  3.923965119176934e-15
0.04544544544544545  1.454352200459984e-05  0.07687918900830733  1.370729183595566e-14
0.0454954954954955  1.448200980029505e-05  0.09151543665672285  1.594123415784112e-14
0.04554554554554555  1.441413503178816e-05  0.1044678402914464  8.018032829161006e-15
0.0455955955955956  1.433995235238413e-05  0.1153049782651016  2.288075720231976e-15
0.04564564564564565  1.425952162586253e-05  0.1238985285743456  6.434682857687382e-15
0.0456956956956957  1.41729077779571e-05  0.1302900656469493  1.499036617270217e-14
0.04574574574574575  1.40801807733108e-05  0.1346094482842626  1.046628898624558e-14
0.0457957957957958  1.398141569749065e-05  0.1370253276852696  2.970776760951367e-15
0.04584584584584585  1.387669253199635e-05  0.137722664796297  4.999407275468953e-15
0.0458958958958959  1.376609629265198e-05  0.1369025322430719  4.180132215404154e-15
0.04594594594594595  1.364971683923582e-05  0.1347949565009227  3.414462424888967e-15
0.045995995995996  1.352764887769908e-05  0.1316717288994537  1.343317105750354e-15
0.04604604604604605  1.339999199908371e-05  0.1278468494635729  1.968089777945973e-15
0.0460960960960961  1.326685042685333e-05  0.1236584511640547  7.975039917321545e-15
0.04614614614614615  1.312833318125503e-05  0.1194352500130045  4.982551464737844e-15
0.0461961961961962  1.298455383479472e-05  0.1154585385342349  8.451537808874168e-15
0.04624624624624625  1.283563057031216e-05  0.111933658748707  5.984178193518668e-15
0.0462962962962963  1.268168608071192e-05  0.1089811387970732  1.68795167472856e-15
0.04634634634634635  1.252284747756924e-05  0.1066488814019149  1.437418214203229e-14
0.0463963963963964  1.235924627559502e-05  0.1049374393488628  2.117035041388493e-15
0.04644644644644645  1.219101824129115e-05  0.1038253693760621  7.34958282437252e-15
0.0464964964964965  1.201830342529133e-05  0.1032830677204945  2.301765047130409e-16
0.04654654654654655  1.184124597368679e-05  0.1032699459573389  1.661131302553781e-15
0.0465965965965966  1.16599941312107e-05  0.1037180276549355  4.647982559010801e-15
0.04664664664664665  1.14747002195471e-05  0.1045116256082791  4.323844950973018e-15
0.0466966966966967  1.128552026526921e-05  0.105474904765528  1.755254469522121e-14
0.04674674674674675  1.109261439514812e-05  0.1063757017325066  1.653777520015799e-15
0.0467967967967968  1.089614626575966e-05  0.1069467578467467  6.09554067662603e-15
0.04684684684684685  1.069628327874257e-05  0.106918679430907  7.792768764953574e-15
0.0468968968968969  1.049319643356634e-05  0.1060560847346011  3.534424637690476e-16
0.04694694694694695  1.028706012566538e-05  0.1041902426622944  7.429544925630292e-15
0.046996996996997  1.007805229042346e-05  0.1012460649820482  1.881791973397406e-14
0.04704704704704705  9.866353974314482e-06  0.0972655881716671  6.636800252702668e-15
0.0470970970970971  9.65214961553347e-06  0.09243128703813351  6.595043995484219e-15
0.04714714714714715  9.435626644310534e-06  0.08708818852605406  1.841301825433892e-14
0.0471971971971972  9.216975548553409e-06  0.08175133024124351  1.909301156559501e-14
0.04724724724724725  8.996389797154015e-06  0.07706488925665253  6.908740470167073e-15
0.0472972972972973  8.774065597400193e-06  0.07366690373396215  1.751813129680353e-14
0.04734734734734735  8.550202009938983e-06  0.07195570304622267  1.301200871290677e-14
0.0473973973973974  8.325000669389892e-06  0.0718777102469554  2.772664444764522e-14
0.04744744744744745  8.098665763696622e-06  0.07292735060590159  2.245459142440982e-14
0.0474974974974975  7.871404065934108e-06  0.07439072277056046  2.262477219627701e-14
0.04754754754754755  7.643424607236801e-06  0.07564582298682736  1.273031370011372e-14
0.0475975975975976  7.414938800851286e-06  0.07633471233057675  1.653041345449117e-14
0.04764764764764765  7.186160277141224e-06  0.07636663512738362  2.012963499264729e-14
0.0476976976976977  6.957304755090153e-06  0.07581063390951277  2.336859108497252e-14
0.04774774774774775  6.728590220496261e-06  0.07476351594004634  3.179406564646687e-14
0.0477977977977978  6.500236463843175e-06  0.07326241998817173  2.608313120771912e-14
0.04784784784784785  6.272465449122727e-06  0.07126816474447741  2.506447475497642e-14
0.0478978978978979  6.04550095157479e-06  0.06870122326907299  3.165076155479522e-14
0.04794794794794795  5.819568728925256e-06  0.06549347615710893  3.43574251330574e-14
0.047997997997998  5.594896576471227e-06  0.06162817941792367  3.901101637837207e-14
0.04804804804804805  5.371713917549259e-06  0.05715838008531855  4.275295823770005e-14
0.0480980980980981  5.150252542308985e-06  0.05220427487729888  4.728149498909015e-14
0.04814814814814815  4.930745943406095e-06  0.0469316898482087  4.340492596398626e-14
0.0481981981981982  4.713430103062727e-06  0.04151418381722188  4.79983667401942e-14
0.04824824824824825  4.498543038816389e-06  0.0360863398424559  5.337238556955343e-14
0.0482982982982983  4.286325539646351e-06  0.03070559139433061  5.870548032523598e-14
0.04834834834834835  4.077021110601568e-06  0.02534814043747969  5.84261856943025e-14
0.0483983983983984  3.87087645231229e-06  0.019969231105734  6.764027065826217e-14
0.04844844844844845  3.668142077854212e-06  0.01469975696471469  7.566070196544473e-14
0.0484984984984985  3.469072683673906e-06  0.01052783083174917  8.285360702623361e-14
0.04854854854854855  3.273928154413688e-06  0.01064168814454131  8.720422877548617e-14
0.0485985985985986  3.082974386746256e-06  0.01633692168156108  9.5234061915716e-14
0.04864864864864865  2.896484575558715e-06  0.02500737300043872  1.061743486233526e-13
0.0486986986986987  2.714740884059414e-06  0.03525944701171697  1.188590591649288e-13
0.04874874874874875  2.538036191956622e-06  0.04643186202311529  1.309285522901071e-13
0.0487987987987988  2.366676554132548e-06  0.05783039360453381  1.427873072278404e-13
0.04884884884884885  2.20098424574572e-06  0.06848753119223774  1.62698797848625e-13
0.0488988988988989  2.04130102913549e-06  0.07714785890326455  1.824568972829465e-13
0.04894894894894895  1.88799306288888e-06  0.08245233301227539  2.018870943956767e-13
0.048998998998999  1.741455119501663e-06  0.08330392802439368  2.343174267586681e-13
0.04904904904904905  1.602116597804227e-06  0.07929939367941943  2.722506419769726e-13
0.0490990990990991  1.470447069916833e-06  0.07102169515127089  3.224680701502364e-13
0.04914914914914915  1.346960808663164e-06  0.06002005230724548  3.920881722920475e-13
0.0491991991991992  1.232219051058957e-06  0.04848745208721337  4.888003741132077e-13
0.04924924924924926  1.126824966973523e-06  0.03881483191436674  6.354995091781817e-13
0.04929929929929931  1.03140862240138e-06  0.03303086165688997  8.627689127092706e-13
0.04934934934934935  9.465913228527761e-07  0.03184030207718266  1.246139867194726e-12
0.0493993993993994  8.729233269238328e-07  0.03432633475667603  1.211573137717227e-17
0.04944944944944945  8.107887646097563e-07  0.03971768650968656  1.174617333210137e-16
0.0494994994994995  7.602809853679575e-07  0.04887133736610117  4.300832147922741e-16
0.04954954954954955  7.210692786562214e-07  0.06363814311049971  4.999877126086666e-17
0.0495995995995996  6.922874329542168e-07  0.08475180817614798  2.282308166307622e-16
0.04964964964964965  6.724593877442007e-07  0.1094162056717942  3.451405318365696e-17
0.0496996996996997  6.59404531835883e-07  0.1290836368981644  4.322107571510338e-17
0.04974974974974975  6.498530491206806e-07  0.1298538003886907  3.408137418377583e-16
0.0497997997997998  6.378199606286059e-07  0.1016931451813659  9.64301542420938e-16
0.04984984984984985  6.074248639165939e-07  0.05439009867243825  5.067995195746992e-15
0.0498998998998999  4.924952376079768e-07  0.01576748547866829  8.926863057768475e-14
0.04994994994994995  2.700139723454969e-07  0.002533662590161447  4.867818909170686e-17
0.05  4.291182816807168e-10  0.0001986970120949847  1.598832883781867e-16
