t  x_1  x_2
0  0  -1.67920724782013e-05
5.005005005005005e-05  0.05047942057506252  0.004299720900995868
0.0001001001001001001  0.06900140053496863  0.01100906241738853
0.0001501501501501502  0.0800364591299197  0.01994998104966053
0.0002002002002002002  0.08770735939702518  0.0308033910970342
0.0002502502502502502  0.09356892321140972  0.04312573127305733
0.0003003003003003003  0.09830588307976691  0.0563879329281038
0.0003503503503503504  0.1022773499092984  0.07001736426756554
0.0004004004004004004  0.1056944273347004  0.08343996427296987
0.0004504504504504505  0.1086915201994692  0.09611982389881152
0.0005005005005005005  0.1113593968001482  0.1075937104185561
0.0005505505505505506  0.1137621965803335  0.11749844602858
0.0006006006006006007  0.115946904259928  0.1255896124543342
0.0006506506506506507  0.1179489561588397  0.1317507161147846
0.0007007007007007008  0.1197957338930336  0.1359926618160336
0.0007507507507507507  0.121508830811688  0.1384440914107431
0.0008008008008008008  0.1231055744001398  0.1393337922709975
0.0008508508508508509  0.1246000794513809  0.1389669189133192
0.0009009009009009009  0.1260039953480669  0.1376971591725713
0.000950950950950951  0.1273270481413878  0.1358971862260885
0.001001001001001001  0.1285774414823039  0.1339297569448765
0.001051051051051051  0.1297621582994705  0.1321216489391268
0.001101101101101101  0.1308871913024146  0.1307422923506193
0.001151151151151151  0.1319577215429438  0.1299884807838714
0.001201201201201201  0.1329782584684626  0.1299759822537934
0.001251251251251251  0.1339527510165917  0.130738265931526
0.001301301301301301  0.1348846766483956  0.1322319661539051
0.001351351351351351  0.1357771133748071  0.1343481715011942
0.001401401401401402  0.1366327985298432  0.136928196731485
0.001451451451451452  0.1374541771122491  0.1397822014339918
0.001501501501501501  0.1382434418405525  0.1427088807644448
0.001551551551551552  0.1390025665690995  0.1455144753820294
0.001601601601601602  0.1397333343428252  0.1480295201613667
0.001651651651651652  0.1404373610905547  0.150122051734728
0.001701701701701702  0.1411161157457217  0.1517063902667926
0.001751751751751752  0.1417709374217954  0.1527470608369395
0.001801801801801802  0.1424030501448786  0.1532578810312231
0.001851851851851852  0.1430135755487008  0.1532966715658466
0.001901901901901902  0.143603543860931  0.1529564085608068
0.001951951951951952  0.1441739034493963  0.1523539003203476
0.002002002002002002  0.1447255291487968  0.1516172194820612
0.002052052052052052  0.1452592295500759  0.1508731463747719
0.002102102102102102  0.1457757534036046  0.150235786409742
0.002152152152152152  0.1462757952622653  0.1497973291899873
0.002202202202202202  0.1467600004700642  0.1496216443572018
0.002252252252252252  0.1472289695851473  0.1497410896114892
0.002302302302302303  0.1476832623123394  0.1501565730768117
0.002352352352352352  0.148123401008912  0.1508405979280357
0.002402402402402403  0.148549873817845  0.1517427508529398
0.002452452452452453  0.1489631374749465  0.1527969000543566
0.002502502502502502  0.1493636198296011  0.1539292575388116
0.002552552552552553  0.1497517221133578  0.1550664396541466
0.002602602602602603  0.1501278209858921  0.1561427254444198
0.002652652652652653  0.1504922703839075  0.1571058523244205
0.002702702702702703  0.1508454031951724  0.1579208842716198
0.002752752752752753  0.1511875327770265  0.1585719162201509
0.002802802802802803  0.1515189543362209  0.1590616148646189
0.002852852852852853  0.151839946184865  0.1594088165490211
0.002902902902902903  0.1521507708854358  0.1596445863472909
0.002952952952952953  0.1524516762962451  0.1598072728023523
0.003003003003003003  0.1527428965274069  0.1599371602809921
0.003053053053053053  0.1530246528161819  0.1600713226727551
0.003103103103103103  0.1532971543295529  0.1602392220314527
0.003153153153153153  0.1535605989009989  0.1604594836023228
0.003203203203203203  0.153815173707662  0.1607381289535369
0.003253253253253253  0.1540610558934211  0.1610683790691399
0.003303303303303304  0.1542984131427931  0.1614319676589982
0.003353353353353353  0.1545274042100559  0.1618017491172934
0.003403403403403404  0.1547481794075275  0.1621452604325076
0.003453453453453454  0.1549608810565309  0.1624288128715435
0.003503503503503503  0.1551656439042078  0.1626216535529366
0.003553553553553554  0.1553625955090308  0.1626997500772506
0.003603603603603604  0.1555518565975751  0.162648809190703
0.003653653653653654  0.155733541394862  0.1624662347703103
0.003703703703703704  0.1559077579303572  0.1621618497909653
0.003753753753753754  0.1560746083215102  0.1617573380642173
0.003803803803803804  0.1562341890365354  0.1612844907370962
0.003853853853853854  0.1563865911379803  0.1607824571049414
0.003903903903903904  0.1565319005084749  0.1602942887502456
0.003953953953953955  0.1566701980599314  0.1598631230241156
0.004004004004004004  0.1568015599273409  0.1595283727561501
0.004054054054054054  0.1569260576482108  0.1593222739496878
0.004104104104104105  0.1570437583285883  0.1592670957447473
0.004154154154154154  0.1571547247965294  0.1593732437071447
0.004204204204204204  0.1572590157437912  0.1596383971528617
0.004254254254254255  0.1573566858564568  0.1600477234290476
0.004304304304304304  0.1574477859351316  0.1605751164729585
0.004354354354354354  0.1575323630052922  0.1611853222328342
0.004404404404404405  0.1576104604183128  0.1618367465024396
0.004454454454454455  0.157682117943643  0.1624846959793619
0.004504504504504504  0.1577473718525617  0.1630847828652148
0.004554554554554555  0.1578062549938926  0.163596226589348
0.004604604604604605  0.1578587968620209  0.1639848105592189
0.004654654654654655  0.1579050236575152  0.1642252928695681
0.004704704704704705  0.1579449583406248  0.1643031223023897
0.004754754754754755  0.1579786206778842  0.164215369093154
0.004804804804804805  0.1580060272820298  0.1639708385309814
0.004854854854854855  0.1580271916454001  0.1635893900990295
0.004904904904904905  0.1580421243058591  0.16310053231976
0.004954954954954956  0.1580508322124848  0.1625414018940189
0.005005005005005005  0.1580533199324658  0.1619542644781947
0.005055055055055055  0.1580495886854318  0.1613836939350644
0.005105105105105106  0.158039636643282  0.1608735981406138
0.005155155155155155  0.1580234586765442  0.1604642636907427
0.005205205205205205  0.1580010471409495  0.160189590185412
0.005255255255255256  0.1579723909150464  0.1600746777997349
0.005305305305305306  0.1579374758849525  0.1601339195065849
0.005355355355355355  0.1578962848102227  0.1603697310233636
0.005405405405405406  0.1578487972891592  0.1607720262340492
0.005455455455455456  0.1577949897175721  0.1613185124431156
0.005505505505505505  0.1577348352408138  0.1619758376550512
0.005555555555555556  0.1576683036988772  0.1627015713276958
0.005605605605605606  0.1575953615643174  0.1634469421390642
0.005655655655655656  0.1575159718727217  0.1641601941948381
0.005705705705705706  0.1574300941454153  0.1647903612586857
0.005755755755755756  0.1573376843040545  0.1652912028227838
0.005805805805805806  0.1572386945767163  0.1656250028155775
0.005855855855855856  0.1571330733950461  0.1657659082608627
0.005905905905905906  0.157020765281985  0.1657024873283221
0.005955955955955957  0.1569017107295355  0.1654392183091691
0.006006006006006006  0.1567758460659773  0.1649966849737015
0.006056056056056056  0.1566431033118797  0.1644103480435445
0.006106106106106107  0.1565034100241861  0.1637278820825883
0.006156156156156156  0.1563566891275806  0.1630052031925793
0.006206206206206206  0.156202858732258  0.1623014535641794
0.006256256256256257  0.1560418319371336  0.1616733399255583
0.006306306306306307  0.1558735166174304  0.1611693290391909
0.006356356356356356  0.1556978151954719  0.1608242700537206
0.006406406406406407  0.1555146243933886  0.1606550285810286
0.006456456456456457  0.1553238349663147  0.1606576727721642
0.006506506506506506  0.1551253314144997  0.1608066449807112
0.006556556556556557  0.1549189916725994  0.1610561878614589
0.006606606606606607  0.1547046867742219  0.1613440820203537
0.006656656656656657  0.1544822804896012  0.1615975110825343
0.006706706706706707  0.1542516289340411  0.1617406221983572
0.006756756756756757  0.1540125801445089  0.1617031218383313
0.006806806806806807  0.1537649736214759  0.161429065439352
0.006856856856856857  0.1535086398327642  0.1608848901812912
0.006906906906906907  0.1532433996758007  0.1600657229652722
0.006956956956956958  0.1529690638942502  0.1589990826880673
0.007007007007007007  0.152685432444538  0.1577452891406072
0.007057057057057057  0.1523922938072267  0.1563941808761362
0.007107107107107108  0.1520894242376033  0.1550581098400945
0.007157157157157158  0.1517765869491381  0.1538615895731899
0.007207207207207207  0.1514535312226797  0.1529283860314783
0.007257257257257258  0.1511199914333357  0.1523672104228807
0.007307307307307308  0.1507756859859478  0.1522574564802479
0.007357357357357357  0.1504203161488587  0.1526365794859167
0.007407407407407408  0.1500535647742831  0.1534907099606077
0.007457457457457458  0.1496750948919865  0.1547499142624893
0.007507507507507507  0.1492845481611031  0.1562891579895586
0.007557557557557558  0.1488815431627675  0.157935516042702
0.007607607607607608  0.1484656735136863  0.1594815447757602
0.007657657657657658  0.1480365057778255  0.1607040431738243
0.007707707707707708  0.1475935771499058  0.1613867505433491
0.007757757757757758  0.1471363928802942  0.1613449331344032
0.007807807807807808  0.1466644234060507  0.1604493759063976
0.007857857857857859  0.1461771011471247  0.1586470829968292
0.007907907907907909  0.1456738169198749  0.1559760488518189
0.007957957957957958  0.145153915911891  0.1525718141016179
0.008008008008008008  0.1446166931522977  0.1486641592962382
0.008058058058058058  0.1440613883998837  0.1445631768442016
0.008108108108108109  0.1434871803570814  0.1406350270669309
0.008158158158158159  0.1428931801004038  0.1372688320230929
0.008208208208208209  0.1422784235966545  0.134837275353203
0.008258258258258259  0.1416418631480512  0.1336544347073503
0.008308308308308308  0.1409823575770936  0.1339350562110291
0.008358358358358358  0.1402986609218244  0.1357597864241393
0.008408408408408409  0.1395894093619077  0.1390507352126581
0.008458458458458459  0.1388531060327869  0.1435611222175362
0.008508508508508509  0.1380881033050865  0.1488816777596283
0.00855855855855856  0.1372925820043134  0.1544649937245196
0.008608608608608608  0.1364645269145316  0.1596672673799663
0.008658658658658658  0.1356016977393841  0.1638050067753794
0.008708708708708709  0.1347015944711222  0.1662224536179265
0.008758758758758759  0.1337614158242511  0.1663639211679487
0.008808808808808809  0.1327780089983507  0.1638441249705129
0.00885885885885886  0.1317478085061489  0.1585090574814442
0.00890890890890891  0.130666761082282  0.1504801308463538
0.008958958958958959  0.1295302326929994  0.1401752291472844
0.009009009009009009  0.1283328922740723  0.1283019441217115
0.009059059059059059  0.1270685648447899  0.1158205135147477
0.00910910910910911  0.1257300437877912  0.1038766659448864
0.00915915915915916  0.1243088478828046  0.09370747015784965
0.00920920920920921  0.1227949023835153  0.08652612235066238
0.00925925925925926  0.1211761137753646  0.08339410181133225
0.009309309309309309  0.1194377927012335  0.08509101663253933
0.009359359359359359  0.1175618550999749  0.09199352396303836
0.00940940940940941  0.1155256909387071  0.103974786803601
0.00945945945945946  0.1133005198492585  0.1203349527738768
0.00950950950950951  0.1108489272536731  0.1397711386339672
0.009559559559559561  0.1081210381050944  0.1603925083118991
0.009609609609609611  0.1050483152451545  0.1797824648255296
0.009659659659659659  0.1015329702745813  0.1951060365119927
0.00970970970970971  0.09742867116871412  0.2032565732429567
0.00975975975975976  0.09250234686798739  0.2010322435239853
0.00980980980980981  0.08634972641197747  0.1853298856040952
0.009859859859859861  0.07817734008420134  0.1533418092281637
0.009909909909909911  0.06610159482172191  0.1027403809687965
0.00995995995995996  0.04556464552726331  0.03183576057788299
0.01001001001001001  -0.03090936968378086  -0.06030602495633405
0.01006006006006006  -0.2022409721368118  -0.173794513410753
0.01011011011011011  -0.3814499053498629  -0.3079017139000775
0.01016016016016016  -0.5636922366462835  -0.4611060091027198
0.01021021021021021  -0.7474301534705726  -0.6311899464902805
0.01026026026026026  -0.9319868049593546  -0.8153844171009008
0.01031031031031031  -1.116990415130789  -1.010547953595775
0.01036036036036036  -1.302204559353195  -1.213367080036582
0.01041041041041041  -1.48746214930737  -1.420562064440074
0.01046046046046046  -1.672635344013646  -1.629082199329855
0.01051051051051051  -1.857620222294006  -1.836275877108855
0.01056056056056056  -2.042328301672717  -2.040023120902276
0.01061061061061061  -2.226681535300333  -2.238821647469013
0.01066066066066066  -2.410609206046594  -2.431821654724664
0.01071071071071071  -2.594045916472477  -2.618808959325198
0.01076076076076076  -2.776930242415002  -2.800140454011641
0.01081081081081081  -2.959203804650711  -2.976639719879818
0.01086086086086086  -3.140810612975486  -3.149463678475326
0.01091091091091091  -3.321696593020981  -3.319953149559834
0.01096096096096096  -3.501809238789698  -3.489480946048247
0.01101101101101101  -3.68109735362532  -3.659310658994117
0.01106106106106106  -3.859510854629238  -3.830477651268541
0.01111111111111111  -4.037000623399444  -4.003701182738757
0.01116116116116116  -4.213518391126103  -4.179333310123146
0.01121121121121121  -4.389016649531952  -4.357346573161192
0.01126126126126126  -4.563448581504379  -4.537358847704004
0.01131131131131131  -4.736768006906755  -4.718690453800924
0.01136136136136136  -4.908929340213555  -4.90044594453055
0.01141141141141141  -5.079887557445046  -5.081611188114175
0.01146146146146146  -5.249598170479937  -5.261155519767537
0.01151151151151151  -5.418017207268218  -5.438128909481269
0.01156156156156156  -5.585101196796448  -5.611745198278421
0.01161161161161161  -5.750807157906067  -5.781444342915281
0.01166166166166166  -5.915092591254023  -5.946929054423165
0.01171171171171171  -6.077915473849407  -6.108173954305283
0.01176176176176176  -6.239234255711596  -6.265408124092794
0.01181181181181181  -6.399007858282712  -6.419074423795658
0.01186186186186186  -6.557195674295461  -6.569770976168509
0.01191191191191191  -6.713757568851786  -6.718181589413952
0.01196196196196196  -6.868653881510625  -6.865002526340084
0.01201201201201201  -7.021845429218017  -7.010872906091159
0.01206206206206206  -7.173293509940348  -7.156315203492024
0.01211211211211211  -7.322959906884392  -7.301690913963472
0.01216216216216216  -7.470806893206105  -7.44717465098323
0.01221221221221221  -7.616797237125328  -7.592747939647756
0.01226226226226226  -7.760894207376009  -7.738211972852521
0.01231231231231231  -7.903061578931835  -7.883216801192892
0.01236236236236236  -8.043263638955835  -8.027302997105764
0.01241241241241241  -8.181465192929485  -8.169950884734979
0.01246246246246246  -8.317631570923066  -8.310632021512504
0.01251251251251251  -8.451728633974055  -8.448857759656008
0.01256256256256256  -8.583722780544376  -8.584220355602566
0.01261261261261261  -8.71358095303126  -8.716423136873413
0.01266266266266266  -8.841270644309418  -8.84529754966146
0.01271271271271271  -8.966759904284835  -8.97080634891568
0.01276276276276276  -9.090017346442819  -9.093033605753131
0.01281281281281281  -9.211012154374867  -9.21216345722563
0.01286286286286286  -9.329714088270602  -9.328450498639619
0.01291291291291291  -9.446093491362472  -9.442185341503441
0.01296296296296296  -9.560121296312182  -9.553659093441377
0.01301301301301301  -9.671769031528909  -9.663130363845339
0.01306306306306306  -9.781008827410368  -9.770797902062791
0.01311311311311311  -9.887813422498521  -9.876781206184532
0.01316316316316316  -9.992156169542696  -9.981110494183543
0.01321321321321321  -10.09401104146325  -10.08372641051702
0.01326326326326326  -10.19335263720971  -10.18448885520288
0.01331331331331331  -10.29015618750773  -10.28319346333176
0.01336336336336336  -10.3843975604898  -10.37959360629481
0.01341341341341341  -10.47605326720477  -10.4734253820974
0.01346346346346346  -10.5651004670019  -10.56443293314693
0.01351351351351351  -10.65151697278554  -10.65239156969076
0.01356356356356356  -10.73528125613638  -10.73712655382086
0.01361361361361361  -10.81637245229601  -10.81852596008995
0.01366366366366366  -10.89477036501148  -10.89654670747528
0.01371371371371371  -10.97045547123687  -10.97121358023306
0.01376376376376376  -11.04340892568901  -11.04261174934856
0.01381381381381381  -11.1136125652549  -11.11087390683051
0.01386386386386386  -11.18104891324805  -11.17616358033741
0.01391391391391392  -11.24570118351193  -11.23865647123267
0.01396396396396397  -11.30755328436797  -11.29852174013395
0.01401401401401401  -11.36658982240639  -11.35590505480739
0.01406406406406406  -11.42279610611784  -11.4109149379696
0.01411411411411411  -11.47615814936429  -11.46361354377702
0.01416416416416416  -11.52666267468733  -11.5140124981409
0.01421421421421422  -11.57429711645259  -11.56207391131054
0.01426426426426427  -11.61904962382861  -11.60771616321212
0.01431431431431432  -11.66090906359925  -11.65082361992964
0.01436436436436436  -11.69986502280793  -11.69125910190047
0.01441441441441441  -11.73590781123299  -11.72887771747327
0.01446446446446446  -11.76902846369297  -11.76354061273777
0.01451451451451452  -11.79921874218071  -11.79512726915876
0.01456456456456457  -11.8264711378258  -11.82354519058274
0.01461461461461462  -11.85077887268408  -11.8487361353146
0.01466466466466467  -11.87213590135395  -11.87067843321056
0.01471471471471471  -11.89053691241848  -11.88938534294103
0.01476476476476477  -11.90597732971299  -11.90489980992194
0.01481481481481482  -11.91845331341753  -11.91728634225226
0.01486486486486487  -11.92796176097375  -11.92662099709746
0.01491491491491492  -11.93450031526213  -11.93298063849982
0.01496496496496497  -11.93806733132631  -11.93643267508909
0.01501501501501501  -11.93866193361989  -11.93702640975939
0.01506506506506507  -11.93628397410207  -11.93478694190108
0.01511511511511512  -11.93093404945534  -11.92971227598341
0.01516516516516517  -11.92261348861659  -11.92177393697834
0.01521521521521522  -11.91132435266312  -11.91092100863522
0.01526526526526527  -11.89706945340158  -11.89708713350474
0.01531531531531532  -11.87985233580618  -11.88019968221343
0.01536536536536537  -11.85967728158371  -11.86019004817903
0.01541541541541542  -11.83654930815133  -11.8370038799062
0.01546546546546547  -11.81047416743894  -11.81061004331583
0.01551551551551552  -11.78145834451684  -11.78100721636985
0.01556556556556557  -11.74950905604903  -11.74822724977537
0.01561561561561562  -11.71463424857291  -11.71233476041282
0.01566566566566567  -11.67684259660597  -11.67342282690272
0.01571571571571572  -11.6361435005802  -11.631605089513
0.01576576576576577  -11.5925470846052  -11.5870049748053
0.01581581581581582  -11.54606419406078  -11.53974312388221
0.01586586586586586  -11.49670639302007  -11.48992436082082
0.01591591591591592  -11.44448596150434  -11.43762566233842
0.01596596596596597  -11.38941589257048  -11.38288656078191
0.01601601601601602  -11.33150988923275  -11.32570322510243
0.01606606606606607  -11.27078236121974  -11.26602713001385
0.01611611611611612  -11.20724842156843  -11.2037687698046
0.01616616616616617  -11.14092388305663  -11.13880634230317
0.01621621621621622  -11.0718252544756  -11.07099877316011
0.01626626626626627  -10.99996973674473  -11.00020192954982
0.01631631631631632  -10.92537521886997  -10.92628644426187
0.01636636636636637  -10.84806027374844  -10.84915528824628
0.01641641641641642  -10.76804415382117  -10.76875913204514
0.01646646646646647  -10.68534678657635  -10.68510764675842
0.01651651651651652  -10.59998876990585  -10.5982752148673
0.01656656656656657  -10.51199136731742  -10.50840002941174
0.01661661661661662  -10.42137650300588  -10.41567621386665
0.01666666666666667  -10.32816675678603  -10.32033933313858
0.01671671671671672  -10.23238535889096  -10.2226464136204
0.01676676676676677  -10.13405618463935  -10.12285226637088
0.01681681681681682  -10.03320374897551  -10.02118443365773
0.01686686686686687  -9.929853200886672  -9.917819387710875
0.01691691691691692  -9.824030317701933  -9.812862653123728
0.01696696696696697  -9.71576149927793  -9.706335278103573
0.01701701701701702  -9.605073762076684  -9.598168551894856
0.01706706706706707  -9.491994733141471  -9.488208094681212
0.01711711711711712  -9.376552643977368  -9.376227499732686
0.01716716716716717  -9.2587763243433  -9.261950677173145
0.01721721721721722  -9.138695195963715  -9.145081041486693
0.01726726726726727  -9.016339266168305  -9.025334812772803
0.01731731731731732  -8.891739121469287  -8.902475069632827
0.01736736736736737  -8.764925921087077  -8.776342885252356
0.01741741741741742  -8.635931390435656  -8.646881953717159
0.01746746746746747  -8.504787814581368  -8.514153588815095
0.01751751751751752  -8.371528031689389  -8.378339827828375
0.01756756756756757  -8.236185426474602  -8.239733530413107
0.01761761761761762  -8.098793923675847  -8.098715721495125
0.01766766766766767  -7.959387981574104  -7.955721851510283
0.01771771771771772  -7.818002585579475  -7.811199984989849
0.01776776776776777  -7.674673241913752  -7.665565026137364
0.01781781781781782  -7.529435971420465  -7.519153810028535
0.01786786786786787  -7.382327303538515  -7.372186124812927
0.01791791791791792  -7.233384270481119  -7.224736423956189
0.01796796796796797  -7.082644401668686  -7.076720133835841
0.01801801801801802  -6.930145718472001  -6.927897116490519
0.01806806806806807  -6.775926729331796  -6.777893123338878
0.01811811811811812  -6.62002642533233  -6.626238136104783
0.01816816816816817  -6.462484276320295  -6.472418533594513
0.01821821821821822  -6.303340227678266  -6.315938260780833
0.01826826826826827  -6.142634697881229  -6.156382816502494
0.01831831831831832  -5.980408576992249  -5.993479095070091
0.01836836836836837  -5.816703226283249  -5.827144041393132
0.01841841841841842  -5.651560479207628  -5.657515767067401
0.01846846846846847  -5.485022644000229  -5.484962205677069
0.01851851851851852  -5.317132508242534  -5.310064457232206
0.01856856856856857  -5.147933345810174  -5.133574506232523
0.01861861861861862  -4.977468926720767  -4.956349756011423
0.01866866866866867  -4.805783530530503  -4.779269524979258
0.01871871871871872  -4.632921964097453  -4.603141007308993
0.01876876876876877  -4.458929584750856  -4.428603939037458
0.01881881881881882  -4.283852330201612  -4.256044106467388
0.01886886886886887  -4.107736756920472  -4.085525738141498
0.01891891891891892  -3.93063008924549  -3.9167516805455
0.01896896896896897  -3.752580282207645  -3.749058123037444
0.01901901901901902  -3.573636102077091  -3.581447667353753
0.01906906906906907  -3.393847230055782  -3.412660984451316
0.01911911911911912  -3.21326439657768  -3.241283493001012
0.01916916916916917  -3.031939556637272  -3.065879798913137
0.01921921921921922  -2.849926120948298  -2.885145430114482
0.01926926926926927  -2.667279264360101  -2.698063029778774
0.01931931931931932  -2.48405634321152  -2.504048910098482
0.01936936936936937  -2.300317469572168  -2.303075893837828
0.01941941941941942  -2.1161263169189  -2.095759736993227
0.01946946946946947  -1.931551276713005  -1.883399056620238
0.01951951951951952  -1.746667164157685  -1.667962378591683
0.01956956956956957  -1.561557816458828  -1.452020355023226
0.01961961961961962  -1.376320202219865  -1.238625981492258
0.01966966966966967  -1.191071243617388  -1.031150326408405
0.01971971971971972  -1.005959805472572  -0.8330854235217872
0.01976976976976977  -0.8211894058488898  -0.6478291708452959
0.01981981981981982  -0.6370656683116168  -0.4784690061965576
0.01986986986986987  -0.4541099672105414  -0.3275815885336013
0.01991991991991992  -0.2733930403938554  -0.197064641218539
0.01996996996996997  -0.09782007303125695  -0.08801459029172221
0.02002002002002002  0.03544642946596337  -0.0006598793694120308
0.02007007007007007  0.05920023295513534  0.06564479709792131
0.02012012012012012  0.07399385624153047  0.1123632030423664
0.02017017017017017  0.08339027807246119  0.1416661690722412
0.02022022022022022  0.09022000701212193  0.1562736778678585
0.02027027027027027  0.09557394387901789  0.1592637321243246
0.02032032032032032  0.09997222326862307  0.1538638126940954
0.02037037037037037  0.1037019246598786  0.14324180034697
0.02042042042042042  0.1069378332466125  0.1303127917268439
0.02047047047047047  0.1097941140975876  0.1175763607903669
0.02052052052052052  0.1123493835537351  0.106995707916871
0.02057057057057057  0.114660052441582  0.09992611873142848
0.02062062062062062  0.1167679586265925  0.09709562053509582
0.02067067067067067  0.1187049803326033  0.09863611090705529
0.02072072072072072  0.1204959615219937  0.1041589698106816
0.02077077077077077  0.1221606374387753  0.112865635047978
0.02082082082082082  0.1237149440657781  0.1236811197365296
0.02087087087087087  0.1251719336233375  0.1353971683437939
0.02092092092092092  0.1265424301630879  0.1468117491545236
0.02097097097097097  0.1278355089831581  0.1568528043434255
0.02102102102102102  0.1290588537461207  0.1646764474209246
0.02107107107107107  0.1302190268987589  0.1697328424541646
0.02112112112112112  0.1313216774687062  0.1717964883872146
0.02117117117117117  0.1323717028621041  0.1709612066516632
0.02122122122122122  0.1333733763581689  0.1676034428156457
0.02127127127127127  0.1343304486694706  0.1623202389683526
0.02132132132132132  0.135246229648672  0.1558501809406334
0.02137137137137137  0.1361236546222662  0.1489866327562311
0.02142142142142142  0.1369653386952128  0.1424926003148677
0.02147147147147147  0.1377736215517782  0.1370256768077826
0.02152152152152152  0.1385506046803936  0.1330798613035728
0.02157157157157157  0.1392981825091734  0.1309488248257748
0.02162162162162162  0.1400180686092113  0.1307126831213798
0.02167167167167167  0.1407118178741893  0.1322477940195355
0.02172172172172172  0.1413808453954004  0.1352567872013674
0.02177177177177177  0.1420264426057334  0.1393141730425099
0.02182182182182182  0.1426497911532815  0.143921623143967
0.02187187187187187  0.1432519748770887  0.1485664545501568
0.02192192192192192  0.1438339901881221  0.1527769924815227
0.02197197197197197  0.1443967551035589  0.1561692701999138
0.02202202202202202  0.1449411171385916  0.1584808253367076
0.02207207207207207  0.1454678602247027  0.1595890006825113
0.02212212212212212  0.1459777107949187  0.1595129604691523
0.02217217217217217  0.146471343153442  0.1584003937385333
0.02222222222222222  0.1469493842281895  0.1565014150948856
0.02227227227227227  0.1474124177892909  0.1541333451755174
0.02232232232232232  0.1478609882038414  0.1516407613241645
0.02237237237237237  0.1482956037866308  0.1493554102978031
0.02242242242242242  0.1487167397977794  0.1475602818684938
0.02247247247247247  0.1491248411308696  0.1464614178087182
0.02252252252252252  0.1495203247290037  0.1461699785664522
0.02257257257257258  0.1499035817610359  0.1466958408561116
0.02262262262262262  0.1502749795858405  0.1479526962884156
0.02267267267267267  0.1506348635287774  0.1497734033275521
0.02272272272272272  0.1509835584913423  0.1519333338571996
0.02277277277277277  0.1513213704123062  0.15417874371114
0.02282282282282282  0.1516485875963346  0.1562568391668775
0.02287287287287287  0.1519654819240977  0.1579442238124546
0.02292292292292292  0.1522723099561737  0.1590707683503407
0.02297297297297297  0.1525693139415807  0.1595365916091054
0.02302302302302302  0.1528567227404916  0.1593206899951618
0.02307307307307307  0.153134752669579  0.1584807049375106
0.02312312312312313  0.15340360827748  0.1571442691492458
0.02317317317317318  0.153663483057025  0.1554932250093767
0.02322322322322323  0.1539145601001398  0.1537426804127908
0.02327327327327327  0.1541570127006913  0.1521173009455812
0.02332332332332332  0.1543910049099768  0.1508274019604855
0.02337337337337337  0.154616692049061  0.1500472990584042
0.02342342342342342  0.1548342211817282  0.1498980270036229
0.02347347347347347  0.1550437315514245  0.1504359945916675
0.02352352352352352  0.1552453549852268  0.1516484723297341
0.02357357357357357  0.155439216267565  0.1534560856249543
0.02362362362362362  0.1556254334861594  0.1557217838738232
0.02367367367367368  0.1558041183523872  0.1582651438440497
0.02372372372372373  0.1559753764980816  0.1608803991910833
0.02377377377377378  0.1561393077505733  0.1633563041176863
0.02382382382382383  0.1562960063876093  0.1654958548597716
0.02387387387387388  0.156445561373634  0.1671340040719165
0.02392392392392393  0.1565880565787736  0.1681517874902426
0.02397397397397397  0.1567235709817423  0.1684857014415186
0.02402402402402402  0.156852178857777  0.1681316752060926
0.02407407407407407  0.1569739499525994  0.1671435203266232
0.02412412412412412  0.1570889496433202  0.165626256578634
0.02417417417417417  0.1571972390871074  0.1637251640761316
0.02422422422422423  0.1572988753583715  0.1616117552366585
0.02427427427427428  0.1573939115751446  0.1594680740901463
0.02432432432432433  0.157482397015272  0.157470802785213
0.02437437437437438  0.1575643772229718  0.1557765891586867
0.02442442442442443  0.1576398941062679  0.1545098204840266
0.02447447447447448  0.1577089860257492  0.1537537826623671
0.02452452452452453  0.1577716878750653  0.1535457935694738
0.02457457457457458  0.1578280311535228  0.1538765197110551
0.02462462462462462  0.1578780440311103  0.1546933120803706
0.02467467467467467  0.15792175140624  0.1559070619874101
0.02472472472472472  0.1579591749564614  0.1574018064807884
0.02477477477477477  0.1579903331823682  0.1590461239345067
0.02482482482482483  0.1580152414448894  0.160705263078007
0.02487487487487488  0.1580339119961251  0.1622529443959959
0.02492492492492493  0.1580463540957484  0.1635818549772376
0.02497497497497498  0.1580525735858671  0.1646120138636477
0.02502502502502503  0.1580525737437818  0.1652963973909294
0.02507507507507508  0.1580463545686926  0.1656234630359666
0.02512512512512513  0.1580339129264375  0.165616474847126
0.02517517517517518  0.1580152426510283  0.1653297935079974
0.02522522522522523  0.1579903347341267  0.1648425310577217
0.02527527527527528  0.1579591768545988  0.1642501688507227
0.02532532532532533  0.1579217536516874  0.1636548854555117
0.02537537537537538  0.1578780466249723  0.163155430552203
0.02542542542542543  0.1578280340970798  0.1628374070490863
0.02547547547547548  0.1577716911697763  0.1627647858221201
0.02552552552552553  0.1577089896732547  0.1629733786128842
0.02557557557557558  0.1576398981083929  0.1634668409778685
0.02562562562562563  0.1575643815817301  0.1642155783975282
0.02567567567567568  0.1574824017328699  0.1651586972508133
0.02572572572572573  0.1573939166539858  0.1662088935715073
0.02577577577577578  0.1572988808010622  0.167259923604496
0.02582582582582583  0.1571972448964618  0.1681960697764956
0.02587587587587588  0.1570889558223664  0.168902822632039
0.02592592592592593  0.1569739565045864  0.1692778613583543
0.02597597597597598  0.1568521857861815  0.1692413479236695
0.02602602602602603  0.1567235782902769  0.1687445635666034
0.02607607607607608  0.1565880642713949  0.16777601660258
0.02612612612612613  0.1564455694545521  0.1663643354320777
0.02617617617617618  0.1562960148612971  0.1645775205164659
0.02622622622622623  0.1561393166217779  0.1625184462664437
0.02627627627627628  0.1559753857718352  0.1603168532542944
0.02632632632632633  0.1558041280340197  0.1581184221951425
0.02637637637637638  0.1556254435813119  0.1560718397181753
0.02642642642642643  0.1554392267822043  0.1543150178158808
0.02647647647647648  0.1552453659256606  0.1529617831749483
0.02652652652652653  0.1550437429243188  0.1520903855124386
0.02657657657657658  0.1548342329941247  0.1517350720312566
0.02662662662662663  0.1546167043083976  0.1518817376702839
0.02667667667667668  0.1543910176241077  0.1524683016177961
0.02672672672672673  0.1541570258779111  0.1533900077858107
0.02677677677677678  0.153914573749207  0.1545093412689589
0.02682682682682683  0.1536634971871897  0.1556697444636669
0.02687687687687688  0.1534036228985128  0.1567118603417157
0.02692692692692693  0.1531347677918018  0.1574906803057038
0.02697697697697698  0.152856738374813  0.1578917768439929
0.02702702702702703  0.1525693300995318  0.1578447905864898
0.02707707707707708  0.1522723266499491  0.1573325329004819
0.02712712712712713  0.1519654991665998  0.1563944530153168
0.02717717717717718  0.1516486054012212  0.1551237741441827
0.02722722722722723  0.1513213887940427  0.1536582761803226
0.02727727727727728  0.1509835774652591  0.1521654256368763
0.02732732732732733  0.1506348831111329  0.1508232477312034
0.02737737737737738  0.1502749997938888  0.1497989189918512
0.02742742742742743  0.1499036026131037  0.149227455665707
0.02747747747747748  0.1495203462445727  0.1491930232824098
0.02752752752752753  0.1491248633306674  0.1497152595181959
0.02757757757757758  0.1487167627038813  0.1507425795738072
0.02762762762762763  0.1482956274225719  0.1521537475033015
0.02767767767767768  0.1478610125947392  0.1537681081290684
0.02772772772772773  0.1474124429619843  0.1553638706747653
0.02777777777777778  0.1469494102113909  0.1567028260441908
0.02782782782782783  0.146471369977909  0.1575589831637502
0.02787787787787788  0.1459777384936443  0.1577479408210533
0.02792792792792793  0.1454678888331307  0.1571534671492672
0.02797797797797798  0.1449411466948572  0.1557478065347906
0.02802802802802803  0.1443967856487588  0.1536026994554778
0.02807807807807808  0.1438340217666233  0.1508889641195845
0.02812812812812813  0.1432520075368771  0.1478636807093153
0.02817817817817818  0.1426498249463553  0.1448454263864428
0.02822822822822823  0.1420264775885573  0.1421794843497914
0.02827827827827828  0.1413808816294243  0.1401963255721059
0.02832832832832833  0.1407118554264422  0.1391677676543379
0.02837837837837838  0.1400181075529889  0.1392658996176957
0.02842842842842843  0.1392982229248378  0.1405300087095932
0.02847847847847848  0.1385506466563015  0.14284629291302
0.02852852852852853  0.1377736651853648  0.1459440920660859
0.02857857857857858  0.1369653840942773  0.1494107915592513
0.02862862862862863  0.1361237019064778  0.1527255817101589
0.02867867867867868  0.1352462789513738  0.1553100845190002
0.02872872872872873  0.1343305001398294  0.1565917167828088
0.02877877877877878  0.1333734301637758  0.156073787969543
0.02882882882882883  0.132371759192121  0.1534049641905472
0.02887887887887888  0.1313217365377246  0.1484400586455204
0.02892892892892893  0.1302190889515552  0.1412842632397244
0.02897897897897898  0.1290589190635698  0.1323139634664432
0.02902902902902903  0.1278355778896902  0.1221691340929064
0.02907907907907908  0.126542503036151  0.1117148587113231
0.02912912912912913  0.1251720109055826  0.1019725295833097
0.02917917917917918  0.1237150262809395  0.09402447878796653
0.02922922922922923  0.1221607252127142  0.08889884321897421
0.02927927927927928  0.1204960556109652  0.08744404638145255
0.02932932932932933  0.1187050816620327  0.09020409150460418
0.02937937937937938  0.1167680683452918  0.09730667043071412
0.02942942942942943  0.114660171999436  0.1083757600847557
0.02947947947947948  0.1123495148159337  0.1224788743783444
0.02952952952952953  0.1097942602516392  0.1381165547521141
0.02957957957957958  0.1069379973206786  0.1532582231078754
0.02962962962962963  0.1037021116652218  0.1654244907651106
0.02967967967967968  0.09997244076420891  0.1718117900214521
0.02972972972972973  0.09557420416581555  0.1694511784178075
0.02977977977977978  0.09022033254619977  0.1553897591407136
0.02982982982982983  0.08339071847277819  0.1268807146290685
0.02987987987987988  0.07399456618438141  0.08156672755690042
0.02992992992992993  0.05920104561727267  0.01764171208712695
0.02997997997997998  0.03544715977839586  -0.0660226869573209
0.03003003003003003  -0.09781292173614974  -0.1697965706630351
0.03008008008008008  -0.2733839505198483  -0.2932641683988254
0.03013013013013013  -0.4541005629356346  -0.4352515787133833
0.03018018018018018  -0.6370560346585591  -0.5939076002116632
0.03023023023023023  -0.8211796236466543  -0.7668308636480159
0.03028028028028028  -1.005949924983208  -0.9512325839623882
0.03033033033033033  -1.191061296998481  -1.144121350317096
0.03038038038038038  -1.376310211364573  -1.342494729231049
0.03043043043043043  -1.561547797176718  -1.543522211610851
0.03048048048048048  -1.74665712883518  -1.744705191836769
0.03053053053053053  -1.931541234388026  -1.944002092229194
0.03058058058058058  -2.116116275473443  -2.139910184126665
0.03063063063063063  -2.300307435682651  -2.331499758003063
0.03068068068068068  -2.48404632268364  -2.518400653655665
0.03073073073073073  -2.667269262354136  -2.700745355996996
0.03078078078078078  -2.849916142134702  -2.879076499303078
0.03083083083083083  -3.031929605307452  -3.054229375575748
0.03088088088088088  -3.213254476723781  -3.227201682013942
0.03093093093093093  -3.393837345430291  -3.399023156667236
0.03098098098098098  -3.573626256237056  -3.570636953468826
0.03103103103103103  -3.752570478548548  -3.742802730924086
0.03108108108108108  -3.930620331027522  -3.916028706345555
0.03113113113113113  -4.107727047288799  -4.090536667762252
0.03118118118118118  -4.283842672202582  -4.266260485122359
0.03123123123123123  -4.458919981344698  -4.442875370889052
0.03128128128128128  -4.632912418168492  -4.619852323673555
0.03133133133133133  -4.805774044895644  -4.796530099715172
0.03138138138138138  -4.977459504135843  -4.972195861487147
0.03143143143143143  -5.14792398897586  -5.146165417529174
0.03148148148148149  -5.317123219808425  -5.31785465860443
0.03153153153153153  -5.485013426568667  -5.486835286722552
0.03158158158158159  -5.651551335336813  -5.652870025419667
0.03163163163163163  -5.816694158489487  -5.815924942903244
0.03168168168168169  -5.980399587752344  -5.976159044057434
0.03173173173173173  -6.142625789633779  -6.133893630974264
0.03178178178178179  -6.303331402825298  -6.289565867342102
0.03183183183183183  -6.46247553722834  -6.443672338204709
0.03188188188188189  -6.620017774333215  -6.596709072153695
0.03193193193193193  -6.77591816872357  -6.749114462795707
0.03198198198198199  -6.930137250519386  -6.901220839207383
0.03203203203203203  -7.082636028603504  -7.053219203932079
0.03208208208208209  -7.233375994502795  -7.205140043076315
0.03213213213213213  -7.382319126814045  -7.356851305763032
0.03218218218218218  -7.529427896084907  -7.508072846218306
0.03223223223223223  -7.674665270070107  -7.658405004004691
0.03228228228228228  -7.817994719298789  -7.80736771778892
0.03233233233233233  -7.959380222895492  -7.954445732128268
0.03238238238238238  -8.098786274606333  -8.099135119137161
0.03243243243243243  -8.23617788898922  -8.240986497441302
0.03248248248248248  -8.371520607730833  -8.379640938923098
0.03253253253253253  -8.504780506060015  -8.514855517732883
0.03258258258258259  -8.635924199229313  -8.646516654813611
0.03263263263263264  -8.764918849040807  -8.774640709523073
0.03268268268268269  -8.891732170395237  -8.899362532564343
0.03273273273273274  -9.016332437845374  -9.02091380001696
0.03278278278278279  -9.138688492137488  -9.13959380034175
0.03283283283283284  -9.258769746725616  -9.255735880849658
0.03288288288288288  -9.376546194246236  -9.369672949519014
0.03293293293293294  -9.491988412940735  -9.481705280504711
0.03298298298298298  -9.605067573015685  -9.592073427538507
0.03303303303303304  -9.715755442931465  -9.700938374438516
0.03308308308308308  -9.824024395609689  -9.808370228705213
0.03313313313313314  -9.929847414553263  -9.914345882412976
0.03318318318318318  -10.03319809986995  -10.01875521202658
0.03323323323323324  -10.13405067419497  -10.12141464266471
0.03328328328328328  -10.23237998850504  -10.2220863231733
0.03333333333333334  -10.32816152781955  -10.32050078564163
0.03338338338338338  -10.42137141678332  -10.41638081334341
0.03343343343343344  -10.51198642512645  -10.50946430911549
0.03348348348348348  -10.59998397299703  -10.59952421689587
0.03353353353353353  -10.68534213616303  -10.68638396239713
0.03358358358358358  -10.76803965107908  -10.76992739441527
0.03363363363363363  -10.84805591981557  -10.85010277140692
0.03368368368368369  -10.92537101484628  -10.92692089489387
0.03373373373373374  -10.99996568369193  -11.00044799388474
0.03378378378378379  -11.07182135341696  -11.07079437389337
0.03383383383383384  -11.14092013497669  -11.13810013315952
0.03388388388388389  -11.20724482741292  -11.20251940292663
0.03393393393393394  -11.27077892189525  -11.26420458647055
0.03398398398398399  -11.33150660560662  -11.32329196276323
0.03403403403403404  -11.38941276547059  -11.37988980463499
0.03408408408408409  -11.44448299171889  -11.43406986432612
0.03413413413413414  -11.49670358129751  -11.48586273203717
0.03418418418418419  -11.54606154110954  -11.53525720743979
0.03423423423423423  -11.59254459109361  -11.58220347103763
0.03428428428428429  -11.63614116713631  -11.62661952930869
0.03433433433433433  -11.67684042381741  -11.6684001572576
0.03438438438438439  -11.7146322369868  -11.7074273906756
0.03443443443443443  -11.7495072061718  -11.7435815373248
0.03448448448448449  -11.7814566568142  -11.77675168372345
0.03453453453453453  -11.81047264233567  -11.80684476746442
0.03458458458458459  -11.83654794603129  -11.83379245320742
0.03463463463463463  -11.85967608278968  -11.85755527745564
0.03468468468468468  -11.87985130063983  -11.87812379285479
0.03473473473473473  -11.8970685821234  -11.89551672436431
0.03478478478478478  -11.91132364549232  -11.90977642372183
0.03483483483483484  -11.92261294573109  -11.92096215233075
0.03488488488488489  -11.93093368014874  -11.92914191579007
0.03493493493493494  -11.93628377115514  -11.93438369935667
0.03498498498498499  -11.93866188669462  -11.93674700173292
0.03503503503503504  -11.93806744067044  -11.93627552999808
0.03508508508508509  -11.93450058063818  -11.93299180351374
0.03513513513513514  -11.92796220521986  -11.92689422840045
0.03518518518518519  -11.91845392203586  -11.91795696241316
0.03523523523523524  -11.90597810255041  -11.90613261379055
0.03528528528528529  -11.89053784928054  -11.89135753184659
0.03533533533533534  -11.87213700200493  -11.87355917833362
0.03538538538538539  -11.85078013684702  -11.85266484310016
0.03543543543543544  -11.82647256518257  -11.82861080839489
0.03548548548548549  -11.79922033237208  -11.8013509912176
0.03553553553553554  -11.76903021631871  -11.77086411293388
0.03558558558558559  -11.73590972585194  -11.7371585619598
0.03563563563563564  -11.69986709893807  -11.70027432121143
0.03568568568568568  -11.66091130071787  -11.66028161074855
0.03573573573573574  -11.61905202137237  -11.6172762230391
0.03578578578578578  -11.57429967381768  -11.57137187290353
0.03583583583583584  -11.52666539122956  -11.52269021251637
0.03588588588588588  -11.47616102439927  -11.47134943963702
0.03593593593593594  -11.4227991389211  -11.41745262361653
0.03598598598598599  -11.3665930122136  -11.36107696430963
0.03603603603603604  -11.307556630375  -11.30226516886062
0.03608608608608609  -11.24570468487511  -11.24101997695109
0.03613613613613614  -11.18105256908432  -11.17730259555493
0.03618618618618619  -11.11361637464199  -11.11103544094918
0.03623623623623624  -11.04341288766566  -11.04210916091795
0.03628628628628629  -10.97045958480297  -10.97039346428725
0.03633633633633634  -10.89477462912839  -10.89575086307025
0.03638638638638639  -10.8163768658867  -10.81805207976491
0.03643643643643644  -10.73528581808563  -10.73719162923453
0.03648648648648649  -10.65152168194025  -10.65310198266864
0.03653653653653654  -10.56510532217126  -10.56576477899385
0.03658658658658659  -10.47605826716052  -10.47521776981309
0.03663663663663664  -10.38440270396652  -10.38155655365986
0.03668668668668669  -10.29016147320297  -10.28493064383913
0.03673673673673674  -10.19335806378437  -10.18553397681551
0.03678678678678679  -10.09401660754178  -10.08359055017162
0.03683683683683684  -9.992161873713385  -9.979336420372611
0.03688688688688689  -9.887819263313748  -9.872999731626029
0.03693693693693694  -9.781014803386812  -9.764780735827138
0.03698698698698699  -9.671775141147926  -9.654833860869051
0.03703703703703703  -9.560127538019985  -9.543253769553267
0.03708708708708709  -9.446099863570415  -9.430067024438138
0.03713713713713714  -9.329720589355542  -9.315230458439554
0.03718718718718719  -9.211018782679217  -9.198636691629686
0.03723723723723724  -9.090024100275071  -9.080126494403961
0.03728728728728729  -8.966766781919539  -8.959506951294195
0.03733733733733734  -8.841277643987718  -8.836573708639335
0.03738738738738739  -8.713588072960857  -8.711135070051146
0.03743743743743744  -8.583730018899976  -8.58303540126572
0.03748748748748749  -8.451735988897472  -8.452175265807695
0.03753753753753754  -8.317639040523414  -8.318525954254794
0.03758758758758759  -8.181472775283479  -8.182136582301741
0.03763763763763764  -8.043271332107796  -8.0431326753618
0.03768768768768769  -7.903069380893944  -7.901706061206341
0.03773773773773774  -7.760902116128359  -7.758096865993235
0.03778778778778779  -7.616805250616044  -7.612569348427438
0.03783783783783784  -7.470815009351384  -7.465384104172177
0.03788788788788789  -7.322968123568399  -7.316769729439614
0.03793793793793794  -7.173301825015284  -7.166897270761447
0.03798798798798799  -7.021853840503889  -7.0158606596945
0.03803803803803804  -6.868662386795113  -6.863665826926672
0.03808808808808809  -6.713766165889986  -6.710230341862296
0.03813813813813814  -6.557204360809346  -6.555394304103455
0.03818818818818819  -6.399016631960825  -6.398941930850533
0.03823823823823824  -6.239243114208292  -6.240631973605374
0.03828828828828829  -6.077924414784098  -6.080233906050334
0.03833833833833834  -5.915101612210222  -5.917565897253579
0.03838838838838839  -5.75081625643003  -5.752530046012571
0.03843843843843844  -5.585110370395833  -5.585140294304101
0.03848848848848849  -5.418026453410222  -5.415538904569881
0.03853853853853854  -5.249607486588969  -5.243998365668094
0.03858858858858859  -5.079896940900346  -5.07090701628869
0.03863863863863864  -4.908938788345515  -4.896738418534182
0.03868868868868869  -4.736777516993295  -4.722006409357755
0.03873873873873874  -4.563458150765853  -4.547209605380552
0.03878878878878879  -4.389026275125474  -4.372770729320667
0.03883883883883884  -4.213528070138023  -4.198977268239947
0.03888888888888889  -4.03701035283644  -4.025930504045739
0.03893893893893894  -3.859520631407149  -3.853509768586249
0.03898898898898899  -3.68110717455508  -3.681357832366019
0.03903903903903904  -3.501819100559801  -3.508891678943182
0.03908908908908909  -3.321706492174777  -3.335340666778699
0.03913913913913914  -3.140820545882343  -3.159811428513548
0.03918918918918919  -2.959213767468354  -2.98137605102993
0.03923923923923924  -2.776940231039629  -2.799177397558645
0.03928928928928929  -2.594055926472225  -2.612543159402909
0.03933933933933934  -2.410619232570463  -2.421098618793679
0.03938938938938939  -2.226691572951739  -2.224867371578733
0.03943943943943944  -2.042338344329666  -2.024349527167911
0.03948948948948949  -1.857630262846096  -1.82056820605676
0.03953953953953954  -1.672645373965843  -1.615077422673367
0.03958958958958959  -1.487472158835812  -1.409927502073054
0.03963963963963964  -1.302214534686068  -1.207587775005013
0.03968968968968969  -1.117000338377465  -1.010830103698866
0.03973973973973974  -0.9319966507766162  -0.8225804525849353
0.0397897897897898  -0.7474398836864748  -0.6457488772158358
0.03983983983983984  -0.563701790346651  -0.4830506403698882
0.0398898898898899  -0.3814591886486925  -0.3368324271909537
0.03993993993993994  -0.2022494258185858  -0.2089176686423558
0.03998998998999  -0.03091632706014876  -0.1004837581290692
0.04004004004004004  0.04556401957370119  -0.01198154459292143
0.04009009009009009  0.06610045859422312  0.05689589195078724
0.04014014014014014  0.07817677263847228  0.107192230854604
0.04019019019019019  0.08634934129218337  0.1406160784134684
0.04024024024024024  0.09250205121886181  0.1594239921151203
0.04029029029029029  0.09742842993703767  0.1662678187771557
0.04034034034034034  0.1015327661147561  0.164018738615137
0.04039039039039039  0.1050481381446846  0.1555822283588558
0.04044044044044044  0.1081208816997466  0.1437186992452932
0.04049049049049049  0.1108487878385022  0.1308837895630172
0.04054054054054054  0.1133003935254993  0.1191002821863666
0.04059059059059059  0.1155255755139698  0.109870579136802
0.04064064064064064  0.1175617488920248  0.1041348976066959
0.04069069069069069  0.1194376943919041  0.1022762209100661
0.04074074074074074  0.1211760223129665  0.1041689376294534
0.04079079079079079  0.1227948169158035  0.1092644161239606
0.04084084084084084  0.1243087677096549  0.1167038239239366
0.04089089089089089  0.1257299683271207  0.1254465659815559
0.04094094094094095  0.1270684936074981  0.1344019315724351
0.040990990990991  0.1283328248452564  0.1425519398867125
0.04104104104104105  0.1295301687177163  0.1490548755347237
0.04109109109109109  0.1306667002545308  0.1533214193803237
0.04114114114114115  0.1317477505602951  0.1550583366893983
0.04119119119119119  0.1327779537023271  0.1542780604109419
0.04124124124124125  0.1337613629741559  0.1512758608396821
0.04129129129129129  0.1347015438868424  0.1465792989468938
0.04134134134134135  0.1356016492610396  0.140877042686744
0.04139139139139139  0.1364644803995697  0.1349356816580755
0.04144144144144144  0.1372925373250977  0.1295137949617621
0.04149149149149149  0.1380880603468958  0.1252821984389192
0.04154154154154154  0.1388530646921347  0.1227581043093731
0.04159159159159159  0.1395893695451305  0.1222590349510118
0.04164164164164164  0.1402986225438846  0.1238799710416981
0.04169169169169169  0.140982320560561  0.1274946459834585
0.04174174174174174  0.1416418274222233  0.1327793936544434
0.04179179179179179  0.1422783890968128  0.1392557641394381
0.04184184184184184  0.1428931467671591  0.146346445901313
0.04189189189189189  0.1434871481358134  0.1534380125873073
0.04194194194194194  0.14406135724025  0.159943713279138
0.04199199199199199  0.1446166630078055  0.165359934250062
0.04204204204204205  0.1451538867395201  0.1693109940804423
0.0420920920920921  0.1456737886797474  0.171578449243902
0.04214214214214215  0.1461770738022136  0.1721128999909571
0.0421921921921922  0.1466643969219192  0.1710281928912892
0.04224224224224225  0.1471363672248683  0.1685797156465417
0.0422922922922923  0.1475935522932675  0.165129993843611
0.04234234234234235  0.1480364816920314  0.1611058902654293
0.0423923923923924  0.1484656501726034  0.1569522894284105
0.04244244244244245  0.148881520541927  0.1530871949172781
0.0424924924924925  0.1492845262375682  0.1498627037737766
0.04254254254254254  0.1496750736442335  0.1475354301924161
0.0425925925925926  0.1500535441820944  0.1462487488253154
0.04264264264264264  0.1504202961932251  0.1460278595008457
0.04269269269269269  0.1507756666489809  0.1467872916007903
0.04274274274274274  0.1511199726981885  0.1483492113379977
0.04279279279279279  0.1514535130734729  0.150469889954071
0.04284284284284284  0.1517765693708944  0.1528710232196328
0.04289289289289289  0.1520894072161871  0.1552723099825941
0.04294294294294294  0.1523922773292885  0.1574218044945609
0.04299299299299299  0.1526854164974642  0.1591210180113266
0.04304304304304304  0.1529690484661161  0.1602424895899309
0.04309309309309309  0.1532433847553293  0.1607384791874823
0.04314314314314315  0.1535086254092858  0.1606404497058981
0.0431931931931932  0.1537649596848927  0.1600499887251854
0.04324324324324325  0.1540125666852625  0.159122675513982
0.0432932932932933  0.1542516159430812  0.1580470442471754
0.04334334334334335  0.1544822679583583  0.1570211766303773
0.0433933933933934  0.15470467469458  0.1562295531342314
0.04344344344344345  0.1549189800368737  0.1558226095280873
0.0434934934934935  0.1551253202154132  0.155901020170362
0.04354354354354355  0.1553238241969781  0.1565061201406796
0.0435935935935936  0.1555146140472816  0.1576171585686907
0.04364364364364365  0.1556978052664248  0.1591553259951672
0.0436936936936937  0.1558735070996088  0.1609937979833236
0.04374374374374375  0.1560418228250222  0.1629724543942014
0.0437937937937938  0.1562028500206478  0.1649155214510192
0.04384384384384385  0.1563566808115547  0.1666501741342651
0.04389389389389389  0.1565034020991085  0.1680241391757933
0.04394394394394395  0.1566430957733838  0.1689205414828124
0.04399399399399399  0.1567758389099557  0.1692686071677467
0.04404404404404404  0.1569017039521301  0.1690493274185195
0.04409409409409409  0.1570207588795787  0.1682957426364995
0.04414414414414414  0.1571330673642541  0.1670880659515696
0.04419419419419419  0.1572386889143786  0.1655443726969553
0.04424424424424424  0.1573376790072296  0.1638079895735075
0.0442942942942943  0.1574300892113726  0.16203298880909
0.04434434434434435  0.157515967298937  0.1603693089321596
0.0443943943943944  0.1575953573484663  0.1589489818984124
0.04444444444444445  0.157668299838831  0.1578747591926846
0.0444944944944945  0.1577348317346347  0.1572121239665244
0.04454454454454455  0.1577949865635094  0.1569852892909268
0.0445945945945946  0.1578487944856453  0.1571773572610511
0.04464464464464465  0.1578962823558704  0.1577343944374577
0.0446946946946947  0.1579374737785519  0.1585728072482634
0.04474474474474475  0.1579723891555627  0.159589110843705
0.0447947947947948  0.1580010457275203  0.1606710007091829
0.04484484484484485  0.1580234576084789  0.1617085705260067
0.0448948948948949  0.1580396359807789  0.1626045722284439
0.04494494494494495  0.1580495883389041  0.1632827731763876
0.044994994994995  0.1580533199004762  0.1636937090835958
0.04504504504504505  0.1580508324962333  0.1638174308730617
0.0450950950950951  0.1580421249053775  0.1636631660357971
0.04514514514514515  0.1580271926444607  0.1632661269333873
0.0451951951951952  0.1580060286263363  0.162681969248452
0.04524524524524524  0.1579786223680936  0.1619796086198061
0.0452952952952953  0.1579449603775648  0.1612332254936184
0.04534534534534534  0.157905026042186  0.1605143196367872
0.0453953953953954  0.1578587995955972  0.1598846183576008
0.04544544544544545  0.1578062580777261  0.1593905068206836
0.0454954954954955  0.1577473752881834  0.1590594528699583
0.04554554554554555  0.1576821217327668  0.1588986655530051
0.0455955955955956  0.1576104645628389  0.1588959817921954
0.04564564564564565  0.1575323675073106  0.1590227449648875
0.0456956956956957  0.1574477907969272  0.1592382454641055
0.04574574574574575  0.1573566910805136  0.159495154675482
0.0457957957957958  0.1572590213327979  0.1597453117797656
0.04584584584584585  0.1571547307533849  0.1599452215882822
0.0458958958958959  0.1570437646564083  0.1600606879432509
0.04594594594594595  0.1569260643503345  0.1600701309429426
0.045995995995996  0.1568015670073385  0.1599663017644773
0.04604604604604605  0.1566702055216119  0.1597562967836426
0.0460960960960961  0.1565319083558953  0.159459962210132
0.04614614614614615  0.1563865993754544  0.1591069513084212
0.0461961961961962  0.1562341976686446  0.158732831036483
0.04624624624624625  0.1560746173531141  0.1583747206097104
0.0462962962962963  0.1559077673666055  0.1580669737980165
0.04634634634634635  0.1557335512412075  0.1578373886616647
0.0463963963963964  0.1555518668597875  0.1577043481062342
0.04644644644644645  0.1553626061932113  0.1576751726993472
0.0464964964964965  0.1551656550168053  0.1577458184596356
0.04654654654654655  0.1549608926043593  0.1579018940662297
0.0465965965965966  0.1547481913977847  0.1581208220136826
0.04664664664664665  0.1545274166503435  0.158374843102501
0.0466966966966967  0.1542984260411389  0.1586344766609632
0.04674674674674675  0.1540610692583018  0.1588720088505403
0.0467967967967968  0.1538151875480297  0.1590645917257277
0.04684684684684685  0.1535606132263082  0.1591965941119529
0.0468968968968969  0.153297169149791  0.1592609442036821
0.04694694694694695  0.1530246681419013  0.1592593309722363
0.046996996996997  0.1527429123697602  0.1592012718833058
0.04704704704704705  0.152451692667024  0.1591021915860034
0.0470970970970971  0.1521507877971125  0.1589807742087689
0.04714714714714715  0.151839963650638  0.1588559370436504
0.0471971971971972  0.1515189723700646  0.1587438159556099
0.04724724724724725  0.1511875513937452  0.1586551479674307
0.0472972972972973  0.1508454224104595  0.1585933848494444
0.04734734734734735  0.150492290214411  0.1585537792771949
0.0473973973973974  0.1501278414492864  0.1585235631377257
0.04744744744744745  0.1497517432284207  0.1584832002706246
0.0474974974974975  0.1493636416163009  0.1584085597333255
0.04754754754754755  0.1489631599545379  0.1582737369685526
0.0475975975975976  0.1485498970129726  0.1580541636312283
0.04764764764764765  0.1481234249437283  0.1577296033297285
0.0476976976976977  0.1476832870126336  0.1572866362768677
0.04774774774774775  0.1472289950784877  0.1567202912967838
0.0477977977977978  0.1467600267859602  0.1560345833255289
0.04784784784784785  0.1462758224323442  0.1552418477235578
0.0478978978978979  0.1457757814618131  0.1543609142707411
0.04794794794794795  0.1452592585329034  0.1534143159892328
0.047997997997998  0.1447255590955286  0.1524248625579177
0.04804804804804805  0.1441739344023986  0.1514120081176343
0.0480980980980981  0.1436035758659737  0.1503884952311824
0.04814814814814815  0.1430136086553239  0.1493577522220462
0.0481981981981982  0.14240308440681  0.1483124578648267
0.04824824824824825  0.1417709728974275  0.1472345699165753
0.0482982982982983  0.1411161524986593  0.1460969531562397
0.04834834834834835  0.1404373991902453  0.1448665547546429
0.0483983983983984  0.1397333738652889  0.1435088800513767
0.04844844844844845  0.139002607597776  0.1419933419909046
0.0484984984984985  0.13824348446729  0.14029891371827
0.04854854854854855  0.1374542214384634  0.1384194243395096
0.0485985985985986  0.1366328446678844  0.136367815616197
0.04864864864864865  0.13577716144958  0.1341787287598482
0.0486986986986987  0.1348847267992926  0.1319089141308084
0.04874874874874875  0.1339528033998094  0.1296351434483856
0.0487987987987988  0.1329783132598051  0.1274495378111966
0.04884884884884885  0.1319577789412385  0.125452483557918
0.0488988988988989  0.1308872515336985  0.1237435663647629
0.04894894894894895  0.1297622216221687  0.1224111855319356
0.048998998998999  0.128577508193723  0.1215216904865374
0.04904904904904905  0.1273271185858941  0.1211089896140458
0.0490990990990991  0.1260040699275458  0.1211656037229993
0.04914914914914915  0.1246001586387612  0.1216360667940629
0.0491991991991992  0.1231056587571335  0.1224134181806392
0.04924924924924926  0.1215089210124197  0.1233392948110164
0.04929929929929931  0.1197958307560409  0.1242078387846611
0.04934934934934935  0.1179490606913165  0.124773310594316
0.0493993993993994  0.1159470177201075  0.1247609703583644
0.04944944944944945  0.113762320567847  0.1238804890123684
0.0494994994994995  0.1113595333904406  0.1218409065759585
0.04954954954954955  0.1086916730324526  0.1183659888808535
0.0495995995995996  0.1056945998683989  0.1132087640548628
0.04964964964964965  0.1022775480066609  0.1061640536651627
0.0496996996996997  0.09830611582685854  0.09707794940389204
0.04974974974974975  0.0935692059953878  0.08585341415154647
0.0497997997997998  0.08770772216655125  0.07245148738761066
0.04984984984984985  0.08003697600294087  0.05688792407556285
0.0498998998998999  0.06900235210605653  0.03922546390081314
0.04994994994994995  0.05048098214823867  0.0195622831749914
0.05  4.804014925918754e-06  -0.001982504901509553
