t  x_1  x_2
0  0  1.688293951191804e-10
5.005005005005005e-05  0.2083087064261774  0.1079867214917986
0.0001001001001001001  0.761360804725813  0.5694501686646415
0.0001501501501501502  1.658613414870196  1.38381232534585
0.0002002002002002002  2.899490099805528  2.550420965712239
0.0002502502502502502  4.483619861971328  4.068549629863419
0.0003003003003003003  6.410583477149744  5.937397617156061
0.0003503503503503504  8.679890059788921  8.156089996846161
0.0004004004004004004  11.29097003936091  10.72367763838924
0.0004504504504504505  14.24317243521281  13.63913725794271
0.0005005005005005005  17.5357636883606  16.90137148424778
0.0005505505505505506  21.16792715890077  20.50920894214873
0.0006006006006006007  25.13876294678537  24.4614043547554
0.0006506506506506507  29.44728788868344  28.75663866336983
0.0007007007007007008  34.09243566038858  33.39351916598356
0.0007507507507507507  39.07305694915377  38.37057967418102
0.0008008008008008008  44.38791967648126  43.68628068773926
0.0008508508508508509  50.03570926026177  49.33900958867643
0.0009009009009009009  56.01502890962733  55.32708085236099
0.000950950950950951  62.32439994839388  61.64873627797048
0.001001001001001001  68.96226216443581  68.30214523665428
0.001051051051051051  75.92697418321963  75.28540493845672
0.001101101101101101  83.21681386427345  82.59654071717242
0.001151151151151151  90.82997871972033  90.23350633393382
0.001201201201201201  98.76458635422958  98.19418429857355
0.001251251251251251  107.0186749258935  106.4763862097628
0.001301301301301301  115.5902036276368  115.0778531125576
0.001351351351351351  124.4770531888359  123.9962558755491
0.001401401401401402  133.6770263968734  133.2291955844524
0.001451451451451452  143.1878486383826  142.7742039547604
0.001501501501501501  153.0071684599653  152.6287437625468
0.001551551551551552  163.1325581481747  162.7902092924765
0.001601601601601602  173.5615143285684  173.2559268044834
0.001651651651651652  184.2914585836458  184.0231550178704
0.001701701701701702  195.3197380894816  195.0890856131673
0.001751751751751752  206.643626270875  206.4508437517863
0.001801801801801802  218.260323474832  218.1054886131515
0.001851851851851852  230.1669576621964  230.050013949767
0.001901901901901902  242.3605851172472  242.2813486587045
0.001951951951951952  254.8381911750747  254.7963573716022
0.002002002002002002  267.5966909665466  267.5918410608505
0.002052052052052052  280.6329301806737  280.664537663391
0.002102102102102102  293.9436858441789  294.0111227214787
0.002152152152152152  307.5256671180726  307.6282100400638
0.002202202202202202  321.3755161110344  321.5123523610577
0.002252252252252252  335.4898087093922  335.6600420538305
0.002302302302302303  349.8650554234968  350.0677118231207
0.002352352352352352  364.4977022502746  364.7317354320151
0.002402402402402403  379.3841315517461  379.6484284417058
0.002452452452452453  394.5206629492881  394.8140489674828
0.002502502502502502  409.9035542334225  410.224798450152
0.002552552552552553  425.5290022888983  425.8768224433754
0.002602602602602603  441.3931440348417  441.76621141629
0.002652652652652653  457.4920573797399  457.8890015718995
0.002702702702702703  473.8217621910204  474.2411756803479
0.002752752752752753  490.3782212789866  490.8186639270535
0.002802802802802803  507.1573413948643  507.6173447760702
0.002852852852852853  524.1549742427137  524.6330458479441
0.002902902902902903  541.3669175049555  541.8615448115163
0.002952952952952953  558.7889158812541  559.2985702909128
0.003003003003003003  576.4166621405066  576.939802785439
0.003053053053053053  594.2457981856727  594.7808756043167
0.003103103103103103  612.2719161311811  612.817375814371
0.003153153153153153  630.4905593926508  631.0448452013901
0.003203203203203203  648.8972237886524  649.4587812444934
0.003253253253253253  667.4873586542408  668.054638103612
0.003303303303303304  686.2563679659788  686.8278276196977
0.003353353353353353  705.1996114781799  705.7737203272181
0.003403403403403404  724.3124058700844  724.8876464790345
0.003453453453453454  743.5900259036845  744.1648970833619
0.003503503503503503  763.0277055919179  763.6007249524197
0.003553553553553554  782.6206393769334  783.190345762311
0.003603603603603604  802.3639833181419  802.9289391249346
0.003653653653653654  822.2528562897585  822.8116496698004
0.003703703703703704  842.2823411875378  842.8335881378098
0.003753753753753754  862.4474861444057  862.9898324844251
0.003803803803803804  882.7433057546855  883.2754289938326
0.003853853853853854  903.164782306617  903.6853934025878
0.003903903903903904  923.7068670228646  924.2147120329822
0.003953953953953955  944.3644813087028  944.8583429362063
0.004004004004004004  965.1325180075783  965.6112170442557
0.004054054054054054  986.0058426637319  986.4682393305078
0.004104104104104105  1006.979294791568  1007.42428997929
0.004154154154154154  1028.047689151463  1028.474225563418
0.004204204204204204  1049.205817031697  1049.612880229723
0.004254254254254255  1070.448447536177  1070.835066892523
0.004304304304304304  1091.77032887766  1092.135578433701
0.004354354354354354  1113.166189676132  1113.509188910898
0.004404404404404405  1134.630740262035  1134.950654771563
0.004454454454454455  1156.158673984011  1156.454716074009
0.004504504504504504  1177.744668520853  1178.016097714378
0.004554554554554555  1199.383387197324  1199.629510659604
0.004604604604604605  1221.069480303528  1221.289653185536
0.004654654654654655  1242.797586417502  1242.991212120822
0.004704704704704705  1264.562333730702  1264.728864095116
0.004754754754754755  1286.358341376066  1286.497276792378
0.004804804804804805  1308.180220758305  1308.291110207921
0.004854854854854855  1330.022576886112  1330.105017909845
0.004904904904904905  1351.880009706059  1351.933648303921
0.004954954954954956  1373.747115437212  1373.771645901195
0.005005005005005005  1395.618487907562  1395.61365258988
0.005055055055055055  1417.488719890816  1417.454308908318
0.005105105105105106  1439.352404442222  1439.288255321086
0.005155155155155155  1461.204136236643  1461.110133497191
0.005205205205205205  1483.03851290322  1482.914587589518
0.005255255255255256  1504.850136362643  1504.696265515519
0.005305305305305306  1526.633614160819  1526.449820239097
0.005355355355355355  1548.383560802226  1548.169911052891
0.005405405405405406  1570.094599081358  1569.851204861392
0.005455455455455456  1591.761361412115  1591.488377462962
0.005505505505505505  1613.378491154825  1613.076114832798
0.005555555555555556  1634.940643940553  1634.609114403728
0.005605605605605606  1656.442488992378  1656.08208634725
0.005655655655655656  1677.878710443315  1677.489754852374
0.005705705705705706  1699.244008650543  1698.826859402839
0.005755755755755756  1720.533101505629  1720.088156052395
0.005805805805805806  1741.740725740411  1741.268418697731
0.005855855855855856  1762.861638228231  1762.362440348476
0.005905905905905906  1783.890617280187  1783.365034393861
0.005955955955955957  1804.822463936079  1804.271035866636
0.006006006006006006  1825.652003249744  1825.07530270259
0.006056056056056056  1846.374085568451  1845.77271699607
0.006106106106106107  1866.983587806045  1866.358186251342
0.006156156156156156  1887.47541470952  1886.82664462896
0.006206206206206206  1907.844500118718  1907.173054186777
0.006256256256256257  1928.085808218827  1927.392406115892
0.006306306306306307  1948.19433478539  1947.47972197101
0.006356356356356356  1968.16510842149  1967.430054893776
0.006406406406406407  1987.993191786831  1987.238490830512
0.006456456456456457  2007.673682818398  2006.900149742867
0.006506506506506506  2027.201715942391  2026.410186811313
0.006556556556556557  2046.572463277147  2045.763793631323
0.006606606606606607  2065.781135826738  2064.956199401751
0.006656656656656657  2084.822984664957  2083.982672105152
0.006706706706706707  2103.693302109408  2102.838519679449
0.006756756756756757  2122.387422885385  2121.519091181501
0.006806806806806807  2140.900725279284  2140.019777940586
0.006856856856856857  2159.228632281233  2158.336014703939
0.006906906906906907  2177.366612716686  2176.463280771284
0.006956956956956958  2195.310182366676  2194.397101120264
0.007007007007007007  2213.054905076467  2212.133047520973
0.007057057057057057  2230.596393852323  2229.666739640601
0.007107107107107108  2247.930311946126  2246.993846136285
0.007157157157157158  2265.052373927578  2264.110085737711
0.007207207207207207  2281.958346743715  2281.011228317716
0.007257257257257258  2298.644050765473  2297.693095950614
0.007307307307307308  2315.105360821066  2314.151563959873
0.007357357357357357  2331.338207215877  2330.382561951821
0.007407407407407408  2347.338576738664  2346.382074837602
0.007457457457457458  2363.102513653796  2362.146143842089
0.007507507507507507  2378.626120679283  2377.670867499325
0.007557557557557558  2393.905559950368  2392.952402634888
0.007607607607607608  2408.937053968435  2407.986965334027
0.007657657657657658  2423.716886534994  2422.77083189591
0.007707707707707708  2438.241403670536  2437.300339773833
0.007757757757757758  2452.507014517994  2451.571888500371
0.007807807807807808  2466.510192230635  2465.581940598227
0.007857857857857859  2480.247474844127  2479.327022475894
0.007907907907907909  2493.715466132577  2492.803725307157
0.007957957957957958  2506.910836448344  2506.008705896852
0.008008008008008008  2519.830323545415  2518.938687528464
0.008058058058058058  2532.470733386133  2531.590460797871
0.008108108108108109  2544.828940931086  2543.960884429234
0.008158158158158159  2556.90189091199  2556.046886075268
0.008208208208208209  2568.686598587336  2567.845463100133
0.008258258258258259  2580.180150480656  2579.353683346053
0.008308308308308308  2591.379705101231  2590.568685882144
0.008358358358358358  2602.282493647044  2601.487681736112
0.008408408408408409  2612.885820689847  2612.107954608281
0.008458458458458459  2623.18706484217  2622.426861568235
0.008508508508508509  2633.183679406129  2632.441833732388
0.00855855855855856  2642.873193003897  2642.15037692477
0.008608608608608608  2652.253210189692  2651.550072318206
0.008658658658658658  2661.321412043201  2660.638577057828
0.008708708708708709  2670.075556744277  2669.413624865022
0.008758758758758759  2678.513480128893  2677.873026623475
0.008808808808808809  2686.633096226223  2686.014670945047
0.00885885885885886  2694.432397776839  2693.836524716945
0.00890890890890891  2701.909456732027  2701.336633629819
0.008958958958958959  2709.062424734213  2708.513122685586
0.009009009009009009  2715.889533578662  2715.364196686156
0.009059059059059059  2722.389095656581  2721.888140701491
0.00910910910910911  2728.559504379932  2728.083320519088
0.00915915915915916  2734.399234588469  2733.948183071668
0.00920920920920921  2739.906842939694  2739.481256845925
0.00925925925925926  2745.080968282866  2744.681152270365
0.009309309309309309  2749.920332018822  2749.546562082364
0.009359359359359359  2754.423738448304  2754.076261675636
0.00940940940940941  2758.590075113192  2758.269109425662
0.00945945945945946  2762.418313137794  2762.124046995613
0.00950950950950951  2765.907507582451  2765.640099620421
0.009559559559559561  2769.056797831192  2768.816376370561
0.009609609609609611  2771.865408054053  2771.652070394423
0.009659659659659659  2774.332647824826  2774.146459139191
0.00970970970970971  2776.457913067501  2776.298904551647
0.00975975975975976  2778.240687740969  2778.108853256615
0.00980980980980981  2779.68054736092  2779.575836714508
0.009859859859859861  2780.777167887746  2780.699471357562
0.009909909909909911  2781.530358536649  2781.479458704594
0.00995995995995996  2781.940532679642  2781.915585454129
0.01001001001001001  2782.007103307502  2782.0077235564
0.01006006006006006  2781.729049562459  2781.755830263353
0.01011011011011011  2781.106716423441  2781.159948157579
0.01016016016016016  2780.140583146032  2780.220205159312
0.01021021021021021  2778.830951085813  2778.936814512038
0.01026026026026026  2777.178169405288  2777.310074746333
0.01031031031031031  2775.18265983327  2775.340369622527
0.01036036036036036  2772.844923390394  2773.028168051264
0.01041041041041041  2770.165542918736  2770.37402399286
0.01046046046046046  2767.145184147725  2767.378576334962
0.01051051051051051  2763.784596146366  2764.042548748718
0.01056056056056056  2760.084611479684  2760.36674952341
0.01061061061061061  2756.046146204676  2756.352071379681
0.01066066066066066  2751.670199769347  2751.99949126144
0.01071071071071071  2746.957854847038  2747.310070106072
0.01076076076076076  2741.910277123474  2742.284952593596
0.01081081081081081  2736.528715046467  2736.925366874532
0.01086086086086086  2730.814499544181  2731.232624276469
0.01091091091091091  2724.769043715649  2725.208118989649
0.01096096096096096  2718.393842495895  2718.853327731233
0.01101101101101101  2711.690472297273  2712.169809388941
0.01106106106106106  2704.660590628095  2705.159204643476
0.01111111111111111  2697.305935689332  2697.823235570524
0.01116116116116116  2689.628325949986  2690.163705221516
0.01121121121121121  2681.629659701565  2682.182497184366
0.01126126126126126  2673.311914592031  2673.881575123411
0.01131131131131131  2664.677147139506  2665.262982299062
0.01136136136136136  2655.727492226001  2656.328841067187
0.01141141141141141  2646.465162571395  2647.081352358213
0.01146146146146146  2636.892448187862  2637.522795136732
0.01151151151151151  2627.011715814952  2627.655525840665
0.01156156156156156  2616.82540833551  2617.481977801088
0.01161161161161161  2606.336044172597  2607.004660642234
0.01166166166166166  2595.546216667622  2596.226159662382
0.01171171171171171  2584.458593439831  2585.149135195164
0.01176176176176176  2573.075915727349  2573.776321952083
0.01181181181181181  2561.400997709943  2562.110528345936
0.01186186186186186  2549.436725813693  2550.154635795366
0.01191191191191191  2537.186057997739  2537.911598011275
0.01196196196196196  2524.652023023315  2525.384440264081
0.01201201201201201  2511.83771970522  2512.576258633823
0.01206206206206206  2498.746316145955  2499.490219241107
0.01211211211211211  2485.381048952683  2486.129557461277
0.01216216216216216  2471.745222437251  2472.497577120165
0.01221221221221221  2457.842207799434  2458.59764967305
0.01226226226226226  2443.675442293629  2444.433213365769
0.01231231231231231  2429.248428379211  2430.007772379611
0.01236236236236236  2414.564732854737  2415.324895958854
0.01241241241241241  2399.627985976256  2400.388217521928
0.01246246246246246  2384.441880559892  2385.201433756671
0.01251251251251251  2369.010171068971  2369.768303698722
0.01256256256256256  2353.336672685896  2354.092647794786
0.01261261261261261  2337.425260368994  2338.178346950182
0.01266266266266266  2321.279867894585  2322.029341560473
0.01271271271271271  2304.904486884504  2305.649630528992
0.01276276276276276  2288.303165819314  2289.043270268609
0.01281281281281281  2271.480009037457  2272.214373689465
0.01286286286286286  2254.439175720599  2255.167109172206
0.01291291291291291  2237.184878865395  2237.905699527053
0.01296296296296296  2219.721384241969  2220.43442093943
0.01301301301301301  2202.053009339325  2202.757601901648
0.01306306306306306  2184.184122297977  2184.879622131713
0.01311311311311311  2166.119140830052  2166.804911478861
0.01316316316316316  2147.862531127144  2148.537948816724
0.01321321321321321  2129.418806756159  2130.083260924031
0.01326326326326326  2110.792527543469  2111.445421352886
0.01331331331331331  2091.98829844762  2092.629049285871
0.01336336336336336  2073.010768420872  2073.63880838086
0.01341341341341341  2053.864629259868  2054.47940560539
0.01346346346346346  2034.554614445715  2035.155590059454
0.01351351351351351  2015.085497973748  2015.67215178837
0.01356356356356356  1995.46209317328  1996.033920584531
0.01361361361361361  1975.689251517631  1976.245764779997
0.01366366366366366  1955.771861424721  1956.312590028823
0.01371371371371371  1935.714847048526  1936.239338080217
0.01376376376376376  1915.52316706171  1916.030985542809
0.01381381381381381  1895.201813429709  1895.692542639669
0.01386386386386386  1874.755810176588  1875.229051955784
0.01391391391391392  1854.190212142974  1854.64558717653
0.01396396396396397  1833.510103736371  1833.947251818999
0.01401401401401401  1812.720597674158  1813.139177955667
0.01406406406406406  1791.826833719589  1792.226524930871
0.01411411411411411  1770.833977411117  1771.214478070665
0.01416416416416416  1749.747218785327  1750.108247386395
0.01421421421421422  1728.571771093827  1728.913066271532
0.01426426426426427  1707.312869514393  1707.634190193613
0.01431431431431432  1685.975769856693  1686.276895379802
0.01436436436436436  1664.56574726291  1664.8464774983
0.01441441441441441  1643.088094903586  1643.348250334127
0.01446446446446446  1621.548122669009  1621.787544461097
0.01451451451451452  1599.951155856462  1600.169705909437
0.01456456456456457  1578.302533853671  1578.500094829611
0.01461461461461462  1556.60760881876  1556.784084152925
0.01466466466466467  1534.871744357055  1535.027058249006
0.01471471471471471  1513.100314195053  1513.234411580457
0.01476476476476477  1491.298700851891  1491.411547355417
0.01481481481481482  1469.472294308645  1469.563876177565
0.01486486486486487  1447.626490675773  1447.69681469518
0.01491491491491492  1425.7666908588  1425.815784248298
0.01496496496496497  1403.898299224176  1403.926209514965
0.01501501501501501  1382.026722261342  1382.033517157074
0.01506506506506507  1360.157367247447  1360.143134465807
0.01511511511511512  1338.295640910075  1338.260488006866
0.01516516516516517  1316.446948090612  1316.391002266369
0.01521521521521522  1294.616690408283  1294.540098297554
0.01526526526526527  1272.810264924176  1272.713192368325
0.01531531531531532  1251.033062807317  1250.915694610168
0.01536536536536537  1229.290468001735  1229.153007669191
0.01541541541541542  1207.587855895401  1207.43052535886
0.01546546546546547  1185.930591991286  1185.753631315549
0.01551551551551552  1164.324030580855  1164.127697656462
0.01556556556556557  1142.773513420334  1142.558083641157
0.01561561561561562  1121.284368410084  1121.050134336037
0.01566566566566567  1099.861908277393  1099.609179283151
0.01571571571571572  1078.511429263021  1078.240531172691
0.01576576576576577  1057.238209811813  1056.949484520085
0.01581581581581582  1036.04750926773  1035.741314348189
0.01586586586586586  1014.944566573581  1014.621274874243
0.01591591591591592  993.9345989758098  993.5945982023177
0.01596596596596597  973.022800734644  972.6664930221098
0.01601601601601602  952.2143418399256  951.8421433125895
0.01606606606606607  931.5143667329422  931.1267070538154
0.01611611611611612  910.9279930345675  910.5253149441949
0.01616616616616617  890.4603102800467  890.0430691253546
0.01621621621621622  870.1163786607049  869.6850419141525
0.01626626626626627  849.9012277729321  849.4562745429253
0.01631631631631632  829.8198553747089  829.3617759073154
0.01636636636636637  809.8772261500192  809.4065213226098
0.01641641641641642  790.0782704814363  789.5954512886399
0.01646646646646647  770.4278832311772  769.9334702639031
0.01651651651651652  750.9309225309564  750.4254454487586
0.01656656656656657  731.592208580901  731.0762055782419
0.01661661661661662  712.4165224578514  711.8905397247563
0.01666666666666667  693.4086049333411  692.8731961110823
0.01671671671671672  674.5731553015204  674.0288809334236
0.01676676676676677  655.9148302173551  655.3622571960319
0.01681681681681682  637.4382425453449  636.8779435560002
0.01686686686686687  619.1479602190834  618.580513179921
0.01691691691691692  601.0485051119159  600.4744926118799
0.01696696696696697  583.1443519189813  582.5643606536938
0.01701701701701702  565.4399270509263  564.8545472571755
0.01706706706706707  547.9396075395382  547.34943242848
0.01711711711711712  530.6477199556035  530.0533451457086
0.01716716716716717  513.5685393392187  512.970562289213
0.01721721721721722  496.7062881428535  496.1053075853877
0.01726726726726727  480.0651351874055  479.4617505632605
0.01731731731731732  463.6491946315103  463.0440055261134
0.01736736736736737  447.4625249543682  446.8561305356748
0.01741741741741742  431.5091279523205  430.9021264115613
0.01746746746746747  415.7929477494465  415.185935744967
0.01751751751751752  400.3178698224087  399.7114419269771
0.01756756756756757  385.0877200397876  384.4824681919177
0.01761761761761762  370.1062637161577  369.5027766758051
0.01766766766766767  355.3772046811129  354.776067490571
0.01771771771771772  340.9041843634956  340.3059778136441
0.01776776776776777  326.6907808910416  326.0960809934862
0.01781781781781782  312.7405082056574  312.149885671094
0.01786786786786787  299.0568151945665  298.4708349182923
0.01791791791791792  285.643084837513  285.0623053919053
0.01796796796796797  272.502633370253  271.9276065051375
0.01801801801801802  259.6387094645262  259.0699796155498
0.01806806806806807  247.05449342471  246.4925972304036
0.01811811811811812  234.7530964013581  234.1985622289809
0.01816816816816817  222.7375596217985  222.1909071030023
0.01821821821821822  211.0108536380016  210.4725932138754
0.01826826826826827  199.5758775918707  199.0465100684332
0.01831831831831832  188.4354584981546  187.9154746124497
0.01836836836836837  177.5923505451399  177.0822305424328
0.01841841841841842  167.0492344132837  166.5494476356089
0.01846846846846847  156.8087166119582  156.3197210984484
0.01851851851851852  146.8733288344394  146.3955709340837
0.01856856856856857  137.2455273313017  136.7794413282112
0.01861861861861862  127.9276923023307  127.4737000540724
0.01866866866866867  118.9221273071026  118.480637896576
0.01871871871871872  110.231058694325  109.8024680956605
0.01876876876876877  101.8566350500399  101.4413258087086
0.01881881881881882  93.80092666478455  93.39926759286395
0.01886886886886887  86.06592501975472  85.67827090682421
0.01891891891891892  78.65354229202002  78.28023363195933
0.01896896896896897  71.56561087878717  71.20697361367483
0.01901901901901902  64.80388294066422  64.46022822268708
0.01906906906906907  58.37002996382999  58.04165393604631
0.01911911911911912  52.26564234090351  51.95282593850857
0.01916916916916917  46.49222897020864  46.19523774383629
0.01921921921921922  41.05121687293133  40.77030083681824
0.01926926926926927  35.94395082739831  35.67934433527085
0.01931931931931932  31.17169301930051  30.92361467252505
0.01936936936936937  26.73562270601029  26.50427530075165
0.01941941941941942  22.63683589208111  22.42240641436124
0.01946946946946947  18.87634501119845  18.6790046944124
0.01951951951951952  15.45507860669262  15.27498307354448
0.01956956956956957  12.37388099688325  12.21117052175273
0.01961961961961962  9.633511900466523  9.488311852722992
0.01966966966966967  7.234645973743252  7.107067551214901
0.01971971971971972  5.177872161167645  5.068013621164967
0.01976976976976977  3.463692636183958  3.371641454717705
0.01981981981981982  2.092520769316199  2.01835772213727
0.01986986986986987  1.064676457798828  1.008484282518091
0.01991991991991992  0.3803723459470722  0.3422581156853838
0.01996996996996997  0.03961895794800131  0.01983127482240705
0.02002002002002002  0.04274081178335905  0.04127086010909577
0.02007007007007007  0.3881367661603754  0.4065590132338139
0.02012012012012012  1.079003221788623  1.115592932802901
0.02017017017017017  2.113749430472754  2.168184910919951
0.02022022022022022  3.491973644670447  3.564062390475486
0.02027027027027027  5.213291022960866  5.302868043134958
0.02032032032032032  7.277255047370173  7.384159868452452
0.02037037037037037  9.683343858274373  9.807411313633978
0.02042042042042042  12.4309555297439  12.57201141439972
0.02047047047047047  15.51940614132675  15.67726495593939
0.02052052052052052  18.94792893910794  19.12239265503144
0.02057057057057057  22.71567398861938  22.90653136294303
0.02062062062062062  26.82170807788287  27.02873428830481
0.02067067067067067  31.26501476243586  31.48797124094851
0.02072072072072072  36.0444944988295  36.28312889622965
0.02077077077077077  41.15896483888896  41.41301107925074
0.02082082082082082  46.60716066926837  46.87633906988707
0.02087087087087087  52.38773448729892  52.67175192776428
0.02092092092092092  58.49925670767208  58.79780683744552
0.02097097097097097  64.94021599651754  65.25297947345869
0.02102102102102102  71.70901963061425  72.03566438554373
0.02107107107107107  78.8039938802257  79.14417540352898
0.02112112112112112  86.22338441448123  86.57674606198182
0.02117117117117117  93.96535672854691  94.33153004448212
0.02122122122122122  102.027996591999  102.4066016473332
0.02127127127127127  110.4093105179534  110.7999562628359
0.02132132132132132  119.1072262526016  119.5095108814717
0.02137137137137137  128.1195932848262  128.5331046135562
0.02142142142142142  137.4441833756659  137.8684992298174
0.02147147147147147  147.0786911073731  147.5133797205061
0.02152152152152152  157.0207344518583  157.4653548735471
0.02157157157157157  167.2678553583299  167.7219578712505
0.02162162162162162  177.8175203599173  178.280646905236
0.02167167167167167  188.6671211991141  189.1388058096962
0.02172172172172172  199.8139754718354  200.2937447127685
0.02177177177177177  211.2553272899249  211.7427007058669
0.02182182182182182  222.9883479619188  223.4828385307519
0.02187187187187187  235.0101366918819  235.5112512840781
0.02192192192192192  247.3177212961437  247.8249611393927
0.02197197197197197  259.9080589377316  260.4209200866776
0.02202202202202202  272.7780368783182  273.2960106882982
0.02207207207207207  285.9244732474953  286.4470468525501
0.02212212212212212  299.3441178291641  299.8707746231757
0.02217217217217217  313.0336528648647  313.5638729858495
0.02222222222222222  326.9896938738135  327.5229546906651
0.02227227227227227  341.2087904894732  341.7445670908315
0.02232232232232232  355.6874273124205  356.2251929970777
0.02237237237237237  370.4220247793085  370.9612515478404
0.02242242242242242  385.4089400477163  385.9490990947275
0.02247247247247247  400.6444678966405  401.1850301034136
0.02252252252252252  416.1248416424369  416.6652780692837
0.02257257257257258  431.8462340699501  432.3860164478462
0.02262262262262262  447.8047583786288  448.3433595999751
0.02267267267267267  463.9964691433813  464.5333637511664
0.02272272272272272  480.4173632899141  480.9520279648153
0.02277277277277277  497.0633810843539  497.5952951295923
0.02282282282282282  513.9304071368615  514.4590529601757
0.02287287287287287  531.0142714190245  531.5391350113221
0.02292292292292292  548.3107502947566  548.8313217052875
0.02297297297297297  565.81556756445  566.3313413716583
0.02302302302302302  583.524395522139  584.0348713002321
0.02307307307307307  601.4328560253839  601.9375388057031
0.02312312312312313  619.5365215776441  620.0349223050182
0.02317317317317318  637.8309164228439  638.3225524060138
0.02322322322322323  656.3115176518713  656.7959130078402
0.02327327327327327  674.9737563207482  675.4504424126219
0.02332332332332332  693.8130185801701  694.2815344481937
0.02337337337337337  712.8246468161582  713.2845396013205
0.02342342342342342  732.0039408015259  732.4547661615574
0.02347347347347347  751.3461588578904  751.7874813754887
0.02352352352352352  770.8465190279288  771.2779126103255
0.02357357357357357  790.5002002575877  790.9212485274231
0.02362362362362362  810.3023435879759  810.7126402654087
0.02367367367367368  830.2480533566095  830.6472026317928
0.02372372372372373  850.3323984077475  850.7200153037247
0.02377377377377378  870.5504133114988  870.9261240368727
0.02382382382382383  890.8970995913936  891.2605418830285
0.02387387387387388  911.3674269601466  911.718250414954
0.02392392392392393  931.9563345632613  932.2942009591661
0.02397397397397397  952.6587322302114  952.9833158359672
0.02402402402402402  973.4695017328658  973.7804896063251
0.02407407407407407  994.3834980508342  994.6805903256369
0.02412412412412412  1015.395550643466  1015.678460803625
0.02417417417417417  1036.500464728134  1036.768919870535
0.02422422422422423  1057.693022564526  1057.946763648878
0.02427427427427428  1078.96798474461  1079.2067668308
0.02432432432432433  1100.320091487946  1100.543683960698
0.02437437437437438  1121.74406394206  1121.952250722265
0.02442442442442443  1143.234605487496  1143.427185230512
0.02447447447447448  1164.786403047304  1164.963189327823
0.02452452452452453  1186.394128400557  1186.554949883804
0.02457457457457458  1208.052439499643  1208.197140099042
0.02462462462462462  1229.755981790959  1229.884420811813
0.02467467467467467  1251.499389538699  1251.611441807986
0.02472472472472472  1273.277287151414  1273.372843133394
0.02477477477477477  1295.084290510999  1295.163256408765
0.02482482482482483  1316.915008303799  1316.977306146476
0.02487487487487488  1338.764043353484  1338.809611069048
0.02492492492492493  1360.625993955477  1360.654785429182
0.02497497497497498  1382.495455211955  1382.507440330677
0.02502502502502503  1404.367020368818  1404.362185050043
0.02507507507507508  1426.235282151925  1426.213628358945
0.02512512512512513  1448.094834104065  1448.056379846211
0.02517517517517518  1469.940271921402  1469.885051240103
0.02522522522522523  1491.766194789515  1491.69425772971
0.02527527527527528  1513.567206719095  1513.47861928583
0.02532532532532533  1535.337917879591  1535.232761980427
0.02537537537537538  1557.072945931816  1556.951319304731
0.02542542542542543  1578.766917358625  1578.628933485569
0.02547547547547548  1600.414468793397  1600.260256799484
0.02552552552552553  1622.010248345995  1621.83995288459
0.02557557557557558  1643.54891692592  1643.362698049528
0.02562562562562563  1665.025149562273  1664.823182579409
0.02567567567567568  1686.433636720242  1686.216112038529
0.02572572572572573  1707.769085613774  1707.536208569194
0.02577577577577578  1729.026221514088  1728.778212186589
0.02582582582582583  1750.199789053751  1749.936882069537
0.02587587587587588  1771.284553525945  1771.006997846409
0.02592592592592593  1792.275302178642  1791.983360876136
0.02597597597597598  1813.166845503344  1812.8607955242
0.02602602602602603  1833.954018518074  1833.634150432727
0.02607607607607608  1854.631682044316  1854.298299785149
0.02612612612612613  1875.194723977565  1874.8481445642
0.02617617617617618  1895.638060551187  1895.278613804041
0.02622622622622623  1915.956637593271  1915.584665835142
0.02627627627627628  1936.145431776182  1935.761289522315
0.02632632632632633  1956.199451858462  1955.803505495373
0.02637637637637638  1976.113739918816  1975.706367372171
0.02642642642642643  1995.883372581866  1995.464962973479
0.02647647647647648  2015.503462235345  2015.074415529989
0.02652652652652653  2034.969158238477  2034.529884880395
0.02657657657657658  2054.275648121191  2053.826568660924
0.02662662662662663  2073.418158773914  2072.959703485493
0.02667667667667668  2092.391957627644  2091.924566116892
0.02672672672672673  2111.192353823969  2110.716474627681
0.02677677677677678  2129.814699374815  2129.330789551624
0.02682682682682683  2148.254390311567  2147.762915024804
0.02687687687687688  2166.506867823321  2166.008299915802
0.02692692692692693  2184.567619383976  2184.062438945679
0.02697697697697698  2202.432179867878  2201.920873796479
0.02702702702702703  2220.096132653752  2219.579194208504
0.02707707707707708  2237.555110716645  2237.033039066005
0.02712712712712713  2254.804797707608  2254.278097471037
0.02717717717717718  2271.840929020853  2271.310109805127
0.02722722722722723  2288.659292848122  2288.124868778463
0.02727727727727728  2305.255731220009  2304.718220466687
0.02732732732732733  2321.626141033963  2321.086065334592
0.02737737737737738  2337.766475068753  2337.224359246688
0.02742742742742743  2353.672742985103  2353.129114464393
0.02747747747747748  2369.341012312276  2368.796400629723
0.02752752752752753  2384.767409420367  2384.222345734809
0.02757757757757758  2399.948120478031  2399.403137077624
0.02762762762762763  2414.879392395469  2414.335022203055
0.02767767767767768  2429.557533752377  2429.01430982965
0.02772772772772773  2443.978915710673  2443.43737076142
0.02777777777777778  2458.139972911762  2457.600638784518
0.02782782782782783  2472.037204358113  2471.500611548979
0.02787787787787788  2485.667174278949  2485.133851434531
0.02792792792792793  2499.026512979816  2498.496986401216
0.02797797797797798  2512.11191767585  2511.586710823662
0.02802802802802803  2524.920153308508  2524.399786309532
0.02807807807807808  2537.448053345595  2536.933042501649
0.02812812812812813  2549.692520564363  2549.1833778634
0.02817817817817818  2561.650527817531  2561.147760447813
0.02822822822822823  2573.319118781993  2572.823228649295
0.02827827827827828  2584.695408690091  2584.206891938645
0.02832832832832833  2595.776585043224  2595.295931580682
0.02837837837837838  2606.559908307685  2606.087601334384
0.02842842842842843  2617.042712592512  2616.579228135447
0.02847847847847848  2627.222406309237  2626.768212761107
0.02852852852852853  2637.096472813373  2636.652030476906
0.02857857857857858  2646.662471027511  2646.22823166544
0.02862862862862863  2655.918036045893  2655.494442436717
0.02867867867867868  2664.860879720354  2664.448365220244
0.02872872872872873  2673.488791227538  2673.087779338389
0.02877877877877878  2681.799637617304  2681.410541560977
0.02882882882882883  2689.791364342262  2689.414586641301
0.02887887887887888  2697.461995768409  2697.097927832667
0.02892892892892893  2704.809635666885  2704.458657386367
0.02897897897897898  2711.8324676869  2711.494947029784
0.02902902902902903  2718.528755809954  2718.205048425675
0.02907907907907908  2724.896844785581  2724.587293611397
0.02912912912912913  2730.935160549  2730.640095419074
0.02917917917917918  2736.642210621188  2736.361947875492
0.02922922922922923  2742.016584492314  2741.751426582683
0.02927927927927928  2747.056953989806  2746.807189077975
0.02932932932932933  2751.762073633182  2751.527975174603
0.02937937937937938  2756.13078097889  2755.91260728187
0.02942942942942943  2760.161996960484  2759.95999070504
0.02947947947947948  2763.854726232978  2763.669113925187
0.02952952952952953  2767.208057536687  2767.039048858452
0.02957957957957958  2770.221164108311  2770.068951095047
0.02962962962962963  2772.893304192263  2772.758060117642
0.02967967967967968  2775.223821760762  2775.105699499136
0.02972972972972973  2777.212147683949  2777.111277079937
0.02977977977977978  2778.857801947408  2778.774285124496
0.02982982982982983  2780.160398623804  2780.094300457142
0.02987987987987988  2781.119659740338  2781.070984577126
0.02992992992992993  2781.735494027082  2781.70408375287
0.02997997997997998  2782.009169101262  2781.993429095405
0.03003003003003003  2781.937253292208  2781.938936610952
0.03008008008008008  2781.521391989445  2781.540607232521
0.03013013013013013  2780.761502727811  2780.798526830836
0.03018018018018018  2779.657932113661  2779.712866204097
0.03023023023023023  2778.21099448007  2778.283881047018
0.03028028028028028  2776.421066679699  2776.511911898777
0.03033033033033033  2774.288601689659  2774.397384070225
0.03038038038038038  2771.814133067623  2771.940807550125
0.03043043043043043  2768.998276727731  2769.142776890356
0.03048048048048048  2765.841731701895  2766.003971070526
0.03053053053053053  2762.345280449719  2762.525153341473
0.03058058058058058  2758.509788939908  2758.707171048159
0.03063063063063063  2754.336206602114  2754.550955431488
0.03068068068068068  2749.825566197291  2750.057521409821
0.03073073073073073  2744.97898363155  2745.227967339226
0.03078078078078078  2739.797657727348  2740.063474753709
0.03083083083083083  2734.282869960068  2734.565308084292
0.03088088088088088  2728.435984164822  2728.734814357724
0.03093093093093093  2722.258446216584  2722.573422875108
0.03098098098098098  2715.751783685645  2716.082644869368
0.03103103103103103  2708.91760546975  2709.264073143094
0.03108108108108108  2701.757601403873  2702.119381685831
0.03113113113113113  2694.273541848333  2694.650325270958
0.03118118118118118  2686.467277255756  2686.85873903318
0.03123123123123123  2678.340737717298  2678.746538025291
0.03128128128128128  2669.895932488461  2670.315716755476
0.03133133133133133  2661.134949494786  2661.568348704813
0.03138138138138138  2652.05995481766  2652.506585824983
0.03143143143143143  2642.673192160426  2643.132658016482
0.03148148148148149  2632.976982295083  2633.448872587486
0.03153153153153153  2622.973722489658  2623.457613693291
0.03158158158158159  2612.665885916498  2613.161341756673
0.03163163163163163  2602.05602104169  2602.562592869018
0.03168168168168169  2591.14675099566  2591.663978172929
0.03173173173173173  2579.940772925321  2580.468183225625
0.03178178178178179  2568.440857327734  2568.977967344075
0.03183183183183183  2556.649847365641  2557.196162931535
0.03188188188188189  2544.570658164933  2545.125674785694
0.03193193193193193  2532.206276094289  2532.76947938896
0.03198198198198199  2519.559758027166  2520.130624180493
0.03203203203203203  2506.634230586321  2507.212226810573
0.03208208208208209  2493.432889371026  2494.017474377406
0.03213213213213213  2479.958998167276  2480.54962264644
0.03218218218218218  2466.215888141014  2466.811995252213
0.03223223223223223  2452.206957014788  2452.807982883715
0.03228228228228228  2437.935668227853  2438.541042452121
0.03233233233233233  2423.405550080044  2424.014696242537
0.03238238238238238  2408.620194859612  2409.232531048954
0.03243243243243243  2393.583257955182  2394.198197292791
0.03248248248248248  2378.298456952175  2378.915408125861
0.03253253253253253  2362.769570713767  2363.387938517183
0.03258258258258259  2347.000438446738  2347.619624324012
0.03263263263263264  2330.994958752388  2331.614361348136
0.03268268268268269  2314.757088662745  2315.376104376232
0.03273273273273274  2298.290842662344  2298.90886620588
0.03278278278278279  2281.600291695776  2282.216716656628
0.03283283283283284  2264.689562161306  2265.30378156663
0.03288288288288288  2247.562834890725  2248.174241775218
0.03293293293293294  2230.224344115796  2230.832332091405
0.03298298298298298  2212.678376421477  2213.282340248552
0.03303303303303304  2194.929269686152  2195.528605845985
0.03308308308308308  2176.981412009279  2177.575519277036
0.03313313313313314  2158.839240626488  2159.427520644305
0.03318318318318318  2140.507240812672  2141.089098662316
0.03323323323323324  2121.989944773065  2122.564789547641
0.03328328328328328  2103.291930522819  2103.859175897186
0.03333333333333334  2084.417820755194  2084.976885554258
0.03338338338338338  2065.372281698722  2065.922590463269
0.03343343343343344  2046.160021963604  2046.701005513299
0.03348348348348348  2026.785791377643  2027.316887370287
0.03353353353353353  2007.254379811933  2007.775033299022
0.03358358358358358  1987.570615996734  1988.080279974173
0.03363363363363363  1967.73936632764  1968.237502281627
0.03368368368368369  1947.765533662528  1948.251612109787
0.03373373373373374  1927.654056109423  1928.127557131364
0.03378378378378379  1907.409905805663  1907.870319576136
0.03383383383383384  1887.038087688696  1887.484914994475
0.03388388388388389  1866.543638258682  1866.976391012482
0.03393393393393394  1845.931624333386  1846.349826078812
0.03398398398398399  1825.207141795497  1825.610328203418
0.03403403403403404  1804.375314332805  1804.763033688841
0.03408408408408409  1783.441292171497  1783.813105853736
0.03413413413413414  1762.410250802856  1762.765733749723
0.03418418418418419  1741.287389703796  1741.626130871539
0.03423423423423423  1720.077931051356  1720.399533860498
0.03428428428428429  1698.787118431673  1699.091201202126
0.03433433433433433  1677.420215543631  1677.706411918094
0.03438438438438439  1655.982504897498  1656.25046425241
0.03443443443443443  1634.479286509004  1634.728674352956
0.03448448448448449  1612.915876588964  1613.146374948088
0.03453453453453453  1591.297606229053  1591.508914018707
0.03458458458458459  1569.629820083719  1569.821653466358
0.03463463463463463  1547.917875048936  1548.089967777604
0.03468468468468468  1526.167138937764  1526.319242685153
0.03473473473473473  1504.382989153299  1504.514873825349
0.03478478478478478  1482.570811359265  1482.682265393648
0.03483483483483484  1460.735998148476  1460.826828797297
0.03488488488488489  1438.883947709541  1438.953981305904
0.03493493493493494  1417.020062492746  1417.069144700603
0.03498498498498499  1395.149747874062  1395.177743921548
0.03503503503503504  1373.278410818373  1373.285205714611
0.03508508508508509  1351.411458543537  1351.396957277293
0.03513513513513514  1329.554297182746  1329.518424904333
0.03518518518518519  1307.712330449249  1307.655032633308
0.03523523523523524  1285.890958298949  1285.812200890511
0.03528528528528529  1264.095575596223  1263.995345137777
0.03533533533533534  1242.331570779933  1242.209874520041
0.03538538538538539  1220.604324531309  1220.461190514495
0.03543543543543544  1198.91920844367  1198.75468558149
0.03548548548548549  1177.281583694402  1177.095741817274
0.03553553553553554  1155.696799719572  1155.489729609471
0.03558558558558559  1134.170192891338  1133.942006295091
0.03563563563563564  1112.707085198708  1112.457914821855
0.03568568568568568  1091.312782931741  1091.042782412581
0.03573573573573574  1069.992575369716  1069.701919233947
0.03578578578578578  1048.75173347348  1048.440617068991
0.03583583583583584  1027.595508582267  1027.264147993963
0.03588588588588588  1006.529131115497  1006.177763060445
0.03593593593593594  985.5578092795722  985.1866909823181
0.03598598598598599  964.686727780365  964.2961368282139
0.03603603603603604  943.9210465413078  943.5112807198275
0.03608608608608609  923.2658994277891  922.8372765365974
0.03613613613613614  902.7263929778815  902.2792506265326
0.03618618618618619  882.3076051398425  881.8423005240476
0.03623623623623624  862.0145840167452  861.5314936749959
0.03628628628628629  841.8523466183854  841.3518661690875
0.03633633633633634  821.8258776209709  821.3084214802042
0.03638638638638639  801.9401281347482  801.4061292147503
0.03643643643643644  782.2000144799218  781.6499238684449
0.03648648648648649  762.6104169712394  762.0447035921259
0.03653653653653654  743.1761787113796  742.5953289663173
0.03658658658658659  723.9021043936293  723.3066217854981
0.03663663663663664  704.7929591140036  704.1833638518603
0.03668668668668669  685.8534671931488  685.2302957792507
0.03673673673673674  667.0883110083896  666.4521158074613
0.03678678678678679  648.5021298360477  647.8534786270927
0.03683683683683684  630.0995187045025  629.4389942153989
0.03688688688688689  611.8850272581427  611.2132266834919
0.03693693693693694  593.8631586325256  593.1806931348274
0.03698698698698699  576.0383683410998  575.3458625360215
0.03703703703703703  558.4150631736054  557.7131545992555
0.03708708708708709  540.9976001065965  540.2869386774022
0.03713713713713714  523.7902852262459  523.0715326720821
0.03718718718718719  506.7973726636912  506.0712019541546
0.03723723723723724  490.023063543332  489.2901582980007
0.03728728728728729  473.4715049440745  472.7325588292298
0.03733733733733734  457.146788874096  456.4025049860189
0.03738738738738739  441.052951259063  440.3040414947392
0.03743743743743744  425.1939709443624  424.4411553599035
0.03748748748748749  409.5737687113159  408.8177748687901
0.03753753753753754  394.1962063078083  393.4377686108948
0.03758758758758759  379.065085493506  378.304944512304
0.03763763763763764  364.1841470998488  363.4230488859822
0.03768768768768769  349.5570701051764  348.7957654970843
0.03773773773773774  335.187470725054  334.4267146447072
0.03778778778778779  321.0789015181695  320.3194522592166
0.03783783783783784  307.2348505079297  306.4774690163932
0.03788788788788789  293.6587403199828  292.904189467692
0.03793793793793794  280.3539273359515  279.6029711878037
0.03798798798798799  267.3237008634533  266.5771039388091
0.03803803803803804  254.5712823227445  253.8298088517902
0.03808808808808809  242.0998244501018  241.3642376258055
0.03813813813813814  229.9124105181434  229.1834717445834
0.03818818818818819  218.0120535733487  217.2905217108914
0.03823823823823824  206.4016956908373  205.6883262992929
0.03828828828828829  195.0842072467111  194.3797518267955
0.03833833833833834  184.0623862080541  183.367591442179
0.03838838838838839  173.3389574407662  172.6545644336755
0.03843843843843844  162.9165720354475  162.2433155557945
0.03848848848848849  152.7978066514067  152.1364143748773
0.03853853853853854  142.9851628789923  142.3363546337127
0.03858858858858859  133.4810666203999  132.8455536355753
0.03863863863863864  124.2878674890018  123.66635164788
0.03868868868868869  115.4078382274635  114.8010113250262
0.03873873873873874  106.8431741445734  106.2517171514193
0.03878878878878879  98.59599257105606  98.02057490406864
0.03883883883883884  90.66833233430008  90.10961113528542
0.03888888888888889  83.06215325215865  82.52077267578574
0.03893893893893894  75.77933564578291  75.25592615764594
0.03898898898898899  68.82167987148298  68.31685755808338
0.03903903903903904  62.19090587158644  61.70527176337401
0.03908908908908909  55.88865274409852  55.42279215388344
0.03913913913913914  49.91647833099868  49.47096020913864
0.03918918918918919  44.27585882471487  43.85123513449795
0.03923923923923924  38.96818839224981  38.56499350809966
0.03928928928928929  33.99477881601273  33.61352894923147
0.03933933933933934  29.35685914993801  28.99805180757129
0.03938938938938939  25.05557538872129  24.71968887360212
0.03943943943943944  21.0919901465906  20.77948311056871
0.03948948948948949  17.467082339883  17.17839340710691
0.03953953953953954  14.18174686360556  13.91729435183853
0.03958958958958959  11.23679424465434  10.99697602915454
0.03963963963963964  8.632950239737241  8.41814383620364
0.03968968968968969  6.370855314196956  6.181418321747238
0.03973973973973974  4.451063866960872  4.287335046359556
0.0397897897897898  2.874042883494139  2.736344464263812
0.03983983983983984  1.640169166913059  1.528811826488025
0.0398898898898899  0.7497224146479236  0.6650171061108068
0.03993993993993994  0.2028603186442629  0.1451549444360496
0.03998998998999  -0.000607286176045772  -0.0306653804203813
0.04004004004004004  0.1392036835397157  0.1375800358210754
0.04009009009009009  0.6231803055407257  0.6498297354144389
0.04014014014014014  1.451661312606755  1.505936931245728
0.04019019019019019  2.623842211596017  2.70566956134093
0.04024024024024024  4.139352823719979  4.248710365390593
0.04029029029029029  5.9977865008189  6.134656981680482
0.04034034034034034  8.198667483517951  8.363022066849066
0.04039039039039039  10.74144223415831  10.93323343608323
0.04044044044044044  13.62547617891876  13.84463422489847
0.04049049049049049  16.850052329166  17.09648307283486
0.04054054054054054  20.41437068302625  20.68795432771128
0.04059059059059059  24.31754799702459  24.61813827131726
0.04064064064064064  28.55861775501974  28.88604136673173
0.04069069069069069  33.13653025307988  33.490586525708
0.04074074074074074  38.05015275975702  38.43061339817592
0.04079079079079079  43.29826972987977  43.7048786819368
0.04084084084084084  48.8795830594446  49.31205645307664
0.04089089089089089  54.79271237433039  55.25073851783861
0.04094094094094095  61.03619534826753  61.519434784099
0.040990990990991  67.60848804718503  68.11657365422423
0.04104104104104105  74.50796529803898  75.04050243773258
0.04109109109109109  81.73292108075218  82.28948778435119
0.04114114114114115  89.28156894241431  89.86171613740191
0.04119119119119119  97.1520424329764  97.75529420691994
0.04124124124124125  105.3423955619852  105.968249462833
0.04129129129129129  113.8506032759144  114.4985306475932
0.04134134134134135  122.6745619557591  123.3440083086856
0.04139139139139139  131.812089934624  132.5024753502441
0.04144144144144144  141.2609280350611  141.9716476043875
0.04149149149149149  151.0187401258869  151.7491644208359
0.04154154154154154  161.083113698356  161.8325892764306
0.04159159159159159  171.451560461384  172.2194104026723
0.04164164164164164  182.1215169557503  182.907041431987
0.04169169169169169  193.0903451869936  193.8928220626973
0.04174174174174174  204.3553332768679  205.1740187417323
0.04179179179179179  215.9136961331951  216.7478253655937
0.04184184184184184  227.7625761378468  228.6113639990758
0.04189189189189189  239.8990438527972  240.7616856115959
0.04194194194194194  252.3200987439304  253.1957708309375
0.04199199199199199  265.0226699225302  265.9105307138884
0.04204204204204205  278.0036169041617  278.9028075342809
0.0420920920920921  291.2597303848133  292.1693755875116
0.04214214214214215  304.7877330341093  305.7069420114427
0.0421921921921922  318.5842803053175  319.5121476241634
0.04224224224224225  332.6459612620567  333.5815677767546
0.0422922922922923  346.96929942138  347.9117132229088
0.04234234234234235  361.5507536131218  362.4990310035747
0.0423923923923924  376.3867188552491  377.3399053469155
0.04244244244244245  391.4735272449694  392.4306585835641
0.0424924924924925  406.8074488654654  407.7675520763136
0.04254254254254254  422.384692707901  423.3467871647449
0.0425925925925926  438.2014076086023  439.1645061241074
0.04264264264264264  454.25368320108  455.2167931375918
0.04269269269269269  470.5375508827113  471.4996752832814
0.04274274274274274  487.0489847958391  488.009123533806
0.04279279279279279  503.7839028229827  504.7410537698195
0.04284284284284284  520.7381675960262  521.6913278056472
0.04289289289289289  537.907587519037  538.8557544283278
0.04294294294294294  555.2879178044769  556.2300904484338
0.04299299299299299  572.8748615226316  573.8100417632447
0.04304304304304304  590.664070663842  591.5912644315594
0.04309309309309309  608.6511472134583  609.5693657600534
0.04314314314314315  626.8316442391084  627.7399054004372
0.0431931931931932  645.2010669900516  646.098396458189
0.04324324324324325  663.7548740084213  664.6403066111253
0.0432932932932933  682.488478251921  683.3610592386049
0.04334334334334335  701.3972482278963  702.2560345605712
0.0433933933933934  720.4765091383061  721.3205707861929
0.04344344344344345  739.7215440354626  740.5499652718871
0.0434934934934935  759.127594988183  759.9394756882882
0.04354354354354355  778.6898642580245  779.4843211957235
0.0435935935935936  798.4035154854528  799.1796836285041
0.04364364364364365  818.2636748854634  819.0207086867503
0.0436936936936937  838.2654324525421  839.0025071361871
0.04374374374374375  858.4038431745103  859.1201560152865
0.0437937937937938  878.6739282550648  879.3686998495285
0.04384384384384385  899.070676344683  899.7431518718384
0.04389389389389389  919.5890447795172  920.2384952506502
0.04394394394394395  940.2239608281252  940.8496843225131
0.04399399399399399  960.9703229455164  961.5716458317218
0.04404404404404404  981.8230020344361  982.3992801744135
0.04409409409409409  1002.776842713402  1003.327462648251
0.04414414414414414  1023.82666459122  1024.351044706701
0.04419419419419419  1044.967263547763  1045.464855217645
0.04424424424424424  1066.193413020524  1066.663701725904
0.0442942942942943  1087.499865296772  1087.942371720088
0.04434434434434435  1108.881352810953  1109.295633901732
0.0443943943943944  1130.332589446924  1130.718239458559
0.04444444444444445  1151.848271844873  1152.204923339806
0.0444944944944945  1173.42308071241  1173.750405533941
0.04454454454454455  1195.051682139661  1195.349392348772
0.0445945945945946  1216.728728917963  1216.996577692629
0.04464464464464465  1238.4488618618  1238.686644357578
0.0446946946946947  1260.206711133795  1260.414265302875
0.04474474474474475  1281.996897572216  1282.174104939623
0.0447947947947948  1303.814034020908  1303.960820415757
0.04484484484484485  1325.652726661115  1325.769062900291
0.0448948948948949  1347.507576345127  1347.593478868342
0.04494494494494495  1369.373179930446  1369.428711384274
0.044994994994995  1391.244131616554  1391.269401384718
0.04504504504504505  1413.115024281139  1413.110188959598
0.0450950950950951  1434.98045081595  1434.945714632004
0.04514514514514515  1456.835005465257  1456.770620635303
0.0451951951951952  1478.673285160262  1478.579552188609
0.04524524524524524  1500.489890856656  1500.367158769069
0.0452952952952953  1522.279428868587  1522.128095381344
0.04534534534534534  1544.036512202222  1543.857023823294
0.0453953953953954  1565.755761887644  1565.548613948988
0.04544544544544545  1587.431808308627  1587.197544926306
0.0454954954954955  1609.059292530167  1608.798506491208
0.04554554554554555  1630.632867623392  1630.346200197131
0.0455955955955956  1652.147199987422  1651.835340659092
0.04564564564564565  1673.596970668031  1673.260656792822
0.0456956956956957  1694.976876672611  1694.616893048027
0.04574574574574575  1716.281632281231  1715.898810635889
0.0457957957957958  1737.505970353436  1737.101188750377
0.04584584584584585  1758.644643630391  1758.218825782725
0.0458958958958959  1779.6924260322  1779.246540529223
0.04594594594594595  1800.644113949911  1800.179173392054
0.045995995995996  1821.494527532  1821.011587572084
0.04604604604604605  1842.238511965007  1841.738670254533
0.0460960960960961  1862.870938747906  1862.355333786301
0.04614614614614615  1883.386706960075  1882.856516844637
0.0461961961961962  1903.78074452234  1903.23718559778
0.04624624624624625  1924.048009450977  1923.492334856174
0.0462962962962963  1944.183491104239  1943.616989214694
0.04634634634634635  1964.182211421096  1963.606204185202
0.0463963963963964  1984.039226152014  1983.455067319732
0.04644644644644645  2003.749626081271  2003.158699322947
0.0464964964964965  2023.308538240711  2022.712255155018
0.04654654654654655  2042.711127114444  2042.110925123211
0.0465965965965966  2061.952595834361  2061.349935963237
0.04664664664664665  2081.02818736608  2080.424551909334
0.0466966966966967  2099.933185684977  2099.330075752284
0.04674674674674675  2118.662916942217  2118.061849887092
0.0467967967967968  2137.212750620206  2136.615257347655
0.04684684684684685  2155.578100677443  2154.98572282984
0.0468968968968969  2173.754426682333  2173.1687137023
0.04694694694694695  2191.737234935715  2191.159741004285
0.046996996996997  2209.522079581896  2208.954360430913
0.04704704704704705  2227.104563707766  2226.548173305509
0.0470970970970971  2244.480340429913  2243.936827538273
0.04714714714714715  2261.645113969302  2261.116018571647
0.0471971971971972  2278.594640713352  2278.081490312245
0.04724724724724725  2295.324730265138  2294.829036048217
0.0472972972972973  2311.831246479379  2311.354499353179
0.04734734734734735  2328.110108485091  2327.653774975272
0.0473973973973974  2344.157291694529  2343.722809711915
0.04744744744744745  2359.968828798231  2359.557603269946
0.0474974974974975  2375.54081074594  2375.154209110453
0.04754754754754755  2390.869387713054  2390.508735278978
0.0475975975975976  2405.950770052536  2405.617345219981
0.04764764764764765  2420.781229231876  2420.476258576341
0.0476976976976977  2435.357098754986  2435.081751972667
0.04774774774774775  2449.674775068791  2449.430159783301
0.0477977977977978  2463.730718454209  2463.517874884148
0.04784784784784785  2477.521453901431  2477.341349388183
0.0478978978978979  2491.043571969161  2490.89709536544
0.04794794794794795  2504.293729627719  2504.181685545429
0.047997997997998  2517.268651085696  2517.19175400421
0.04804804804804805  2529.965128600016  2529.923996833963
0.0480980980980981  2542.380023269254  2542.375172796111
0.04814814814814815  2554.510265809885  2554.54210395716
0.0481981981981982  2566.352857315431  2566.421676308267
0.04824824824824825  2577.904869998194  2578.01084036648
0.0482982982982983  2589.163447913496  2589.306611759668
0.04834834834834835  2600.125807666205  2600.306071793562
0.0483983983983984  2610.789239099367  2611.006368001588
0.04844844844844845  2621.15110596488  2621.404714676703
0.0484984984984985  2631.208846575911  2631.498393386063
0.04854854854854855  2640.959974441067  2641.284753467431
0.0485985985985986  2650.402078880094  2650.761212508336
0.04864864864864865  2659.532825620999  2659.925256806483
0.0486986986986987  2668.349957378534  2668.774441813282
0.04874874874874875  2676.851294413873  2677.306392558224
0.0487987987987988  2685.034735075488  2685.518804055775
0.04884884884884885  2692.898256321127  2693.409441694173
0.0488988988988989  2700.439914220887  2700.976141605657
0.04894894894894895  2707.657844441441  2708.216811018595
0.048998998998999  2714.550262711445  2715.129428591474
0.04904904904904905  2721.115465268349  2721.712044728488
0.0490990990990991  2727.351829286843  2727.962781876521
0.04914914914914915  2733.257813289392  2733.879834804195
0.0491991991991992  2738.831957539541  2739.461470862374
0.04924924924924926  2744.072884418986  2744.706030225902
0.04929929929929931  2748.979298790066  2749.611926117635
0.04934934934934935  2753.549988346094  2754.177645013504
0.0493993993993994  2757.78382395356  2758.401746829507
0.04944944944944945  2761.679759992626  2762.282865089965
0.0494994994994995  2765.236834706928  2765.81970707783
0.04954954954954955  2768.454170581976  2769.011053966428
0.0495995995995996  2771.330974787829  2771.855760932754
0.04964964964964965  2773.866539756052  2774.352757252605
0.0496996996996997  2776.060244038638  2776.501046377483
0.04974974974974975  2777.911553790667  2778.29970599331
0.0497997997997998  2779.420025767903  2779.747888060615
0.04984984984984985  2780.585314580134  2780.844818837083
0.0498998998998999  2781.407196307071  2781.589798881703
0.04994994994994995  2781.885822264342  2781.982203040877
0.05  2782.021480545148  2782.021480416827
