1
101
201
301
401
501
601
701
801
901
1000
8001
8101
8201
8301
8401
8501
8601
8701
8801
8901
9000
72001
72101
72201
72301
72401
72501
72601
72701
72801
72901
73000
80001
80101
80201
80301
80401
80501
80601
80701
80801
80901
81000
40001
23000
58672
36858
44858
4342
36169
44186
76117
30504
24001
60001
56107
77000
20001
25590
4917
62536
41000
54622
19000
18440
62000
76558
27000
50343
8036
80970
753
72035
72255
971
72947
546
80755
58
8257
8441
80057
72746
8144
72366
80455
831
8366
80644
240
8952
8652
72833
470
8731
80239
15
80931
72530
80018
660
138
8828
80427
80156
8985
72331
8072
80277
72774
8476
72986
274
723
76876
572
8325
72225
8561
8775
8630
8875
378
72073
72475
8679
80725
8165
8227
80378
8524
72924
637
941
72143
72650
877
72450
80078
80782
72422
8013
80574
183
8419
784
8121
72281
321
72683
80840
80519
72009
8846
8283
80
156
356
486
72580
957
8750
80952
80622
78319
80821
36
80666
80221
8715
72966
72184
453
72052
80684
523
993
219
80359
72349
80888
72817
8051
120
72386
72848
80136
72634
80260
80993
8460
80040
80741
8387
739
72545
559
8966
72241
80917
8814
80486
8616
80413
72714
80174
8929
8088
72462
72889
8546
8244
72732
8350
415
72268
686
588
72159
8312
80470
849
72087
5888
72514
8763
72665
72129
72313
72565
80770
72612
80289
80867
8512
72762
26
8941
289
770
72212
8578
80028
428
673
820
80440
8212
72936
8664
8269
534
8177
4866
8023
80333
8132
80090
80655
72870
252
80551
927
72021
72790
8790
72912
72433
333
8432
72489
615
8976
80067
80249
80389
72590
711
192
