t  x_1  x_2
0  0  -0.0004215203487356364
5.005005005005005e-05  0.1389505868591688  0.1587577776620717
0.0001001001001001001  0.3098118587264757  0.3292692940803776
0.0001501501501501502  0.4880682558948526  0.5079806144985002
0.0002002002002002002  0.6695485209836533  0.6920620388155067
0.0002502502502502502  0.8526509566871047  0.879081454707152
0.0003003003003003003  1.036644082849021  1.06706782825102
0.0003503503503503504  1.221122116547521  1.254540911615587
0.0004004004004004004  1.405827357957987  1.440507370302667
0.0004504504504504505  1.590578889731847  1.624426061798829
0.0005005005005005005  1.775239524836545  1.806147432275654
0.0005505505505505506  1.959698809647058  1.985833744611314
0.0006006006006006007  2.143863561041045  2.163867963244185
0.0006506506506506507  2.327652271272502  2.340759515077343
0.0007007007007007008  2.510991625588518  2.517054806910669
0.0007507507507507507  2.693814247093072  2.693259365953911
0.0008008008008008008  2.876057185628823  2.869776902231715
0.0008508508508508509  3.057660875863276  3.046868642264491
0.0009009009009009009  3.238568401228898  3.22463415596138
0.000950950950950951  3.41872496302579  3.403012806664411
0.001001001001001001  3.598077490626775  3.581803098358059
0.001051051051051051  3.776574350887137  3.760695741510033
0.001101101101101101  3.954165128676601  3.939315327639279
0.001151151151151151  4.1308004592979  4.117265150642063
0.001201201201201201  4.306431899354864  4.294169935359861
0.001251251251251251  4.481011826518084  4.469711967071889
0.001301301301301301  4.654493361287788  4.643657246847899
0.001351351351351351  4.826830305696765  4.815869680533259
0.001401401401401402  4.997977095196887  4.986312780981124
0.001451451451451452  5.167888760904987  5.155039764007819
0.001501501501501501  5.336520900060449  5.322174107779698
0.001551551551551552  5.503829653044302  5.487883515453713
0.001601601601601602  5.669771685679477  5.652350706311976
0.001651651651651652  5.834304175809841  5.815744541484723
0.001701701701701702  5.99738480336661  5.978194690714059
0.001751751751751752  6.158971743292268  6.139772428287992
0.001801801801801802  6.319023660817087  6.300479299053984
0.001851851851851852  6.477499708680457  6.460244425250997
0.001901901901901902  6.634359525965787  6.618930241554041
0.001951951951951952  6.78956323827779  6.77634555133357
0.002002002002002002  6.943071459039288  6.932264076612578
0.002052052052052052  7.094845291722945  7.086446188542608
0.002102102102102102  7.244846332864384  7.238661287674037
0.002152152152152152  7.393036675728363  7.388708358759742
0.002202202202202202  7.539378914519966  7.536432531743008
0.002252252252252252  7.683836149049748  7.681735995089216
0.002302302302302303  7.826371989775427  7.824582269104583
0.002352352352352352  7.966950563154191  7.964993584414824
0.002402402402402403  8.10553651724921  8.103041849692515
0.002452452452452453  8.242095027541732  8.238834361205299
0.002502502502502502  8.376591802907022  8.37249594153251
0.002552552552552553  8.508993091717659  8.504149546274355
0.002602602602602603  8.639265688042654  8.633897513697937
0.002652652652652653  8.767376937914872  8.761805541182364
0.002702702702702703  8.893294745642395  8.887891163579933
0.002752752752752753  9.016987580142661  9.012118012712486
0.002802802802802803  9.138424481280458  9.134396503431429
0.002852852852852853  9.257575066193176  9.254590884058446
0.002902902902902903  9.37440953558848  9.372531880873494
0.002952952952952953  9.48889868000108  9.488033533186789
0.003003003003003003  9.601013885996876  9.600912327603107
0.003053053053053053  9.710727142313742  9.711006454371596
0.003103103103103103  9.818011045929383  9.818192962192011
0.003153153153153153  9.92283880804764  9.922400792181055
0.003203203203203203  10.02518425999529  10.02361811060222
0.003253253253253253  10.12502185902234  10.12189298956925
0.003303303303303304  10.22232669399913  10.21732723753817
0.003353353353353353  10.31707449100454  10.31006397241589
0.003403403403403404  10.40924161879955  10.4002702673861
0.003453453453453454  10.49880509418144  10.48811679439548
0.003503503503503503  10.58574258721383  10.57375676840373
0.003553553553553554  10.67003242632845  10.65730660701562
0.003603603603603604  10.75165360329462  10.73883054635379
0.003653653653653654  10.83058577805282  10.8183310111452
0.003703703703703704  10.90680928340912  10.8957458747704
0.003753753753753754  10.98030512958717  10.97095294151451
0.003803803803803804  11.05105500863497  11.0437811353656
0.003853853853853854  11.11904129868361  11.11402709114977
0.003903903903903904  11.18424706805573  11.18147521181177
0.003953953953953955  11.24665607922092  11.24591885843333
0.004004004004004004  11.30625279259638  11.3071802258781
0.004054054054054054  11.36302237019042  11.36512663966277
0.004104104104104105  11.41695067908711  11.41968146407518
0.004154154154154154  11.46802429477022  11.47082847856818
0.004204204204204204  11.51623050428497  11.5186093736113
0.004254254254254255  11.56155730923584  11.56311483787604
0.004304304304304304  11.60399342861916  11.60447045367034
0.004354354354354354  11.64352830148924  11.64281919643706
0.004404404404404405  11.68015208945657  11.67830267975168
0.004454454454454455  11.71385567901732  11.71104336416058
0.004504504504504504  11.74463068371284  11.74112975620203
0.004554554554554555  11.77246944611831  11.76860619729428
0.004604604604604605  11.79736503965974  11.79346824334713
0.004654654654654655  11.81931127025851  11.8156639467141
0.004704704704704705  11.8383026778027  11.83510066131372
0.004754754754754755  11.85433453744473  11.85165638363294
0.004804804804804805  11.86740286072465  11.8651941852607
0.004854854854854855  11.8775043965187  11.8755780311383
0.004904904904904905  11.8846366399431  11.88268822814597
0.004954954954954956  11.88879779655372  11.88643489915965
0.005005005005005005  11.88998684281114  11.88676819187033
0.005055055055055055  11.88820348330984  11.88368435613013
0.005105105105105106  11.88344816172499  11.87722729674593
0.005155155155155155  11.87572207353253  11.86748567021479
0.005205205205205205  11.86502711985579  11.85458599356425
0.005255255255255256  11.85136596972157  11.83868253666625
0.005305305305305306  11.83474202174699  11.81994496043067
0.005355355355355355  11.81515941170972  11.79854474499477
0.005405405405405406  11.79262301156441  11.77464144185071
0.005455455455455456  11.76713842828451  11.74836970850137
0.005505505505505505  11.73871200252987  11.7198279723787
0.005555555555555556  11.7073508071407  11.68906944658129
0.005605605605605606  11.67306264545851  11.65609609815781
0.005655655655655656  11.63585604947474  11.6208560524261
0.005705705705705706  11.59574027780785  11.58324479485881
0.005755755755755756  11.55272531350971  11.5431103874806
0.005805805805805806  11.50682186170239  11.50026272911193
0.005855855855855856  11.45804134704621  11.45448664218635
0.005905905905905906  11.40639591104025  11.4055582586568
0.005955955955955957  11.35189840915661  11.35326381592628
0.006006006006006006  11.29456240780971  11.2974195922692
0.006056056056056056  11.23440218116195  11.2378913593521
0.006106106106106107  11.17143270776758  11.17461146939226
0.006156156156156156  11.10566966705609  11.10759159216019
0.006206206206206206  11.0371294356571  11.03692923053874
0.006256256256256257  10.96582908356864  10.96280651079083
0.006306306306306307  10.89178637017097  10.88548037193411
0.006356356356356356  10.81501974008782  10.80526413563255
0.006406406406406407  10.73554831889793  10.72250145028074
0.006456456456456457  10.65339190869895  10.63753465932721
0.006506506506506506  10.56857098352675  10.55067060617278
0.006556556556556557  10.4811066846329  10.46214760761648
0.006606606606606607  10.39102081562368  10.37210766671356
0.006656656656656657  10.29833583746383  10.28057784890134
0.006706706706706707  10.20307486334876  10.18746406096353
0.006756756756756757  10.10526165344942  10.09255926864274
0.006806806806806807  10.00492060953379  9.995566559937128
0.006856856856856857  9.90207676946997  9.896135575148289
0.006906906906906907  9.796755801615786  9.793908908255689
0.006956956956956958  9.688983999100525  9.688573397449797
0.007007007007007007  9.578788274004832  9.579910026235897
0.007057057057057057  9.46619615144537  9.467835673698808
0.007107107107107108  9.351235763571584  9.352430332503513
0.007157157157157158  9.233935843482527  9.233944701253558
0.007207207207207207  9.114325719072593  9.112785176213103
0.007257257257257258  8.992435306815961  8.989476013316072
0.007307307307307308  8.86829510550063  8.864601491445573
0.007357357357357357  8.741936189924132  8.738733891618448
0.007407407407407408  8.613390204564482  8.612355593333335
0.007457457457457458  8.482689357241515  8.485785185489263
0.007507507507507507  8.349866412785747  8.359117887180291
0.007557557557557558  8.214954686733927  8.232189603814085
0.007607607607607608  8.077988039073281  8.104571612638276
0.007657657657657658  7.939000868059181  7.975599376736352
0.007707707707707708  7.798028104134575  7.84443470722365
0.007757757757757758  7.655105203983775  7.710155953158299
0.007807807807807808  7.510268144757839  7.57186670371453
0.007857857857857859  7.363553418514766  7.428810247071453
0.007907907907907909  7.214998026924409  7.280475272373313
0.007957957957957958  7.064639476296476  7.12667838706253
0.008008008008008008  6.912515772999426  6.967611083911998
0.008058058058058058  6.758665419350467  6.803842694467501
0.008108108108108109  6.603127410070607  6.63627620264895
0.008158158158158159  6.445941229416696  6.466059925100994
0.008208208208208209  6.28714684912334  6.294464194589256
0.008258258258258259  6.126784727313941  6.122737452498439
0.008308308308308308  5.964895808572426  5.951959769963701
0.008358358358358358  5.801521525407409  5.78291315713973
0.008408408408408409  5.636703801390806  5.615986749997909
0.008458458458458459  5.470485056316072  5.45113109640113
0.008508508508508509  5.302908213801379  5.287869682222762
0.00855855855855856  5.13401671186519  5.125368270265088
0.008608608608608608  4.963854517133042  4.962554556364046
0.008658658658658658  4.792466143504699  4.798273200472416
0.008708708708708709  4.619896676333633  4.631455569600084
0.008758758758758759  4.446191803464671  4.461280458961117
0.008808808808808809  4.271397854867896  4.287302237343356
0.00885885885885886  4.095561853135378  4.109526459404194
0.00890890890890891  3.91873157782775  3.928419684022045
0.008958958958958959  3.740955647653045  3.744849248192799
0.009009009009009009  3.562283625853134  3.559958901442092
0.009059059059059059  3.382766156152467  3.374996101229561
0.00910910910910911  3.202455139481715  3.191114953692848
0.00915915915915916  3.021403965890964  3.009183966277493
0.00920920920920921  2.839667822365327  2.829629027286573
0.00925925925925926  2.657304106907302  2.652338923336338
0.009309309309309309  2.474372994400999  2.476653433238237
0.009359359359359359  2.290938224213684  2.301443388592138
0.00940940940940941  2.107068220154899  2.125279388079278
0.00945945945945946  1.922837723479111  1.946672779412327
0.00950950950950951  1.738330245342779  1.764360908270155
0.009559559559559561  1.553641881574215  1.5776001935557
0.009609609609609611  1.368887502724233  1.386426678079591
0.009659659659659659  1.184211331428902  1.191845108842746
0.00970970970970971  0.9998062226800803  0.9959144017616256
0.00975975975975976  0.815951846302307  0.8017088766522873
0.00980980980980981  0.633099132638935  0.6131495632477294
0.009859859859859861  0.452088248524479  0.434716313563181
0.009909909909909911  0.2748494466253005  0.2710672691012131
0.00995995995995996  0.1059856790640152  0.1266052944229622
0.01001001001001001  -0.006974285302275056  0.005039477890892872
0.01006006006006006  -0.02506914563686183  -0.09100754300795584
0.01011011011011011  -0.03523034500344436  -0.160299359492748
0.01016016016016016  -0.04225530209007804  -0.2031553019412174
0.01021021021021021  -0.04763491178622106  -0.2214669002775033
0.01026026026026026  -0.05199924059695849  -0.2185561923503123
0.01031031031031031  -0.05567334625043249  -0.1988893296036795
0.01036036036036036  -0.05884700132524869  -0.167675996029525
0.01041041041041041  -0.0616407163299161  -0.130398565102926
0.01046046046046046  -0.06413583886517828  -0.09232297064901056
0.01051051051051051  -0.06638989207485603  -0.05804496134478881
0.01056056056056056  -0.06844506693405289  -0.03112057486145216
0.01061061061061061  -0.07033323662148787  -0.01381898346963259
0.01066066066066066  -0.07207907375909557  -0.007020752992716465
0.01071071071071071  -0.07370207177432399  -0.01026699598339877
0.01076076076076076  -0.07521790263354003  -0.02194714142051772
0.01081081081081081  -0.07663935647071876  -0.03959731713383827
0.01086086086086086  -0.07797700876532654  -0.06026955955953588
0.01091091091091091  -0.07923970474509756  -0.08092557856348319
0.01096096096096096  -0.08043491802695997  -0.09880823823610679
0.01101101101101101  -0.0815690207753494  -0.1117491089018739
0.01106106106106106  -0.08264749036461611  -0.1183805040205115
0.01111111111111111  -0.08367506966546644  -0.11823384876657
0.01116116116116116  -0.0846558929185192  -0.1117211720944623
0.01121121121121121  -0.08559358570398339  -0.1000109963977139
0.01126126126126126  -0.08649134515741409  -0.08482209832110628
0.01131131131131131  -0.08735200494184708  -0.06816709903538251
0.01136136136136136  -0.08817808832839831  -0.0520817401524943
0.01141141141141141  -0.08897185190726888  -0.03837478804392871
0.01146146146146146  -0.08973532184797234  -0.02842820382803093
0.01151151151151151  -0.09047032418397191  -0.02306849100917316
0.01156156156156156  -0.09117851026679216  -0.02251935228264564
0.01161161161161161  -0.09186137828642091  -0.02643450237234181
0.01166166166166166  -0.09252029156625742  -0.03399921371158212
0.01171171171171171  -0.09315649419629848  -0.04408119932136047
0.01176176176176176  -0.0937711244565025  -0.05540665221916705
0.01181181181181181  -0.09436522639512504  -0.0667360634029433
0.01186186186186186  -0.0949397598583977  -0.07701672003715707
0.01191191191191191  -0.09549560921377556  -0.08549396840883459
0.01196196196196196  -0.09603359096586089  -0.09177048638981697
0.01201201201201201  -0.09655446042956162  -0.09581081965881458
0.01206206206206206  -0.09705891759716292  -0.09789613450952807
0.01211211211211211  -0.09754761231340155  -0.09854049706191433
0.01216216216216216  -0.09802114885420757  -0.09838423692711661
0.01221221221221221  -0.09848008998967618  -0.09808167610192974
0.01226226226226226  -0.09892496059939912  -0.09819966800314195
0.01231231231231231  -0.09935625089800131  -0.09914032369451237
0.01236236236236236  -0.09977441932017313  -0.1010966168745161
0.01241241241241241  -0.10017989510736  -0.1040440502773455
0.01246246246246246  -0.1005730806322938  -0.1077660824258576
0.01251251251251251  -0.100954353492514  -0.1119063339952496
0.01256256256256256  -0.1013240683997957  -0.116037320845987
0.01261261261261261  -0.1016825588887912  -0.1197339514667626
0.01266266266266266  -0.1020301388651433  -0.1226403548062962
0.01271271271271271  -0.1023671040107192  -0.1245205748462396
0.01276276276276276  -0.1026937330613788  -0.125286863091603
0.01281281281281281  -0.1030102889707842  -0.1250031565016864
0.01286286286286286  -0.1033170199721003  -0.1238652299819263
0.01291291291291291  -0.103614160548023  -0.1221623833531729
0.01296296296296296  -0.1039019323183348  -0.1202279073211721
0.01301301301301301  -0.1041805448531226  -0.1183866946527087
0.01306306306306306  -0.1044501964188629  -0.116908150567774
0.01311311311311311  -0.1047110746637704  -0.1159711409171112
0.01316316316316316  -0.1049633572480969  -0.115645396786204
0.01321321321321321  -0.1052072124244488  -0.1158909806382965
0.01326326326326326  -0.1054427995726464  -0.1165745669187885
0.01331331331331331  -0.1056702696931687  -0.1174988279340533
0.01336336336336336  -0.1058897658628066  -0.1184394848757258
0.01341341341341341  -0.1061014236557727  -0.1191837931437929
0.01346346346346346  -0.1063053715331865  -0.119564435546943
0.01351351351351351  -0.1065017312035607  -0.1194838995578947
0.01356356356356356  -0.1066906179566532  -0.1189261910306028
0.01361361361361361  -0.1068721409728196  -0.1179548762439307
0.01366366366366366  -0.107046403609791  -0.1166986021256379
0.01371371371371371  -0.1072135036686205  -0.1153270953327806
0.01376376376376376  -0.1073735336403734  -0.1140219251286871
0.01381381381381381  -0.10752658093499  -0.1129468736586917
0.01386386386386386  -0.1076727280936152  -0.1122225493822453
0.01391391391391392  -0.107812052985569  -0.1119089806561612
0.01396396396396397  -0.1079446289910251  -0.1119985111081198
0.01401401401401401  -0.1080705251703653  -0.1124196273476047
0.01406406406406406  -0.1081898064210891  -0.1130506509926436
0.01411411411411411  -0.1083025336230794  -0.1137407749871744
0.01416416416416416  -0.10840876377295  -0.1143349222756517
0.01421421421421422  -0.1085085501081337  -0.1146984787800186
0.01426426426426427  -0.1086019422213131  -0.1147381363322135
0.01431431431431432  -0.108688986165734  -0.1144158171838022
0.01436436436436436  -0.1087697245518977  -0.1137538044138593
0.01441441441441441  -0.108844196636075  -0.112830582576452
0.01446446446446446  -0.1089124384010459  -0.1117682874409605
0.01451451451451452  -0.1089744826294268  -0.1107138686329795
0.01456456456456457  -0.10903035896991  -0.1098169180518553
0.01461461461461462  -0.109080093996707  -0.1092075034014577
0.01466466466466467  -0.1091237112624521  -0.1089772350338692
0.01471471471471471  -0.1091612313447942  -0.1091662233889183
0.01476476476476477  -0.1091926718868766  -0.1097576551553158
0.01481481481481482  -0.1092180476318738  -0.1106805760895633
0.01486486486486487  -0.1092373704517324  -0.1118202873975681
0.01491491491491492  -0.1092506494779322  -0.1130347083307343
0.01496496496496497  -0.1092578906056208  -0.1141742723885794
0.01501501501501501  -0.1092590974567607  -0.1151025063738148
0.01506506506506507  -0.1092542705931712  -0.1157144333686904
0.01511511511511512  -0.1092434076989611  -0.1159503269782985
0.01516516516516517  -0.1092265036452072  -0.1158030560174252
0.01521521521521522  -0.1092035506701206  -0.1153181860830676
0.01526526526526527  -0.1091745379905259  -0.1145870124782708
0.01531531531531532  -0.1091394520150267  -0.1137336481470455
0.01536536536536537  -0.1090982762644436  -0.11289805468197
0.01541541541541542  -0.109050991339613  -0.1122173883073586
0.01546546546546547  -0.1089975748833028  -0.1118081815194292
0.01551551551551552  -0.1089380015360895  -0.111751687100313
0.01556556556556557  -0.1088722428860038  -0.1120842127221751
0.01561561561561562  -0.1088002674117335  -0.1127935484867872
0.01566566566566567  -0.1087220404191362  -0.1138217411060862
0.01571571571571572  -0.1086375239707834  -0.1150736143032218
0.01576576576576577  -0.1085466768082287  -0.1164296897386843
0.01581581581581582  -0.1084494542666494  -0.1177616226978323
0.01586586586586586  -0.108345808181477  -0.1189479985020731
0.01591591591591592  -0.1082356867865891  -0.1198883676856851
0.01596596596596597  -0.1081190346035886  -0.1205137183564975
0.01601601601601602  -0.1079957923216472  -0.1207921423228607
0.01606606606606607  -0.1078658966673383  -0.1207291659593949
0.01611611611611612  -0.1077292802638223  -0.1203629858865182
0.01616616616616617  -0.1075858714786876  -0.119755565652264
0.01621621621621622  -0.1074355942596742  -0.11898111316468
0.01626626626626627  -0.1072783679574381  -0.1181137917192475
0.01631631631631632  -0.1071141071344197  -0.1172165744749608
0.01636636636636637  -0.1069427213587936  -0.1163329260785469
0.01641641641641642  -0.1067641149823684  -0.1154825191680395
0.01646646646646647  -0.1065781869011919  -0.114661536852894
0.01651651651651652  -0.1063848302974886  -0.1138473715621081
0.01656656656656657  -0.106183932361415  -0.1130068163580617
0.01661661661661662  -0.1059753739909586  -0.1121062662593674
0.01666666666666667  -0.1057590294681308  -0.1111220964014386
0.01671671671671672  -0.1055347661094065  -0.1100493218431505
0.01676676676676677  -0.1053024438881391  -0.1089068897921596
0.01681681681681682  -0.1050619150264359  -0.1077384817785429
0.01686686686686687  -0.1048130235536943  -0.1066084389357047
0.01691691691691692  -0.1045556048286887  -0.1055932596867051
0.01696696696696697  -0.1042894850217396  -0.1047699253639741
0.01701701701701702  -0.1040144805530965  -0.1042029516928892
0.01706706706706707  -0.1037303974832103  -0.1039324259817107
0.01711711711711712  -0.1034370308500534  -0.1039652910614463
0.01716716716716717  -0.1031341639480588  -0.104271749630571
0.01721721721721722  -0.102821567542575  -0.1047879194539308
0.01726726726726727  -0.1024989990129712  -0.1054248646679495
0.01731731731731732  -0.1021662014166442  -0.1060830062519117
0.01736736736736737  -0.1018229024651696  -0.1066698535364189
0.01741741741741742  -0.1014688134026809  -0.1071181836028722
0.01746746746746747  -0.1011036277752127  -0.1074013899469985
0.01751751751751752  -0.1007270200781968  -0.1075428383807753
0.01756756756756757  -0.1003386442674933  -0.1076167452501127
0.01761761761761762  -0.09993813211724401  -0.1077392801788482
0.01766766766766767  -0.09952509140538515  -0.1080501524518134
0.01771771771771772  -0.09909910390478864  -0.1086866487948353
0.01776776776776777  -0.09865972315463167  -0.1097536824428125
0.01781781781781782  -0.09820647198262671  -0.1112946077783667
0.01786786786786787  -0.09773883974404224  -0.1132681021722386
0.01791791791791792  -0.09725627923787444  -0.1155361436031315
0.01796796796796797  -0.09675820325388228  -0.1178669593126268
0.01801801801801802  -0.0962439806962512  -0.119954863853509
0.01806806806806807  -0.09571293222010656  -0.1214563617819789
0.01811811811811812  -0.0951643253055717  -0.1220391005234521
0.01816816816816817  -0.09459736868010761  -0.1214376447126673
0.01821821821821822  -0.0940112059828655  -0.1195080503168356
0.01826826826826827  -0.09340490854397276  -0.1162722467298819
0.01831831831831832  -0.09277746712606286  -0.1119435748222135
0.01836836836836837  -0.09212778244367724  -0.1069265922055783
0.01841841841841842  -0.09145465423672437  -0.1017873449594137
0.01846846846846847  -0.0907567686248089  -0.09719439787852512
0.01851851851851852  -0.09003268340696335  -0.09383549631504018
0.01856856856856857  -0.08928081089230024  -0.09231914771335631
0.01861861861861862  -0.0884993977460122  -0.09307395513544353
0.01866866866866867  -0.0876865012048679  -0.09626055681461905
0.01871871871871872  -0.08683996084699409  -0.1017110345257089
0.01876876876876877  -0.08595736487858947  -0.1089084121371669
0.01881881881881882  -0.08503600960604854  -0.1170144548063333
0.01886886886886887  -0.08407285036831764  -0.1249478168980989
0.01891891891891892  -0.08306444167170819  -0.1315074000866629
0.01896896896896897  -0.08200686353993461  -0.1355285277982146
0.01901901901901902  -0.08089563008017235  -0.1360532812389369
0.01906906906906907  -0.07972557484172153  -0.1324920956034226
0.01911911911911912  -0.07849070550844495  -0.124752304214994
0.01916916916916917  -0.07718401750733879  -0.1133112255890272
0.01921921921921922  -0.07579725173340175  -0.09921665732099239
0.01926926926926927  -0.07432057496527988  -0.0840058324659044
0.01931931931931932  -0.07274215129516816  -0.06954411334298244
0.01936936936936937  -0.07104755662308447  -0.057795687855517
0.01941941941941942  -0.06921896167057046  -0.05054883107480293
0.01946946946946947  -0.06723396404586054  -0.04912642672351838
0.01951951951951952  -0.0650638710803598  -0.05411713546696187
0.01956956956956957  -0.06267109010936324  -0.06516296990268841
0.01961961961961962  -0.06000500752297865  -0.08083475171684316
0.01966966966966967  -0.05699515496555512  -0.09861826736570976
0.01971971971971972  -0.05353920839107684  -0.1150217998844337
0.01976976976976977  -0.04948026516739012  -0.1258015102594564
0.01981981981981982  -0.04455937837669984  -0.1262866311571094
0.01986986986986987  -0.03830189456582508  -0.1117734946382976
0.01991991991991992  -0.02968380857290015  -0.07794778217173395
0.01996996996996997  -0.01584640550667257  -0.02128941859516412
0.02002002002002002  0.0403252497555077  0.06058498695884315
0.02007007007007007  0.2059906712333542  0.1686812372241287
0.02012012012012012  0.3805498066140782  0.3025163611221438
0.02017017017017017  0.5603943675156406  0.460150827849353
0.02022022022022022  0.7426465527486791  0.6383615271199676
0.02027027027027027  0.9261686553189109  0.8329367850372996
0.02032032032032032  1.110393824285007  1.039060824130309
0.02037037037037037  1.294988337812035  1.251745182130882
0.02042042042042042  1.479730846869805  1.466259891191591
0.02047047047047047  1.664460710118584  1.678518225905175
0.02052052052052052  1.849052932995743  1.885375349625111
0.02057057057057057  2.033404835443158  2.084812313144938
0.02062062062062062  2.217428430634624  2.275991099443009
0.02067067067067067  2.401045822879309  2.459181906594504
0.02072072072072072  2.584186293558518  2.635578645588001
0.02077077077077077  2.766784386878341  2.80703087634328
0.02082082082082082  2.948778611687993  2.975728674284637
0.02087087087087087  3.130110537224959  3.143880335160835
0.02092092092092092  3.310724148727813  3.313421171204147
0.02097097097097097  3.490565379185019  3.485785375596653
0.02102102102102102  3.669581763334199  3.661763061390247
0.02107107107107107  3.84772217830946  3.841452560885302
0.02112112112112112  4.024936646858127  4.024305555246908
0.02117117117117117  4.201176186500069  4.209251223176611
0.02122122122122122  4.37639269293041  4.394876746133001
0.02127127127127127  4.550538849294131  4.579636169136825
0.02132132132132132  4.723568055249199  4.762058254179308
0.02137137137137137  4.8954343713345  4.940926489040515
0.02142142142142142  5.066092475296467  5.115410230435843
0.02147147147147147  5.23549762784614  5.285134072233213
0.02152152152152152  5.403605645916142  5.450181702603375
0.02157157157157157  5.570372881928759  5.611039456424876
0.02162162162162162  5.735756207914671  5.76849230955948
0.02167167167167167  5.89971300357213  5.923490299059176
0.02172172172172172  6.062201147544052  6.077005762243227
0.02177177177177177  6.223179011337729  6.229901262634622
0.02182182182182182  6.382605455423455  6.382824911763192
0.02187187187187187  6.540439827137358  6.536144638424645
0.02192192192192192  6.696641960082856  6.689926660834923
0.02197197197197197  6.851172174780176  6.843956932066193
0.02202202202202202  7.003991280357346  6.997798557897406
0.02207207207207207  7.155060577111461  7.15087386356754
0.02212212212212212  7.304341859797077  7.302557389767077
0.02217217217217217  7.451797421522487  7.452265803382415
0.02222222222222222  7.597390058152403  7.599532384844521
0.02227227227227227  7.741083073132516  7.744057008437315
0.02232232232232232  7.882840282662645  7.885726782919077
0.02237237237237237  8.022626021157047  8.024607092811465
0.02242242242242242  8.160405146938642  8.160907009402822
0.02247247247247247  8.296143048121275  8.294926359366691
0.02252252252252252  8.429805648640709  8.426993754129979
0.02257257257257258  8.561359414399805  8.557405414929949
0.02262262262262262  8.690771359498026  8.686373719321777
0.02267267267267267  8.818009052519292  8.813992286648269
0.02272272272272272  8.943040622854669  8.940221504524887
0.02277277277277277  9.065834767040363  9.064895151073211
0.02282282282282282  9.186360755092402  9.187745674040363
0.02287287287287287  9.304588436822552  9.308443174872274
0.02292292292292292  9.420488248121206  9.426641525663396
0.02297297297297297  9.53403121719435  9.542024482526028
0.02302302302302302  9.645188970743693  9.654345151796639
0.02307307307307307  9.753933740079237  9.763453568004579
0.02312312312312313  9.860238367155661  9.869309189524577
0.02317317317317318  9.964076310523614  9.971977473114126
0.02322322322322323  10.06542165118875  10.07161199715224
0.02327327327327327  10.16424909837154  10.16842554304816
0.02332332332332332  10.26053399516146  10.26265486824389
0.02337337337337337  10.35425232405998  10.35452447029029
0.02342342342342342  10.44538071240695  10.4442144243962
0.02347347347347347  10.53389643768566  10.53183646305123
0.02352352352352352  10.61977743270211  10.61742103386087
0.02357357357357357  10.70300229063423  10.70091635829719
0.02362362362362362  10.78355026994752  10.78219877952683
0.02367367367367368  10.86140129917326  10.86109217573001
0.02372372372372373  10.9365359815464  10.93739312131367
0.02377377377377378  11.00893559949973  11.01089792450404
0.02382382382382383  11.0785821190118  11.08142769389152
0.02387387387387388  11.14545819380584  11.14884814300775
0.02392392392392393  11.20954716939722  11.2130818143875
0.02397397397397397  11.27083308698726  11.27411162677728
0.02402402402402402  11.32930068720126  11.33197593262922
0.02407407407407407  11.38493541366859  11.38675643454758
0.02412412412412412  11.43772341644342  11.4385611964155
0.02417417417417417  11.48765155526383  11.48750549446543
0.02422422422422423  11.53470740264821  11.53369334291875
0.02427427427427428  11.57887924682718  11.57720221688408
0.02432432432432433  11.62015609450969  11.61807285541804
0.02437437437437438  11.65852767348216  11.65630517343271
0.02442442442442443  11.69398443503933  11.69186037734396
0.02447447447447448  11.72651755624584  11.72466850180652
0.02452452452452453  11.75611894202752  11.75463988155402
0.02457457457457458  11.7827812270915  11.78167862841482
0.02462462462462462  11.80649777767426  11.8056960420917
0.02467467467467467  11.82726269311701  11.82662204243541
0.02472472472472472  11.84507080726763  11.84441312769042
0.02477477477477477  11.85991768970855  11.85905596198232
0.02482482482482483  11.87179964681028  11.87056638101288
0.02487487487487488  11.88071372260988  11.87898427668432
0.02492492492492493  11.88665770616784  11.88436538698488
0.02497497497497498  11.88963010118575  11.88677140479058
0.02502502502502503  11.88963017940924  11.8862599846226
0.02507507507507508  11.88665794039446  11.88287615864368
0.02512512512512513  11.88071412914481  11.87664639291456
0.02517517517517518  11.87180022245691  11.86757607036974
0.02522522522522523  11.85991842957706  11.85565064601217
0.02527527527527528  11.84507171117166  11.84084016069315
0.02532532532532533  11.82726376082886  11.8231063004696
0.02537537537537538  11.80649900892495  11.80241081695482
0.02542542542542543  11.78278262157084  11.77872392994452
0.02547547547547548  11.75612049938416  11.75203134239801
0.02552552552552553  11.72651927608734  11.72233870806434
0.02557557557557558  11.69398631693227  11.68967277507287
0.02562562562562563  11.65852971695221  11.65407893288873
0.02567567567567568  11.62015829904175  11.61561544587342
0.02572572572572573  11.57888161186544  11.57434518629728
0.02577577577577578  11.53470992759631  11.53032610583402
0.02582582582582583  11.48765423948498  11.48360194129204
0.02587587587587588  11.43772625926053  11.43419469188567
0.02592592592592593  11.38493841436443  11.38210021396233
0.02597597597597598  11.32930384501856  11.32728786917316
0.02602602602602603  11.27083640112897  11.26970458062186
0.02607607607607608  11.20955063902656  11.20928297420752
0.02612612612612613  11.14546181804659  11.14595260509605
0.02617617617617618  11.0785858969484  11.07965269595865
0.02622622622622623  11.00893953017752  11.01034444172145
0.02627627627627628  10.93654006397179  10.93802084076202
0.02632632632632633  10.86140553231393  10.8627122349041
0.02637637637637638  10.78355465273265  10.78448627507445
0.02642642642642643  10.70300682195472  10.70344182157931
0.02647647647647648  10.61978211141077  10.61969723692849
0.02652652652652653  10.53390126259749  10.53337449887749
0.02657657657657658  10.44538568229932  10.44458139791558
0.02662662662662663  10.35425743767292  10.35339463750327
0.02667667667667668  10.26053925119783  10.25984680675385
0.02672672672672673  10.16425449549733  10.1639198752058
0.02677677677677678  10.06542718803334  10.06554706770218
0.02682682682682683  9.964081985679975  9.964623790147069
0.02687687687687688  9.860244179180665  9.86102684271877
0.02692692692692693  9.753939687493821  9.75463968145722
0.02697697697697698  9.64519505203322  9.645380207562949
0.02702702702702703  9.5340374308088  9.533226707140157
0.02707707707707708  9.420494592475421  9.418237320986771
0.02712712712712713  9.304594910296549  9.300558905151162
0.02717717717717718  9.186367356031516  9.180422354963842
0.02722722722722723  9.065841493755606  9.058123297856728
0.02727727727727728  8.943047473622835  8.933989291062677
0.02732732732732733  8.818016025583288  8.808336978164169
0.02737737737737738  8.690778453067031  8.681424703455328
0.02742742742742743  8.561366626649464  8.553407498761281
0.02747747747747748  8.429812977713361  8.424301847676878
0.02752752752752753  8.29615049212607  8.293967015159051
0.02757757757757758  8.160412703951705  8.162107978716854
0.02762762762762763  8.022633689221609  8.028302259292678
0.02767767767767768  7.882848059789097  7.892049543780233
0.02772772772772773  7.741090957298509  7.752839373300107
0.02777777777777778  7.597398047302785  7.610228878941182
0.02782782782782783  7.451805513569357  7.463920121571695
0.02787787787787788  7.304350052619631  7.313825497840569
0.02792792792792793  7.155068868555832  7.160110215296306
0.02797797797797798  7.00399966823645  7.00320309955823
0.02802802802802803  6.851180656873254  6.843770803885553
0.02807807807807808  6.696650534135209  6.682655421496189
0.02812812812812813  6.540448490859665  6.520780916432859
0.02817817817817818  6.382614206491163  6.359038918392989
0.02822822822822823  6.223187847390198  6.198168470567161
0.02827827827827828  6.062210066183439  6.03864656786179
0.02832832832832833  5.899722002362208  5.880606273336635
0.02837837837837838  5.735765284379147  5.723796652830814
0.02842842842842843  5.570382033549441  5.567593879878743
0.02847847847847848  5.403614870130652  5.411066159959888
0.02852852852852853  5.235506922045031  5.25308744826374
0.02857857857857858  5.066101836819984  5.092487350322207
0.02862862862862863  4.895443797468271  4.928218238613729
0.02867867867867868  4.723577543219462  4.759516540800052
0.02872872872872873  4.550548396261462  4.58603415342235
0.02877877877877878  4.376402295982361  4.407918411596257
0.02882882882882883  4.201185842641872  4.225824918107375
0.02887887887887888  4.024946353001301  4.040856209932731
0.02892892892892893  3.847731931257579  3.854429659622609
0.02897897897897898  3.669591559764978  3.668088775314747
0.02902902902902903  3.490575215627475  3.483281619795719
0.02907907907907908  3.310734021533255  3.301136919889878
0.02912912912912913  3.130120442529026  3.122271372464658
0.02917917917917918  2.94878854536111  2.946659947526554
0.02922922922922923  2.766794344459525  2.77359454243088
0.02927927927927928  2.584196270165771  2.601745736786928
0.02932932932932933  2.401055813086054  2.429328859537268
0.02937937937937938  2.217438428295277  2.254360836897819
0.02942942942942943  2.033414833441416  2.074980355527305
0.02947947947947948  1.849062922869971  1.889792772461049
0.02952952952952953  1.664470680767242  1.698194673442628
0.02957957957957958  1.479740785343365  1.500632218164453
0.02962962962962963  1.294998226112369  1.298752861056957
0.02967967967967968  1.11040363680788  1.095421297777732
0.02972972972972973  0.9261783527950115  0.8945863266977014
0.02977977977977978  0.74265606845623  0.7010038041289861
0.02982982982982983  0.5604035693108745  0.5198396332849098
0.02987987987987988  0.3805583509412372  0.3561932475503362
0.02992992992992993  0.2059977457764364  0.2145940292100237
0.02997997997997998  0.04032864337545704  0.0985287873269529
0.03003003003003003  -0.01584562674488179  0.01005684593963079
0.03008008008008008  -0.02968354184095354  -0.05043953427473501
0.03013013013013013  -0.03830157671106701  -0.08433678453278988
0.03018018018018018  -0.04455910763318856  -0.09467063563457134
0.03023023023023023  -0.0494800369166473  -0.08586415226593712
0.03028028028028028  -0.05353901270804203  -0.06331237175870177
0.03033033033033033  -0.05699498420993698  -0.03286998406323319
0.03038038038038038  -0.06000485625395224  -0.0003000371613154758
0.03043043043043043  -0.06267095442851407  0.02925400161373571
0.03048048048048048  -0.06506374776134945  0.05171389143739445
0.03053053053053053  -0.06723385143302275  0.06438168314850118
0.03058058058058058  -0.06921885807771828  0.06609238616916673
0.03063063063063063  -0.07104746073805045  0.05719252764767981
0.03068068068068068  -0.07274206207688502  0.03935401081573387
0.03073073073073073  -0.07432049157392294  0.01525208943426185
0.03078078078078078  -0.07579717348163194  -0.01184845691641766
0.03083083083083083  -0.07718394382547469  -0.03854557094640208
0.03088088088088088  -0.0784906359190272  -0.06173490289796828
0.03093093093093093  -0.07972550894060865  -0.07897657670288598
0.03098098098098098  -0.08089556752224256  -0.08875368841710909
0.03103103103103103  -0.08200680402811732  -0.09059793186872013
0.03108108108108108  -0.08306438494844881  -0.08507555309365977
0.03113113113113113  -0.08407279620886077  -0.07364460959811964
0.03118118118118118  -0.08503595781309375  -0.0584099648393628
0.03123123123123123  -0.08595731527799218  -0.04181370162036183
0.03128128128128128  -0.08683991328427643  -0.0263044503834504
0.03133133133133133  -0.08768645554236966  -0.01402903562732319
0.03138138138138138  -0.08849935386053343  -0.006584182481988985
0.03143143143143143  -0.08928076867314957  -0.004855847655862436
0.03148148148148149  -0.09003264275432146  -0.008960633843953575
0.03153153153153153  -0.09075672944835469  -0.0182895999440894
0.03158158158158159  -0.09145461645447173  -0.03164150492049278
0.03163163163163163  -0.09212774598098296  -0.04742180593164686
0.03168168168168169  -0.09277743191478117  -0.06387681613713277
0.03173173173173173  -0.09340487452172562  -0.07932997916735796
0.03178178178178179  -0.09401117309241645  -0.09238926739138503
0.03183183183183183  -0.0945973368688157  -0.1021006937510765
0.03188188188188189  -0.09516429452491816  -0.1080317920846126
0.03193193193193193  -0.09571290242528031  -0.1102793053556793
0.03198198198198199  -0.09624395184578567  -0.1094057512933189
0.03203203203203203  -0.09675817530933646  -0.1063186293994036
0.03208208208208209  -0.09725625216355112  -0.1021126809794794
0.03213213213213213  -0.09773881350673704  -0.09789910293131854
0.03218218218218218  -0.09820644655140867  -0.09464570074097456
0.03223223223223223  -0.09865969850064479  -0.09304886728694786
0.03228228228228228  -0.09909908000107598  -0.09345261695547545
0.03233233233233233  -0.09952506822673181  -0.09582260842263571
0.03238238238238238  -0.09993810964003493  -0.09977522521450277
0.03243243243243243  -0.1003386224695874  -0.1046544223712522
0.03248248248248248  -0.1007269989388118  -0.1096431217418469
0.03253253253253253  -0.101103607274822  -0.113892127468147
0.03258258258258259  -0.1014687935229203  -0.1166481949411225
0.03263263263263264  -0.1018228831887521  -0.1173640330559892
0.03268268268268269  -0.102166182727284  -0.1157763411702891
0.03273273273273274  -0.1024989808953129  -0.1119429096040904
0.03278278278278279  -0.1028215499821301  -0.1062356094311832
0.03283283283283284  -0.1031341469311478  -0.09929196588906006
0.03288288288288288  -0.1034370143637524  -0.09193319702259509
0.03293293293293294  -0.1037303815153025  -0.08506048918411976
0.03298298298298298  -0.1040144650920275  -0.07954346258483401
0.03303303303303304  -0.1042894700565768  -0.07611508449926703
0.03308308308308308  -0.104555590349083  -0.0752857920122289
0.03313313313313314  -0.1048130095498465  -0.07728658692374361
0.03318318318318318  -0.1050619014890641  -0.08204682623205929
0.03323323323323324  -0.1053024308084498  -0.08920791444512889
0.03328328328328328  -0.1055347534790672  -0.09816969331270572
0.03333333333333334  -0.1057590172792452  -0.1081625541688687
0.03338338338338338  -0.1059753622360431  -0.1183355892064391
0.03343343343343344  -0.1061839210333781  -0.127849715761957
0.03348348348348348  -0.1063848193896101  -0.1359647390054269
0.03353353353353353  -0.1065781764071055  -0.1421106732177456
0.03358358358358358  -0.1067641048960439  -0.1459360753277348
0.03363363363363363  -0.1069427116745217  -0.1473292963421717
0.03368368368368369  -0.1071140978467972  -0.1464120020154238
0.03373373373373374  -0.1072783590613543  -0.1435076192894509
0.03378378378378379  -0.1074355857502981  -0.1390901392139963
0.03383383383383384  -0.1075858633514567  -0.1337206477554505
0.03388388388388389  -0.1077292725144315  -0.1279798804857777
0.03393393393393394  -0.1078658892917296  -0.1224049576349272
0.03398398398398399  -0.107995785316001  -0.1174373374324944
0.03403403403403404  -0.1081190279643145  -0.1133871280984134
0.03408408408408409  -0.1082356805103182  -0.1104165063011234
0.03413413413413414  -0.1083458022650542  -0.1085424308523388
0.03418418418418419  -0.1084494487071269  -0.1076564444692777
0.03423423423423423  -0.1085466716028596  -0.1075574134465842
0.03428428428428429  -0.1086375191170158  -0.1079917805325849
0.03433433433433433  -0.1087220359146079  -0.1086954184297119
0.03438438438438439  -0.1088002632542673  -0.1094314807973225
0.03443443443443443  -0.1088722390736025  -0.1100196618510121
0.03448448448448449  -0.1089379980669326  -0.1103538159908626
0.03453453453453453  -0.1089975717557423  -0.1104067181348779
0.03458458458458459  -0.1090509885521702  -0.1102226017608631
0.03463463463463463  -0.1090982738158066  -0.109899744457579
0.03468468468468468  -0.109139449904047  -0.1095665733329764
0.03473473473473473  -0.109174536216217  -0.1093553978531889
0.03478478478478478  -0.1092035492316553  -0.1093778931900184
0.03483483483483484  -0.1092265025419169  -0.1097058886402211
0.03488488488488489  -0.1092434069604947  -0.110359977906758
0.03493493493493494  -0.1092542701951636  -0.1113071352975003
0.03498498498498499  -0.1092590973647447  -0.1124671014762009
0.03503503503503504  -0.1092578908200341  -0.1137260033808076
0.03508508508508509  -0.109250649998445  -0.1149546773560337
0.03513513513513514  -0.1092373713541735  -0.116028601698125
0.03518518518518519  -0.1092180488691638  -0.116846275442037
0.03523523523523524  -0.1091926734595902  -0.1173432899915429
0.03528528528528529  -0.1091612332536633  -0.1175001447503157
0.03533533533533534  -0.1091237135083673  -0.1173429178579391
0.03538538538538539  -0.1090800965807194  -0.1169370464611455
0.03543543543543544  -0.1090303618932331  -0.1163755199644441
0.03548548548548549  -0.108974485893439  -0.1157635876251104
0.03553553553553554  -0.1089124420072933  -0.115202516270489
0.03558558558558559  -0.108844200586274  -0.1147749520814843
0.03563563563563564  -0.1087697288479392  -0.1145340561931293
0.03568568568568568  -0.1086889908096865  -0.114497873515876
0.03573573573573574  -0.1086019472154273  -0.1146494830453188
0.03578578578578578  -0.1085085554548472  -0.1149425195645655
0.03583583583583584  -0.1084087694748918  -0.115310808025194
0.03588588588588588  -0.1083025396830763  -0.1156802481372804
0.03593593593593594  -0.1081898128421708  -0.1159808198125363
0.03598598598598599  -0.1080705319557717  -0.1161566844929298
0.03603603603603604  -0.1079446361442128  -0.1161728050085516
0.03608608608608609  -0.107812060510219  -0.1160172119987023
0.03613613613613614  -0.1076727359936414  -0.115698879868123
0.03618618618618619  -0.1075265892145482  -0.1152419903357256
0.03623623623623624  -0.1073735423038703  -0.1146780116235196
0.03628628628628629  -0.1072135127207247  -0.1140373899866349
0.03633633633633634  -0.1070464130554438  -0.1133426707033773
0.03638638638638639  -0.1068721508172472  -0.1126045326343077
0.03643643643643644  -0.1066906282053797  -0.1118215925752575
0.03648648648648649  -0.1065017418624219  -0.1109840264569943
0.03653653653653654  -0.106305382608345  -0.1100802141098199
0.03658658658658659  -0.1061014351537343  -0.1091049040184761
0.03663663663663664  -0.1058897777904376  -0.1080669582060607
0.03668668668668669  -0.1056702820577151  -0.1069946752569962
0.03673673673673674  -0.1054428123817542  -0.1059370377053135
0.03678678678678679  -0.1052072256861859  -0.1049599505488877
0.03683683683683684  -0.1049633709709771  -0.1041375207275354
0.03688688688688689  -0.1047110888567792  -0.103539506081548
0.03693693693693694  -0.1044502110914854  -0.1032170385035868
0.03698698698698699  -0.1041805600153742  -0.1031894030483072
0.03703703703703703  -0.1039019479807935  -0.1034348726567896
0.03708708708708709  -0.1036141767218654  -0.1038882644348098
0.03713713713713714  -0.1033170366691409  -0.1044469956182476
0.03718718718718719  -0.1030103062035168  -0.1049860710644628
0.03723723723723724  -0.1026937508430236  -0.1053808159375205
0.03728728728728729  -0.1023671223552724  -0.105534531178103
0.03733733733733734  -0.1020301577874332  -0.1054068802642922
0.03738738738738739  -0.1016825784045372  -0.1050379844563359
0.03743743743743744  -0.1013240885256755  -0.1045631202075647
0.03748748748748749  -0.1009543742462356  -0.1042136852070543
0.03753753753753754  -0.1005731020326757  -0.1043017076927037
0.03758758758758759  -0.1001799171744198  -0.1051874569060661
0.03763763763763764  -0.09977444207522317  -0.1072323835950792
0.03768768768768769  -0.09935627436375823  -0.1107422965723497
0.03773773773773774  -0.09892498480010145  -0.1159079402442873
0.03778778778778779  -0.09848011495121789  -0.1227515737983173
0.03783783783783784  -0.09802117460428567  -0.1310884458047334
0.03788788788788789  -0.09754763888167962  -0.1405110315543553
0.03793793793793794  -0.09705894501545656  -0.1504015624139644
0.03798798798798799  -0.09655448873204378  -0.1599749356190052
0.03803803803803804  -0.0960336201892948  -0.1683499468433557
0.03808808808808809  -0.095495639397777  -0.1746424804511727
0.03813813813813814  -0.09493979104573022  -0.1780704454732913
0.03818818818818819  -0.09436525863203639  -0.1780574729782959
0.03823823823823824  -0.09377115779310775  -0.1743212058369698
0.03828828828828829  -0.0931565286870164  -0.1669327419735034
0.03833833833833834  -0.09252032727031131  -0.1563365125627099
0.03838838838838839  -0.09186141526841499  -0.1433243777236853
0.03843843843843844  -0.09117854859737733  -0.1289635155636211
0.03848848848848849  -0.09047036394062012  -0.1144840459907991
0.03853853853853854  -0.08973536311587579  -0.101138403338666
0.03858858858858859  -0.08897189478039753  -0.09004935540940021
0.03863863863863864  -0.08817813291074127  -0.08206646250209652
0.03868868868868869  -0.08735205134888704  -0.07765110163282872
0.03873873873873874  -0.08649139351787972  -0.0768076955182042
0.03878878878878879  -0.08559363616195562  -0.07907361558609603
0.03883883883883884  -0.08465594563596614  -0.08357290231646453
0.03888888888888889  -0.08367512482533716  -0.08913034282703194
0.03893893893893894  -0.08264754817462507  -0.09443369136022639
0.03898898898898899  -0.08156908147265933  -0.09822414293627039
0.03903903903903904  -0.08043498188403646  -0.0994897367624399
0.03908908908908909  -0.07923977207708981  -0.09763409806166187
0.03913913913913914  -0.07797707993948214  -0.09259436087852278
0.03918918918918919  -0.07663943191856756  -0.08488729646908176
0.03923923923923924  -0.07521798286684772  -0.07557112100313428
0.03928928928928929  -0.07370215740633693  -0.06612120141577964
0.03933933933933934  -0.07207916553331147  -0.05822956773192332
0.03938938938938939  -0.07033333545139057  -0.05354921368147379
0.03943943943943944  -0.06844517395925383  -0.05341306674647348
0.03948948948948949  -0.06639000874236288  -0.05856289807447115
0.03953953953953954  -0.06413596705060667  -0.06892440949471125
0.03958958958958959  -0.06164085785391563  -0.08346093676156952
0.03963963963963964  -0.05884715984806093  -0.1001299456949283
0.03968968968968969  -0.05567352621639458  -0.1159546971306828
0.03973973973973974  -0.05199944824590329  -0.1272095612433782
0.0397897897897898  -0.04763515577406135  -0.1297032490314395
0.03983983983983984  -0.04225559231888568  -0.1191315690771485
0.0398898898898899  -0.03523067152573297  -0.09146191909224501
0.03993993993993994  -0.0250697540800325  -0.04330688628625172
0.03998998998999  -0.006975218087821906  0.02775523157728116
0.04004004004004004  0.1059831306789234  0.1229494517654771
0.04009009009009009  0.2748418396403301  0.2421888414310968
0.04014014014014014  0.452079369926331  0.3840875523850771
0.04019019019019019  0.6330897818825263  0.5460996620936089
0.04024024024024024  0.815942247067705  0.7247666820987863
0.04029029029029029  0.9997964731765177  0.9160442672217368
0.04034034034034034  1.184201484839312  1.115670197187308
0.04039039039039039  1.368877591799459  1.319532114961233
0.04044044044044044  1.553631928375893  1.523995133738595
0.04049049049049049  1.738320265170881  1.726155903979312
0.04054054054054054  1.92282772923291  1.924000064878956
0.04059059059059059  2.107058221361852  2.116452710866838
0.04064064064064064  2.290928228741795  2.303324840501919
0.04069069069069069  2.474363008941507  2.485170966046336
0.04074074074074074  2.657294137293016  2.663082620161777
0.04079079079079079  2.839657873787449  2.838448304314056
0.04084084084084084  3.021394043050441  3.012711947762284
0.04089089089089089  3.20244524669768  3.187159260414496
0.04094094094094095  3.382756297441548  3.362755108299596
0.040990990990991  3.562273804988163  3.540046303492751
0.04104104104104105  3.740945868207705  3.719134334355078
0.04109109109109109  3.918721843210405  3.899712982201855
0.04114114114114115  4.095552166615574  4.081157749918349
0.04119119119119119  4.271388219596946  4.262648528245214
0.04124124124124125  4.446182222491997  4.4433044822388
0.04129129129129129  4.619887152619888  4.622310819059901
0.04134134134134135  4.79245667993212  4.799020519469669
0.04139139139139139  4.963845116513935  4.973019544622868
0.04144144144144144  5.134007376948962  5.144150510880238
0.04149149149149149  5.302898947279918  5.312496336608358
0.04154154154154154  5.470475860828634  5.478330972944839
0.04159159159159159  5.636694679527614  5.642048317298153
0.04164164164164164  5.801512479712884  5.804082358546557
0.04169169169169169  5.964886841547755  5.964831436417384
0.04174174174174174  6.126775841419126  6.124597452165955
0.04179179179179179  6.287138046779141  6.283547434415924
0.04184184184184184  6.445932513005897  6.441700691422319
0.04189189189189189  6.603118781939338  6.598940564107166
0.04194194194194194  6.758656881809037  6.755046166767902
0.04199199199199199  6.912507328323255  6.909736948250623
0.04204204204204205  7.064631126726669  7.062721701327209
0.0420920920920921  7.214989774668177  7.213743838379325
0.04214214214214215  7.363545265745901  7.362616169205095
0.0421921921921922  7.510260093616893  7.509240725567287
0.04224224224224225  7.655097256578437  7.653611939119991
0.0422922922922923  7.798020262539626  7.795804231168586
0.04234234234234235  7.938993134316635  7.935947397678341
0.0423923923923924  8.077980415192412  8.074194759354926
0.04244244244244245  8.214947174691178  8.210689724424524
0.0424924924924925  8.349859014524791  8.345536164646294
0.04254254254254254  8.482682074673008  8.478776957451386
0.0425925925925926  8.613383039566015  8.610383432039727
0.04264264264264264  8.74192914434008  8.740256570497101
0.04269269269269269  8.868288181141917  8.868238964752429
0.04274274274274274  8.992428505459996  8.994134989709007
0.04279279279279279  9.114319042462915  9.117735623127423
0.04284284284284284  9.233929293328673  9.238843929903627
0.04289289289289289  9.351229341548871  9.357297436985522
0.04294294294294294  9.466189859194579  9.472984368267365
0.04299299299299299  9.578782113132084  9.585851829381729
0.04304304304304304  9.688977971176943  9.695905333626779
0.04309309309309309  9.796749908177254  9.80320033843857
0.04314314314314315  9.90207101201695  9.907827536123115
0.0431931931931932  10.00491498953096  10.00989437937116
0.04324324324324325  10.10525617232553  10.10950564876565
0.0432932932932933  10.2030695224963  10.20674577889533
0.04334334334334335  10.29833063823882  10.30166520374263
0.0433933933933934  10.39101575934539  10.39427225841455
0.04344344344344345  10.48110177258362  10.48453130765144
0.0434934934934935  10.56856621695157  10.57236689312868
0.04354354354354355  10.65338728880547  10.65767292042881
0.0435935935935936  10.73554384685607  10.74032533449459
0.04364364364364365  10.81501541702952  10.82019641460037
0.0436936936936937  10.89178219719007  10.89716877183458
0.04374374374374375  10.96582506172059  10.97114733200238
0.0437937937937938  11.03712556595871  11.04206798325764
0.04384384384384385  11.10566595048545  11.10990208975834
0.04389389389389389  11.17142914526371  11.17465664164819
0.04394394394394395  11.2343987736247  11.23637035255523
0.04399399399399399  11.29455915609956  11.29510646593925
0.04404404404404404  11.35189531409447  11.35094334718863
0.04409409409409409  11.40639297340728  11.40396409722177
0.04414414414414414  11.45803856758365  11.45424642474593
0.04419419419419419  11.50681924111146  11.50185387602575
0.04424424424424424  11.55272285245139  11.54682927455963
0.0442942942942943  11.59573797690277  11.58919090794917
0.04434434434434435  11.63585390930308  11.62893165749475
0.0443943943943944  11.67306066655978  11.66602093684827
0.04444444444444445  11.7073489900137  11.70040902223419
0.0444944944944945  11.7387103476326  11.73203314209352
0.04454454454454455  11.76713693603399  11.76082456244672
0.0445945945945946  11.79262168233666  11.78671585995747
0.04464464464464465  11.81515824583964  11.80964761314347
0.0446946946946947  11.83474101952829  11.82957385217978
0.04474474474474475  11.85136513140672  11.84646577296717
0.0447947947947948  11.86502644565598  11.86031342248656
0.04484484484484485  11.87572156361756  11.87112527951003
0.0448948948948949  11.88344783369623  11.87892586759064
0.04494494494494495  11.8882033116681  11.88375172745691
0.044994994994995  11.88998682697201  11.88564622789761
0.04504504504504505  11.88879793710801  11.88465379567683
0.0450950950950951  11.88463693681088  11.88081418823693
0.04514514514514515  11.87750487355997  11.87415741465465
0.0451951951951952  11.86740350207976  11.86469983284374
0.04524524524524524  11.85433534295214  11.85244182153959
0.0452952952952953  11.83830364725949  11.83736725663773
0.04534534534534534  11.81931240342049  11.81944482939024
0.0453953953953954  11.79736633624143  11.79863104828213
0.04544544544544545  11.77247090579304  11.77487458754247
0.0454954954954955  11.74463230611281  11.74812150291719
0.04554554554554555  11.7138574637337  11.71832074574291
0.0455955955955956  11.68015403603955  11.68542938070081
0.04564564564564565  11.64353040944818  11.64941695474723
0.0456956956956957  11.60399569742267  11.61026857079407
0.04574574574574575  11.56155973831186  11.56798637759727
0.0457957957957958  11.51623309302097  11.5225893782474
0.04584584584584585  11.46802704251326  11.47411165975284
0.0458958958958959  11.41695358514402  11.42259932990669
0.04594594594594595  11.36302543382795  11.36810659075734
0.045995995995996  11.30625601304133  11.31069146142544
0.04604604604604605  11.24665945566031  11.25041167557709
0.0460960960960961  11.184250599637  11.18732121923451
0.04614614614614615  11.11904498451477  11.1214678521074
0.0461961961961962  11.05105884778479  11.05289178896111
0.04624624624624625  10.98030912108542  10.98162553256359
0.0462962962962963  10.90681342624665  10.90769467554452
0.04634634634634635  10.83059007118192  10.83111935286423
0.0463963963963964  10.75165804562911  10.7519159516541
0.04644644644644645  10.670037016744  10.67009868337137
0.0464964964964965  10.58574732454807  10.5856806948788
0.04654654654654655  10.49880997723429  10.49867452787981
0.0465965965965966  10.40924664633345  10.4090919066133
0.04664664664664665  10.31707966174456  10.31694301065265
0.0466966966966967  10.22233200663343  10.22223553930347
0.04674674674674675  10.12502731220218  10.12497396581835
0.0467967967967968  10.02518985233549  10.02515939168985
0.04684684684684685  9.922844538126665  9.922790335110946
0.0468968968968969  9.818016912289705  9.817864630529515
0.04694694694694695  9.710733143462072  9.710382400812405
0.046996996996997  9.601020020404352  9.600349825325218
0.04704704704704705  9.488904946103634  9.487783208929923
0.0470970970970971  9.374415931786972  9.3727127015225
0.04714714714714715  9.257581590853709  9.255184960934477
0.0471971971971972  9.138431132734645  9.135264115178295
0.04724724724724725  9.016994356687768  9.013030565293798
0.0472972972972973  8.893301645541655  8.888577458351804
0.04734734734734735  8.767383959397657  8.762005012675656
0.0473973973973974  8.6392728293047  8.633413240590299
0.04744744744744745  8.509000350921323  8.502893927776235
0.0474974974974975  8.376599178181289  8.370522935447315
0.04754754754754755  8.24210251698255  8.236353947876538
0.0475975975975976  8.105544118919521  8.100414670522429
0.04764764764764765  7.96695827508409  7.962706197405242
0.0476976976976977  7.826379809962228  7.823205843084814
0.04774774774774775  7.683844075457934  7.681873232220965
0.0477977977977978  7.539386945081331  7.538658933362892
0.04784784784784785  7.393044808341831  7.393514494557817
0.0478978978978979  7.244854565395999  7.246402461262017
0.04794794794794795  7.094853622005572  7.097304887052974
0.047997997997998  6.943079884872348  6.946229010254629
0.04804804804804805  6.7895717574271  6.793209154257294
0.0480980980980981  6.634368136162793  6.638304468786173
0.04814814814814815  6.47750840762191  6.481592784888308
0.0481981981981982  6.31903244616404  6.323161508219851
0.04824824824824825  6.158980612669391  6.163097017355658
0.0482982982982983  5.997393754360855  6.001474370558041
0.04834834834834835  5.834313205969131  5.838349186331677
0.0483983983983984  5.669780792511082  5.673753319753309
0.04844844844844845  5.503838834012584  5.507695424121906
0.0484984984984985  5.336530152584611  5.340166729176261
0.04854854854854855  5.167898082355876  5.171151486585575
0.0485985985985986  4.997986482893423  5.000640661406888
0.04864864864864865  4.826839756901549  4.828646724296614
0.0486986986986987  4.654502873201532  4.655216951280519
0.04874874874874875  4.481021396273152  4.480442561735395
0.0487987987987988  4.306441524007093  4.304461368610046
0.04884884884884885  4.130810135816536  4.127452366952978
0.0488988988988989  3.954174853931962  3.949621776012221
0.04894894894894895  3.776584121634758  3.771181350688229
0.048998998998999  3.598087303487967  3.592321124318125
0.04904904904904905  3.418734814462407  3.41317995196238
0.0490990990990991  3.238578287511086  3.233818112019374
0.04914914914914915  3.057670793027388  3.054196644580661
0.0491991991991992  2.876067129421722  2.874167959109588
0.04924924924924926  2.693824212897754  2.693481500495819
0.04929929929929931  2.511001608322427  2.511806963655473
0.04934934934934935  2.32766226524595  2.328775806927915
0.0493993993993994  2.143873559756005  2.144039807683689
0.04944944944944945  1.959708805502943  1.957343344911993
0.0494994994994995  1.77524950868764  1.768604213928064
0.04954954954954955  1.590588849329627  1.57799629729373
0.0495995995995996  1.405837278858971  1.386026516171323
0.04964964964964965  1.221131978189103  1.19359829083968
0.0496996996996997  1.036653855159119  1.002054297972994
0.04974974974974975  0.852660591814653  0.8131925954043822
0.0497997997997998  0.6695579331943086  0.6292520859132055
0.04984984984984985  0.488077259924161  0.4528656387339416
0.0498998998998999  0.3098198715555998  0.2869817636082846
0.04994994994994995  0.1389544972317641  0.1347582978534066
0.05  1.537552730579428e-06  -0.0005661147490960909
