t  x_1  x_2
0  0  -2.173323809674394e-10
5.005005005005005e-05  0.1886764637420636  0.1901216904001448
0.0001001001001001001  0.3773062719761394  0.3800583479795876
0.0001501501501501502  0.5658427900418611  0.5697693157428573
0.0002002002002002002  0.7542394063450493  0.7592138437144113
0.0002502502502502502  0.9424495438813805  0.9483510996742041
0.0003003003003003003  1.1304266717515  1.137140180179285
0.0003503503503503504  1.318124316664739  1.325540121646951
0.0004004004004004004  1.505496074428587  1.513509911496236
0.0004504504504504505  1.692495621421084  1.701008499344328
0.0005005005005005005  1.879076726043284  1.8879948082568
0.0005505505505505506  2.065193260148983  2.07442774604123
0.0006006006006006007  2.250799210448851  2.260266216590098
0.0006506506506506507  2.435848689886186  2.445469131257743
0.0007007007007007008  2.620295948981445  2.629995420280916
0.0007507507507507507  2.804095387142774  2.813804044229105
0.0008008008008008008  2.987201563939715  2.996854005482179
0.0008508508508508509  3.16956921033733  3.179104359733433
0.0009009009009009009  3.351153239887941  3.360514227523938
0.000950950950950951  3.531908759877731  3.541042805775762
0.001001001001001001  3.711791082425456  3.720649379359306
0.001051051051051051  3.890755735530505  3.899293332654098
0.001101101101101101  4.068758474067595  4.076934161128687
0.001151151151151151  4.245755290725373  4.253531482914106
0.001201201201201201  4.421702426886223  4.429045050377493
0.001251251251251251  4.596556383444601  4.603434761696884
0.001301301301301301  4.770273931561187  4.776660672412388
0.001351351351351351  4.942812123350238  4.948683006980179
0.001401401401401402  5.114128302497483  5.119462170299383
0.001451451451451452  5.284180114805913  5.288958759217644
0.001501501501501501  5.452925518666909  5.457133574019011
0.001551551551551552  5.620322795454061  5.623947629872789
0.001601601601601602  5.786330559837151  5.789362168256974
0.001651651651651652  5.950907770013742  5.953338668344474
0.001701701701701702  6.114013737855815  6.115838858342756
0.001751751751751752  6.275608138968991  6.27682472679525
0.001801801801801802  6.435651022661829  6.436258533829139
0.001851851851851852  6.594102821822689  6.594102822359121
0.001901901901901902  6.750924362701842  6.750320429220705
0.001951951951951952  6.906076874596256  6.904874496260519
0.002002002002002002  7.059521999434773  7.057728481348486
0.002052052052052052  7.211221801261287  7.208846169331747
0.002102102102102102  7.361138775613508  7.358191682907588
0.002152152152152152  7.509235858795118  7.505729493436289
0.002202202202202202  7.655476437038902  7.651424431655228
0.002252252252252252  7.799824355558679  7.795241698329948
0.002302302302302303  7.942243927487734  7.937146874802981
0.002352352352352352  8.082699942701593  8.077105933460782
0.002402402402402403  8.221157676522918  8.215085248108194
0.002452452452452453  8.357582898306376  8.351051604239499
0.002502502502502502  8.491941879901411  8.484972209213833
0.002552552552552553  8.624201403990737  8.616814702322728
0.002602602602602603  8.754328772302555  8.746547164750622
0.002652652652652653  8.882291813694479  8.87413812942682
0.002702702702702703  9.008058892107089  8.999556590758742
0.002752752752752753  9.131598914385233  9.122772014249307
0.002802802802802803  9.252881337965102  9.243754345989453
0.002852852852852853  9.371876178425165  9.362474022030391
0.002902902902902903  9.48855401689916  9.478901977624483
0.002952952952952953  9.602886007349193  9.593009656334754
0.003003003003003003  9.7148438836973  9.704769019015297
0.003053053053053053  9.824399966813566  9.814152552639957
0.003103103103103103  9.931527171359154  9.921133279007925
0.003153153153153153  10.03619901248254  10.02568476329281
0.003203203203203203  10.1383896123673  10.12778112245027
0.003253253253253253  10.23807370662978  10.22739703347326
0.003303303303303304  10.33522665056515  10.32450774149719
0.003353353353353353  10.42982442524024  10.41908906774579
0.003403403403403404  10.52184364343169  10.51111741732628
0.003453453453453454  10.61126155540784  10.60056978685194
0.003503503503503503  10.69805605455317  10.6874237719108
0.003553553553553554  10.78220568283361  10.77165757436362
0.003603603603603604  10.86368963610151  10.85325000947572
0.003653653653653654  10.94248776923905  10.93218051287152
0.003703703703703704  11.01858060113862  11.00842914732565
0.003753753753753754  11.0919493195191  11.08197660936528
0.003803803803803804  11.16257578557674  11.15280423570597
0.003853853853853854  11.23044253846958  11.22089400949844
0.003903903903903904  11.29553279963426  11.28622856639569
0.003953953953953955  11.35783047693407  11.34879120043853
0.004004004004004004  11.41732016863745  11.40856586974364
0.004054054054054054  11.47398716722564  11.46553720201891
0.004104104104104105  11.52781746302881  11.51969049987045
0.004154154154154154  11.57879774768965  11.57101174593067
0.004204204204204204  11.62691541745347  11.61948760778333
0.004254254254254255  11.67215857628433  11.66510544269945
0.004304304304304304  11.71451603880591  11.70785330216631
0.004354354354354354  11.75397733306695  11.74771993622759
0.004404404404404405  11.79053270313013  11.78469479761451
0.004454454454454455  11.82417311148407  11.81876804567892
0.004504504504504504  11.85489024127756  11.84993055012198
0.004554554554554555  11.88267649837578  11.8781738945173
0.004604604604604605  11.90752501323774  11.90349037962707
0.004654654654654655  11.92942964261466  11.92587302651763
0.004704704704704705  11.94838497106867  11.94531557945498
0.004754754754754755  11.96438631231172  11.96181250860251
0.004804804804804805  11.97742971036414  11.97535901250278
0.004854854854854855  11.98751194053265  11.98595102034849
0.004904904904904905  11.99463051020875  11.99358519404555
0.004954954954954956  11.99878365947755  11.99825893005991
0.005005005005005005  11.99997036157285  11.99997036105046
0.005055055055055055  11.99819032310387  11.99871835729496
0.005105105105105106  11.99344398414554  11.99450252789621
0.005155155155155155  11.98573251812243  11.98732322177456
0.005205205205205205  11.97505783153167  11.97718152844642
0.005255255255255256  11.96142256345188  11.96407927859552
0.005305305305305306  11.94483008490316  11.94801904440974
0.005355355355355355  11.92528449801091  11.92900413972623
0.005405405405405406  11.90279063499158  11.90703861994544
0.005455455455455456  11.8773540569581  11.88212728173708
0.005505505505505505  11.84898105254495  11.85427566252868
0.005555555555555556  11.81767863635349  11.82349003977954
0.005605605605605606  11.78345454721775  11.78977743004216
0.005655655655655656  11.74631724629115  11.75314558781194
0.005705705705705706  11.70627591495471  11.71360300415176
0.005755755755755756  11.66334045254718  11.67115890512077
0.005805805805805806  11.61752147391758  11.62582324997683
0.005855855855855856  11.56883030680101  11.57760672917348
0.005905905905905906  11.51727898901808  11.52652076214653
0.005955955955955957  11.46288026549883  11.47257749488333
0.006006006006006006  11.40564758513188  11.41578979729421
0.006056056056056056  11.34559509743946  11.35617126036454
0.006106106106106107  11.28273764907927  11.29373619310562
0.006156156156156156  11.217090780174  11.22849961929826
0.006206206206206206  11.14867072046941  11.16047727402717
0.006256256256256257  11.07749438532184  11.08968560001993
0.006306306306306307  11.00357937151634  11.01614174376876
0.006356356356356356  10.92694395291621  10.93986355147211
0.006406406406406407  10.84760707594526  10.8608695647526
0.006456456456456457  10.76558835490372  10.77917901619331
0.006506506506506506  10.68090806711904  10.69481182467214
0.006556556556556557  10.59358714793279  10.60778859049815
0.006606606606606607  10.5036471855249  10.51813059035531
0.006656656656656657  10.41111041557648  10.42585977205662
0.006706706706706707  10.31599971577249  10.33099874910781
0.006756756756756757  10.21833860014586  10.23357079507745
0.006806806806806807  10.1181512132641  10.1335998377869
0.006856856856856857  10.01546232426017  10.03111045331128
0.006906906906906907  9.910297320708819  9.92612785980176
0.006956956956956958  9.802682202350148  9.818677911122949
0.007007007007007007  9.692643574661735  9.708787090314738
0.007057057057057057  9.580208642281047  9.596482502877414
0.007107107107107108  9.465405202279721  9.481791869881052
0.007157157157157158  9.34826163729138  9.364743520908036
0.007207207207207207  9.228806908494658  9.245366386820061
0.007257257257257258  9.107070548453233  9.123689992359163
0.007307307307307308  8.98308265381457  8.999744448590256
0.007357357357357357  8.8568738778692  8.873560445174688
0.007407407407407408  8.728475422972418  8.745169242484302
0.007457457457457458  8.597919032830196  8.614602663563755
0.007507507507507507  8.465236984651307  8.481893085934187
0.007557557557557558  8.330462081167477  8.347073433244413
0.007607607607607608  8.193627642523698  8.210177166775829
0.007657657657657658  8.054767498040572  8.071238276799747
0.007707707707707708  7.91391597785079  7.930291273790613
0.007757757757757758  7.771107904411776  7.787371179497113
0.007807807807807808  7.626378583896648  7.642513517878453
0.007857857857857859  7.479763797465574  7.495754305901539
0.007907907907907909  7.331299792419672  7.347130044211665
0.007957957957957958  7.181023273239733  7.196677707664853
0.008008008008008008  7.028971392511835  7.044434735743868
0.008058058058058058  6.875181741742242  6.890439022842344
0.008108108108108109  6.719692342063756  6.734728908434416
0.008158158158158159  6.562541634835859  6.577343167125537
0.008208208208208209  6.403768472140958  6.418320998586554
0.008258258258258259  6.243412107179099  6.257702017378096
0.008308308308308308  6.081512184563515  6.095526242671409
0.008358358358358358  5.918108730519378  5.931834087854744
0.008408408408408409  5.753242142988251  5.76666635004794
0.008458458458458459  5.586953181640605  5.600064199512476
0.008508508508508509  5.419282957798925  5.432069168969255
0.00855855855855856  5.250272924273863  5.26272314282221
0.008608608608608608  5.079964865115988  5.092068346292943
0.008658658658658658  4.908400885285604  4.920147334475224
0.008708708708708709  4.735623400243291  4.747002981300038
0.008758758758758759  4.561675125463628  4.572678468424186
0.008808808808808809  4.38659906587476  4.397217274045846
0.00885885885885886  4.210438505226418  4.22066316164369
0.00890890890890891  4.033236995388989  4.043060168653348
0.008958958958958959  3.855038345586308  3.864452595067563
0.009009009009009009  3.67588661156481  3.684884991986568
0.009059059059059059  3.495826084701772  3.50440215009876
0.00910910910910911  3.314901281055255  3.323049088115249
0.00915915915915916  3.133156930358522  3.140871041141654
0.00920920920920921  2.950637964961628  2.957913449009809
0.00925925925925926  2.76738950872292  2.774221944561541
0.009309309309309309  2.583456865853178  2.589842341885625
0.009359359359359359  2.398885509715166  2.40482062452458
0.00940940940940941  2.213721071581394  2.219202933634739
0.00945945945945946  2.028009329352807  2.033035556126935
0.00950950950950951  1.841796196241243  1.846364912767436
0.009559559559559561  1.655127709418408  1.65923754625795
0.009609609609609611  1.468050018634253  1.471700109296785
0.009659659659659659  1.280609374807467  1.283799352613044
0.00970970970970971  1.092852118590986  1.095582112992967
0.00975975975975976  0.9048246689153445  0.9070953012912973
0.00980980980980981  0.7165735115125992  0.7183858904311743
0.009859859859859861  0.5281451874238017  0.5295009034049649
0.009909909909909911  0.3395862814927704  0.3404874012638854
0.00995995995995996  0.1509434108490457  0.1513924711140562
0.01001001001001001  -0.03773678624473234  -0.03773678587915776
0.01006006006006006  -0.2264076503778503  -0.2268532664902579
0.01011011011011011  -0.4150225307789628  -0.4159098774123232
0.01016016016016016  -0.6035347964787261  -0.604859547228106
0.01021021021021021  -0.7918978418792852  -0.7936552383592494
0.01026026026026026  -0.980065098276417  -0.9822499590002086
0.01031031031031031  -1.167990045372621  -1.170596775024381
0.01036036036036036  -1.355626222778211  -1.358648821867634
0.01041041041041041  -1.542927241497584  -1.546359316380134
0.01046046046046046  -1.729846795397884  -1.733681568643013
0.01051051051051051  -1.91633867265711  -1.920568993758128
0.01056056056056056  -2.102356767188972  -2.106975123587977
0.01061061061061061  -2.287855090041555  -2.292853618461938
0.01066066066066066  -2.472787780767073  -2.478158278833384
0.01071071071071071  -2.657109118759824  -2.662843056891993
0.01076076076076076  -2.840773534559567  -2.846862068125562
0.01081081081081081  -3.023735621117531  -3.030169602823203
0.01086086086086086  -3.205950145022297  -3.212720137530185
0.01091091091091091  -3.387372057682716  -3.394468346435569
0.01096096096096096  -3.567956506465169  -3.575369112705904
0.01101101101101101  -3.747658845782369  -3.755377539744346
0.01106106106106106  -3.926434648130956  -3.934448962393005
0.01111111111111111  -4.10423971507518  -4.112538958053999
0.01116116116116116  -4.281030088173986  -4.289603357748867
0.01121121121121121  -4.456762059848711  -4.46559825709036
0.01126126126126126  -4.631392184188829  -4.640480027185659
0.01131131131131131  -4.804877287692918  -4.814205325453574
0.01136136136136136  -4.977174479942393  -4.986731106359386
0.01141141141141141  -5.148241164205117  -5.15801463206118
0.01146146146146146  -5.318035047966494  -5.328013482975702
0.01151151151151151  -5.486514153385363  -5.496685568240398
0.01156156156156156  -5.65363682767203  -5.663989136093248
0.01161161161161161  -5.819361753386  -5.829882784150058
0.01166166166166166  -5.983647958650738  -5.994325469587585
0.01171171171171171  -6.146454827283073  -6.1572765192221
0.01176176176176176  -6.307742108834578  -6.31869563948627
0.01181181181181181  -6.467469928542621  -6.478542926305024
0.01186186186186186  -6.625598797188459  -6.636778874855156
0.01191191191191191  -6.782089620860074  -6.79336438922535
0.01196196196196196  -6.936903710617225  -6.948260791955253
0.01201201201201201  -7.090002792056413  -7.101429833468423
0.01206206206206206  -7.241349014773373  -7.252833701382482
0.01211211211211211  -7.390904961720698  -7.402435029706025
0.01216216216216216  -7.53863365845836  -7.550196907914281
0.01221221221221221  -7.684498582294803  -7.696082889900199
0.01226226226226226  -7.82846367131633  -7.840057002805121
0.01231231231231231  -7.970493333302589  -7.982083755721058
0.01236236236236236  -8.110552454525958  -8.122128148266754
0.01241241241241241  -8.248606408432586  -8.260155679033023
0.01246246246246246  -8.384621064203021  -8.396132353896588
0.01251251251251251  -8.51856279519029  -8.530024694203936
0.01256256256256256  -8.650398487233307  -8.661799744813369
0.01261261261261261  -8.780095546843583  -8.791425082010447
0.01266266266266266  -8.90762190926324  -8.91886882127465
0.01271271271271271  -9.032946046392277  -9.044099624914967
0.01276276276276276  -9.156036974583186  -9.167086709560415
0.01281281281281281  -9.276864262300915  -9.287799853506474
0.01286286286286286  -9.395398037646407  -9.40620940392091
0.01291291291291291  -9.51160899574171  -9.522286283900151
0.01296296296296296  -9.625468405974974  -9.636001999382163
0.01301301301301301  -9.736948119103399  -9.747328645907919
0.01306306306306306  -9.846020574212533  -9.856238915233048
0.01311311311311311  -9.952658805530021  -9.962706101792168
0.01316316316316316  -10.05683644909232  -10.06670410900774
0.01321321321321321  -10.15852774926257  -10.16820745544323
0.01326326326326326  -10.25770756509808  -10.26719128080742
0.01331331331331331  -10.35435137656586  -10.36363135179807
0.01336336336336336  -10.44843529060462  -10.45750406779085
0.01341341341341341  -10.53993604703181  -10.54878646637038
0.01346346346346346  -10.62883102429412  -10.63745622869973
0.01351351351351351  -10.71509824506022  -10.72349168473305
0.01356356356356356  -10.79871638165404  -10.80687181826633
0.01361361361361361  -10.87966476132765  -10.88757627182583
0.01366366366366366  -10.95792337137206  -10.96558535139266
0.01371371371371371  -11.03347286406495  -11.04088003096787
0.01376376376376376  -11.1062945614539  -11.1134419569672
0.01381381381381381  -11.17637045997411  -11.18325345245684
0.01386386386386386  -11.2436832348994  -11.25029752121849
0.01391391391391392  -11.30821624462529  -11.31455785165084
0.01396396396396397  -11.36995353478328  -11.37601882050301
0.01401401401401401  -11.42887984218522  -11.43466549644145
0.01406406406406406  -11.48498059859677  -11.49048364344406
0.01411411411411411  -11.53824193433905  -11.54345972403248
0.01416416416416416  -11.58865068171762  -11.59358090232728
0.01421421421421422  -11.63619437827786  -11.64083504694206
0.01426426426426427  -11.68086126988607  -11.68521073369803
0.01431431431431432  -11.72264031363536  -11.72669724817435
0.01436436436436436  -11.76152118057579  -11.76528458808594
0.01441441441441441  -11.79749425826797  -11.80096346548789
0.01446446446446446  -11.83055065315946  -11.83372530881151
0.01451451451451452  -11.86068219278358  -11.86356226472533
0.01456456456456457  -11.8878814277798  -11.89046719982709
0.01461461461461462  -11.91214163373544  -11.91443370215978
0.01466466466466467  -11.93345681284815  -11.9354560825589
0.01471471471471471  -11.95182169540868  -11.95352937582511
0.01476476476476477  -11.96723174110375  -11.96864934172438
0.01481481481481482  -11.9796831401385  -11.98081246581623
0.01486486486486487  -11.98917281417841  -11.99001596010821
0.01491491491491492  -11.99569841711205  -11.99625776353984
0.01496496496496497  -11.99925833562089  -11.99953654228993
0.01501501501501501  -11.99985168960299  -11.99985168991576
0.01506506506506507  -11.99747833236061  -11.99720332731793
0.01511511511511512  -11.99213885064688  -11.99159230253306
0.01516516516516517  -11.98383456454503  -11.98302019035263
0.01521521521521522  -11.97256752709736  -11.97148929177416
0.01526526526526527  -11.95834052383366  -11.95700263327755
0.01531531531531532  -11.94115707206754  -11.93956396593042
0.01536536536536537  -11.92102142002952  -11.91917776432379
0.01541541541541542  -11.89793854581671  -11.89584922533758
0.01546546546546547  -11.87191415616206  -11.86958426673136
0.01551551551551552  -11.8429546850236  -11.84038952557271
0.01556556556556557  -11.81106729199365  -11.80827235649
0.01561561561561562  -11.77625986052892  -11.77324082975945
0.01566566566566567  -11.73854099600141  -11.73530372922158
0.01571571571571572  -11.69792002357096  -11.69447055003432
0.01576576576576577  -11.65440698587983  -11.6507514962517
0.01581581581581582  -11.60801264056985  -11.60415747824362
0.01586586586586586  -11.5587484576229  -11.55470010994417
0.01591591591591592  -11.50662661652515  -11.50239170593831
0.01596596596596597  -11.45166000325602  -11.44724527837948
0.01601601601601602  -11.39386220710239  -11.38927453374878
0.01606606606606607  -11.33324751729898  -11.32849386944785
0.01611611611611612  -11.2698309194956  -11.26491837022919
0.01616616616616617  -11.20362809205242  -11.19856380446651
0.01621621621621622  -11.13465540216371  -11.12944662026378
0.01626626626626627  -11.06292990181154  -11.05758394140533
0.01631631631631632  -10.98846932355  -10.98299356314562
0.01636636636636637  -10.91129207612125  -10.90569394784266
0.01641641641641642  -10.83141723990443  -10.82570422043368
0.01646646646646647  -10.74886456219839  -10.74304416375589
0.01651651651651652  -10.66365445233968  -10.6577342137118
0.01656656656656657  -10.57580797665681  -10.56979545428048
0.01661661661661662  -10.48534685326203  -10.47924961237763
0.01666666666666667  -10.39229344668212  -10.3861190525628
0.01671671671671672  -10.29667076232914  -10.29042677159561
0.01676676676676677  -10.19850244081306  -10.19219639284715
0.01681681681681682  -10.09781275209694  -10.09145216055719
0.01686686686686687  -9.994626589496908  -9.988218933949652
0.01691691691691692  -9.888969463527772  -9.882522181200738
0.01696696696696697  -9.780867495596164  -9.774387973264773
0.01701701701701702  -9.670347411542624  -9.66384297755234
0.01706706706706707  -9.557436535034206  -9.550914451475643
0.01711711711711712  -9.442162780809396  -9.435630235844242
0.01716716716716717  -9.324554647776765  -9.318018748132268
0.01721721721721722  -9.204641211969298  -9.198108975598112
0.01726726726726727  -9.082452119356034  -9.075930468278722
0.01731731731731732  -8.958017578512708  -8.951513331842508
0.01736736736736737  -8.831368353153486  -8.824888220312292
0.01741741741741742  -8.702535754525192  -8.696086328659955
0.01746746746746747  -8.571551633666461  -8.565139385267779
0.01751751751751752  -8.438448373533227  -8.432079644262483
0.01756756756756757  -8.303258880992749  -8.296939877726698
0.01761761761761762  -8.166016578688254  -8.159753367783951
0.01766766766766767  -8.026755396775789  -8.020553898558921
0.01771771771771772  -7.885509764535927  -7.879375748022126
0.01776776776776777  -7.742314601861817  -7.736253679709638
0.01781781781781782  -7.597205310626052  -7.591222934330583
0.01786786786786787  -7.450217765928407  -7.444319221254255
0.01791791791791792  -7.301388307226493  -7.295578709890203
0.01796796796796797  -7.150753729351671  -7.14503802094918
0.01801801801801802  -6.998351273412379  -6.992734217599503
0.01806806806806807  -6.844218617587093  -6.8387047965139
0.01811811811811812  -6.688393867809344  -6.682987678810768
0.01816816816816817  -6.530915548346721  -6.525621200888901
0.01821821821821822  -6.371822592276854  -6.366644105166314
0.01826826826826827  -6.21115433186186  -6.20609553071208
0.01831831831831832  -6.048950488824535  -6.044015003785904
0.01836836836836837  -5.885251164527959  -5.88044242827849
0.01841841841841842  -5.720096830061355  -5.71541807606082
0.01846846846846847  -5.553528316234586  -5.548982577238918
0.01851851851851852  -5.385586803483593  -5.381176910323851
0.01856856856856857  -5.216313811689555  -5.212042392308887
0.01861861861861862  -5.045751189913963  -5.041620668667661
0.01866866866866867  -4.873941106052403  -4.869953703263773
0.01871871871871872  -4.700926036409625  -4.697083768185948
0.01876876876876877  -4.526748755198016  -4.5230534335
0.01881881881881882  -4.351452323962908  -4.347905556926841
0.01886886886886887  -4.175080080936344  -4.17168327344961
0.01891891891891892  -3.997675630322861  -3.994429984844432
0.01896896896896897  -3.819282831519306  -3.816189349146844
0.01901901901901902  -3.639945788271477  -3.637005270048827
0.01906906906906907  -3.459708837770684  -3.456921886234956
0.01911911911911912  -3.278616539692154  -3.275983560653041
0.01916916916916917  -3.096713665178842  -3.094234869729879
0.01921921921921922  -2.914045185772721  -2.91172059252702
0.01926926926926927  -2.730656262296515  -2.728485699844036
0.01931931931931932  -2.546592233688854  -2.544575343270212
0.01936936936936937  -2.361898605795073  -2.360034844185555
0.01941941941941942  -2.17662104011712  -2.174909682718725
0.01946946946946947  -1.990805342524637  -1.989245486656714
0.01951951951951952  -1.80449745193048  -1.803088020315705
0.01956956956956957  -1.617743428933538  -1.61648317337297
0.01961961961961962  -1.430589444431037  -1.429476949661399
0.01966966966966967  -1.243081768204099  -1.242115455933447
0.01971971971971972  -1.055266757478327  -1.054444890588236
0.01976976976976977  -0.8671908454632177  -0.8665115323780477
0.01981981981981982  -0.6789005298725294  -0.6783617290828285
0.01986986986986987  -0.4904423614287255  -0.490041886165452
0.01991991991991992  -0.3018629323544682  -0.301598455405189
0.01996996996996997  -0.1132088648535951  -0.1130779235159978
0.02002002002002002  0.07547319892528255  0.0754731992552939
0.02007007007007007  0.2641365976200397  0.264008390535426
0.02012012012012012  0.4527346849125392  0.4524811272465281
0.02017017017017017  0.6412208339855524  0.6408448970304436
0.02022022022022022  0.8295484456984857  0.8290532096808775
0.02027027027027027  1.017670960107707  1.017059608570844
0.02032032032032032  1.205541867977645  1.204817682083901
0.02037037037037037  1.393114722279067  1.392281075038092
0.02042042042042042  1.580343149672019  1.579403500101388
0.02047047047047047  1.767180861970688  1.76613874919953
0.02052052052052052  1.953581667587003  1.952440704909661
0.02057057057057057  2.139499482950537  2.138263351837271
0.02062062062062062  2.324888343901659  2.323560787976517
0.02067067067067067  2.509702417054955  2.508287236045778
0.02072072072072072  2.693896011130763  2.692397054803648
0.02077077077077077  2.87742358825103  2.875844750333584
0.02082082082082082  3.060239775197772  3.058584987299929
0.02087087087087087  3.24229937463041  3.240572600172405
0.02092092092092092  3.423557376259791  3.421762604414654
0.02097097097097097  3.603968967976121  3.602110207630874
0.02102102102102102  3.783489546927506  3.781570820678001
0.02107107107107107  3.962074730547245  3.96010006872791
0.02112112112112112  4.139680367526178  4.137653802283828
0.02117117117117117  4.316262548728271  4.314188108151685
0.02122122122122122  4.491777618046085  4.489659320350477
0.02127127127127127  4.666182183193708  4.664024030977541
0.02132132132132132  4.839433126434653  4.83723910100676
0.02137137137137137  5.011487615241557  5.009261671031441
0.02142142142142142  5.182303112885694  5.180049171941117
0.02147147147147147  5.351837388953174  5.349559335534252
0.02152152152152152  5.520048529785359  5.517750205057366
0.02157157157157157  5.686894948841259  5.684580145679351
0.02162162162162162  5.852335396978617  5.850007854883179
0.02167167167167167  6.016328972652061  6.013992372786641
0.02172172172172172  6.178835132024865  6.17649309237995
0.02177177177177177  6.339813698992641  6.33746976968174
0.02182182182182182  6.499224875115907  6.496882533808234
0.02187187187187187  6.657029249459312  6.65469189695698
0.02192192192192192  6.813187808335162  6.810858764296968
0.02197197197197197  6.967661944948632  6.965344443768016
0.02202202202202202  7.120413468942363  7.118110655782859
0.02207207207207207  7.271404615838286  7.269119542830701
0.02212212212212212  7.420598056373851  7.418333678980703
0.02217217217217217  7.567956905731025  7.565716079280514
0.02222222222222222  7.713444732655036  7.711230209049558
0.02227227227227227  7.857025568461335  7.85483999306552
0.02232232232232232  7.998663915927927  7.996509824635508
0.02237237237237237  8.138324758071253  8.136204574557418
0.02242242242242242  8.27597356680341  8.273889599963704
0.02247247247247247  8.411576311468334  8.409530753048262
0.02252252252252252  8.545099467255199  8.543094389669852
0.02257257257257258  8.67651002348658  8.674547377835719
0.02262262262262262  8.805775491779611  8.803857106058146
0.02267267267267267  8.932863914078073  8.930991491583448
0.02272272272272272  9.057743870553123  9.055918988492259
0.02277277277277277  9.180384487371322  9.178608595666114
0.02282282282282282  9.300755444327319  9.299029864620193
0.02287287287287287  9.418826982339914  9.417152907201686
0.02292292292292292  9.534569910809338  9.532948403147259
0.02297297297297297  9.647955614833839  9.646387607499207
0.02302302302302302  9.758956062284222  9.757442357883546
0.02307307307307307  9.867543810733984  9.86608508163785
0.02312312312312313  9.973692014243973  9.972288802796974
0.02317317317317318  10.07737442999934  10.07602714892597
0.02322322322322323  10.17856542479747  10.17727435780752
0.02327327327327327  10.2772399813853  10.27600528397259
0.02332332332332332  10.37337370464413  10.37219540507911
0.02337337337337337  10.46694282762085  10.46582082813545
0.02342342342342342  10.55792421740376  10.55685829556389
0.02347347347347347  10.64629538084159  10.64528519110688
0.02352352352352352  10.73203447010453  10.73107954557186
0.02357357357357357  10.81512028808545  10.81422004241234
0.02362362362362362  10.89553229364058  10.89468602314634
0.02367367367367368  10.97325060666767  10.97245749260754
0.02372372372372373  11.048256013021  11.0475151240325
0.02377377377377378  11.12052996926159  11.11984026397352
0.02382382382382383  11.19005460724163  11.18941493704741
0.02387387387387388  11.25681273852202  11.25622185051091
0.02392392392392393  11.32078785862175  11.32024439866148
0.02397397397397397  11.38196415109831  11.38146666706688
0.02402402402402402  11.44032649145793  11.43987343661838
0.02407407407407407  11.49586045089471  11.4954501874079
0.02412412412412412  11.5485522998579  11.54818310242926
0.02417417417417417  11.59838901144617  11.59805907109904
0.02422422422422423  11.64535826462818  11.64506569259805
0.02427427427427428  11.68944844728873  11.68919127903509
0.02432432432432433  11.73064865909955  11.7304248584279
0.02437437437437438  11.7689487142142  11.76875617749977
0.02442442442442443  11.80433914378622  11.80417570429766
0.02447447447447448  11.83681119831014  11.83667463062545
0.02452452452452453  11.86635684978457  11.86624487428932
0.02457457457457458  11.89296879369697  11.89287908116245
0.02462462462462462  11.91664045082944  11.91657062706375
0.02467467467467467  11.93736596888539  11.93731361944879
0.02472472472472472  11.95514022393633  11.95510289891343
0.02477477477477477  11.96995882168861  11.96993404051486
0.02482482482482483  11.9818180985699  11.98180335490112
0.02487487487487488  11.9907151226348  11.99070788925333
0.02492492492492493  11.99664769428994  11.99664542804282
0.02497497497497498  11.99961434683684  11.99961449359798
0.02502502502502503  11.99961434683729  11.99961434648178
0.02507507507507508  11.99664769428923  11.99664498568342
0.02512512512512513  11.99071512263606  11.99070714861977
0.02517517517517518  11.9818180985699  11.98180231095002
0.02522522522522523  11.96995882168861  11.96993268619784
0.02527527527527528  11.95514022393633  11.95510122519187
0.02532532532532533  11.93736596888539  11.93731161531071
0.02537537537537538  11.91664045082943  11.91656827954718
0.02542542542542543  11.89296879369696  11.89287637537678
0.02547547547547548  11.86635684978457  11.86624179344852
0.02552552552552553  11.83681119831014  11.83667115607778
0.02557557557557558  11.80433914378621  11.80417181556305
0.02562562562562563  11.76894871421419  11.76875185230888
0.02567567567567568  11.73064865909955  11.73042007276821
0.02572572572572573  11.68944844728872  11.68918600719531
0.02577577577577578  11.64535826462817  11.64505990721897
0.02582582582582583  11.59838901144616  11.59805274322939
0.02587587587587588  11.54855229985789  11.54817620158183
0.02592592592592593  11.4958604508947  11.4954426816189
0.02597597597597598  11.44032649145791  11.43986529251312
0.02602602602602603  11.3819641510983  11.38145784992595
0.02607607607607608  11.32078785862174  11.32023487248936
0.02612612612612613  11.256812738522  11.25621157810999
0.02617617617617618  11.19005460724162  11.18940388009242
0.02622622622622623  11.12052996926158  11.11982838309011
0.02627627627627628  11.048256013021  11.04750237887823
0.02632632632632633  10.97325060666766  10.97244384195428
0.02637637637637638  10.89553229364057  10.8946714249647
0.02642642642642643  10.81512028808545  10.81420445396176
0.02647647647647648  10.73203447010451  10.73106292348911
0.02652652652652653  10.64629538084159  10.645267491497
0.02657657657657658  10.55792421740375  10.55683947409469
0.02662662662662663  10.46694282762085  10.46580084013357
0.02667667667667668  10.37337370464411  10.37217420562472
0.02672672672672673  10.27723998138528  10.27598282799888
0.02677677677677678  10.17856542479747  10.177250600201
0.02682682682682683  10.07737442999932  10.07600204462589
0.02687687687687688  9.973692014243966  9.97226230689766
0.02692692692692693  9.867543810733967  9.866057149491871
0.02697697697697698  9.758956062284206  9.757412945203457
0.02702702702702703  9.647955614833823  9.646356670463692
0.02707707707707708  9.534569910809306  9.532915898503886
0.02712712712712713  9.418826982339901  9.417118792372763
0.02717717717717718  9.30075544432729  9.298994097804972
0.02722722722722723  9.180384487371308  9.178571135949143
0.02727727727727728  9.057743870553107  9.05587979594598
0.02732732732732733  8.932863914078055  8.930950527371376
0.02737737737737738  8.805775491779597  8.803814332540659
0.02742742742742743  8.676510023486562  8.674502758672375
0.02747747747747748  8.545099467255181  8.543047889921128
0.02752752752752753  8.411576311468322  8.409482339277723
0.02757757757757758  8.275973566803389  8.273839240337683
0.02762762762762763  8.13832475807124  8.136152238943296
0.02767767767767768  7.998663915927906  7.996455484700991
0.02772772772772773  7.857025568461333  7.854783622373001
0.02777777777777778  7.713444732655019  7.711171783152063
0.02782782782782783  7.567956905731011  7.565655575812063
0.02787787787787788  7.420598056373835  7.418271077749504
0.02792792792792793  7.271404615838256  7.269054825903992
0.02797797797797798  7.120413468942358  7.118043807575554
0.02802802802802803  6.9676619449486  6.965275451125628
0.02807807807807808  6.813187808335151  6.810787616575881
0.02812812812812813  6.65702924945929  6.654618586103628
0.02817817817817818  6.499224875115876  6.496807054434768
0.02822822822822823  6.339813698992627  6.33739211913717
0.02827827827827828  6.178835132024832  6.176413270821061
0.02832832832832833  6.01632897265204  6.013910383243523
0.02837837837837838  5.852335396978592  5.849923703322235
0.02842842842842843  5.686894948841218  5.684493841063142
0.02847847847847848  5.520048529785335  5.517661759400184
0.02852852852852853  5.35183738895313  5.349468763953737
0.02857857857857858  5.182303112885681  5.179956492708546
0.02862862862862863  5.011487615241522  5.009166905614234
0.02867867867867868  4.839433126434626  4.837142274110804
0.02872872872872873  4.666182183193673  4.663925170582702
0.02877877877877878  4.491777618046059  4.489558457744162
0.02882882882882883  4.316262548728245  4.314085277955944
0.02887887887887888  4.139680367526152  4.13754904248107
0.02892892892892893  3.962074730547211  3.959993420677465
0.02897897897897898  3.78348954692749  3.781462329134726
0.02902902902902903  3.603968967976085  3.601999920753054
0.02907907907907908  3.423557376259785  3.421650573772172
0.02912912912912913  3.242299374630373  3.24045888074798
0.02917917917917918  3.06023977519777  3.058469637483549
0.02922922922922923  2.877423588251013  2.875727831918355
0.02927927927927928  2.693896011130728  2.692278632970695
0.02932932932932933  2.509702417054939  2.508167379347328
0.02937937937937938  2.324888343901622  2.323439568314834
0.02942942942942943  2.139499482950534  2.138140844437223
0.02947947947947948  1.953581667586976  1.952316988286006
0.02952952952952953  1.767180861970672  1.7660139051227
0.02957957957957958  1.580343149671992  1.579277613553833
0.02962962962962963  1.393114722279029  1.392154234170023
0.02967967967967968  1.205541867977631  1.20468997816041
0.02972972972972973  1.017670960107669  1.016931135918409
0.02977977977977978  0.8295484456984589  0.8289240656254941
0.02982982982982983  0.6412208339855255  0.6407151818329041
0.02987987987987988  0.4527346849124911  0.4523509440319637
0.02992992992992993  0.2641365976200125  0.2638778452205914
0.02997997997997998  0.07547319892523419  0.07534240046728849
0.03003003003003003  -0.1132088648536091  -0.1132088645222571
0.03008008008008008  -0.301862932354506  -0.3017294248357036
0.03013013013013013  -0.4904423614287527  -0.4901727677777751
0.03018018018018018  -0.6789005298725667  -0.6784924042864678
0.03023023023023023  -0.8671908454632449  -0.8666418803323594
0.03028028028028028  -1.055266757478351  -1.054574788309263
0.03033033033033033  -1.243081768204116  -1.242244778403247
0.03038038038038038  -1.430589444431074  -1.429605569942492
0.03043043043043043  -1.617743428933554  -1.616610962722706
0.03048048048048048  -1.804497451930518  -1.803214848311397
0.03053053053053053  -1.990805342524641  -1.989371221317801
0.03058058058058058  -2.176621040117156  -2.175034190636638
0.03063063063063063  -2.36189860579509  -2.360157990654411
0.03068068068068068  -2.54659223368887  -2.544696992423526
0.03073073073073073  -2.730656262296552  -2.728605714792665
0.03078078078078078  -2.914045185772737  -2.911838835499711
0.03083083083083083  -3.096713665178878  -3.094351202219749
0.03088088088088088  -3.278616539692169  -3.276097843563467
0.03093093093093093  -3.459708837770711  -3.45703398002963
0.03098098098098098  -3.639945788271524  -3.637115034905055
0.03103103103103103  -3.819282831519331  -3.816296645109248
0.03108108108108108  -3.997675630322905  -3.994534671982673
0.03113113113113113  -4.175080080936358  -4.171785212016701
0.03118118118118118  -4.351452323962934  -4.348004607520783
0.03123123123123123  -4.526748755198061  -4.523149457225094
0.03128128128128128  -4.700926036409633  -4.697176626818887
0.03133133133133133  -4.873941106052455  -4.87004325941591
0.03138138138138138  -5.045751189913945  -5.041706785953518
0.03143143143143143  -5.216313811689578  -5.21212493551419
0.03148148148148149  -5.38558680348363  -5.381255745571036
0.03153153153153153  -5.553528316234591  -5.549057572158523
0.03158158158158159  -5.7200968300614  -5.715489099958932
0.03163163163163163  -5.885251164527941  -5.880509352307314
0.03168168168168169  -6.048950488824567  -6.044077701112442
0.03173173173173173  -6.211154331861874  -6.206153876686677
0.03178178178178179  -6.371822592276864  -6.366697977493442
0.03183183183183183  -6.53091554834675  -6.525670479793004
0.03188188188188189  -6.688393867809345  -6.683032247205431
0.03193193193193193  -6.844218617587098  -6.838744540168248
0.03198198198198199  -6.998351273412398  -6.99276902530188
0.03203203203203203  -7.15075372935167  -7.145067784672797
0.03208208208208209  -7.30138830722654  -7.295603324955225
0.03213213213213213  -7.450217765928409  -7.444338586487642
0.03218218218218218  -7.597205310626064  -7.591236952224395
0.03223223223223223  -7.742314601861832  -7.736262256580295
0.03228228228228228  -7.885509764535941  -7.879378794160355
0.03233233233233233  -8.026755396775821  -8.02055132838349
0.03238238238238238  -8.166016578688252  -8.159745099990996
0.03243243243243243  -8.303258880992775  -8.296925835434322
0.03248248248248248  -8.438448373533245  -8.432059755153444
0.03253253253253253  -8.571551633666479  -8.565113581730241
0.03258258258258259  -8.702535754525211  -8.696054547921889
0.03263263263263264  -8.831368353153492  -8.824850404572462
0.03268268268268269  -8.958017578512733  -8.951469428401452
0.03273273273273274  -9.082452119356038  -9.075880429661844
0.03278278278278279  -9.204641211969321  -9.198052759674683
0.03283283283283284  -9.324554647776765  -9.317956318231055
0.03288288288288288  -9.442162780809401  -9.435561560866667
0.03293293293293294  -9.557436535034231  -9.550839505997327
0.03298298298298298  -9.670347411542615  -9.663761741929436
0.03303303303303304  -9.780867495596192  -9.774300433726696
0.03308308308308308  -9.88896946352776  -9.882428329942842
0.03313313313313314  -9.994626589496924  -9.988118769216825
0.03318318318318318  -10.09781275209694  -10.09134568672661
0.03323323323323324  -10.19850244081307  -10.19208362050083
0.03328328328328328  -10.29667076232916  -10.29030771758879
0.03333333333333334  -10.39229344668212  -10.3859937400873
0.03338338338338338  -10.48534685326203  -10.47911807101847
0.03343343343343344  -10.57580797665682  -10.56965772006642
0.03348348348348348  -10.66365445233969  -10.65759032915785
0.03353353353353353  -10.74886456219841  -10.74289417790406
0.03358358358358358  -10.83141723990444  -10.82554818888168
0.03363363363363363  -10.91129207612126  -10.90553193276961
0.03368368368368369  -10.98846932355001  -10.9828256333301
0.03373373373373374  -11.06292990181154  -11.05741017223616
0.03378378378378379  -11.13465540216373  -11.12926709374506
0.03383383383383384  -11.20362809205242  -11.19837860921512
0.03388388388388389  -11.26983091949561  -11.26472760146487
0.03393393393393394  -11.33324751729898  -11.32829762897736
0.03398398398398399  -11.3938622071024  -11.38907292994138
0.03403403403403404  -11.45166000325603  -11.44703842613733
0.03408408408408409  -11.50662661652515  -11.50217972665891
0.03413413413413414  -11.5587484576229  -11.55448313147488
0.03418418418418419  -11.60801264056986  -11.60393563482893
0.03423423423423423  -11.65440698587983  -11.65052492847577
0.03428428428428429  -11.69792002357098  -11.69423940475319
0.03433433433433433  -11.73854099600141  -11.73506815948972
0.03438438438438439  -11.77625986052893  -11.77300099474883
0.03443443443443443  -11.81106729199365  -11.80802842140301
0.03448448448448449  -11.8429546850236  -11.84014166154546
0.03453453453453453  -11.87191415616206  -11.86933265073332
0.03458458458458459  -11.89793854581671  -11.89559404006033
0.03463463463463463  -11.92102142002952  -11.91891919806637
0.03468468468468468  -11.94115707206754  -11.93930221247406
0.03473473473473473  -11.95834052383366  -11.95673789175918
0.03478478478478478  -11.97256752709736  -11.97122176654552
0.03483483483483484  -11.98383456454503  -11.98275009083834
0.03488488488488489  -11.99213885065146  -11.99131984308043
0.03493493493493494  -11.99747833235769  -11.99692872704039
0.03498498498498499  -11.99985168960308  -11.99957517252744
0.03503503503503504  -11.99925833562224  -11.99925833593927
0.03508508508508509  -11.99569841710802  -11.99597810063094
0.03513513513513514  -11.9891728141784  -11.98973507712079
0.03518518518518519  -11.97968314013851  -11.98053060311538
0.03523523523523524  -11.96723174110375  -11.96836674336979
0.03528528528528529  -11.95182169540868  -11.95324628936954
0.03533533533533534  -11.93345681284815  -11.93517275884421
0.03538538538538539  -11.91214163373543  -11.9141503951055
0.03543543543543544  -11.88788142777979  -11.8901841662173
0.03548548548548549  -11.86068219278358  -11.86327976398576
0.03553553553553554  -11.83055065315945  -11.83344360278507
0.03558558558558559  -11.79749425826796  -11.80068281820516
0.03563563563563564  -11.76152118057579  -11.76500526553022
0.03568568568568568  -11.72264031363536  -11.72641951804351
0.03573573573573574  -11.68086126988606  -11.6849348651615
0.03578578578578578  -11.63619437827787  -11.64056131039434
0.03583583583583584  -11.58865068171761  -11.59330956913752
0.03588588588588588  -11.53824193433906  -11.54319106629148
0.03593593593593594  -11.48498059859675  -11.49021793370811
0.03598598598598599  -11.42887984218522  -11.43440300747096
0.03603603603603604  -11.36995353478327  -11.37575982500183
0.03608608608608609  -11.30821624462528  -11.3143026219997
0.03613613613613614  -11.2436832348994  -11.25004632921042
0.03618618618618619  -11.17637045997411  -11.18300656902616
0.03623623623623624  -11.1062945614539  -11.1131996519204
0.03628628628628629  -11.03347286406494  -11.04064257270934
0.03633633633633634  -10.95792337137205  -10.96535300665417
0.03638638638638639  -10.87966476132765  -10.88734930539069
0.03643643643643644  -10.79871638165402  -10.80665049269426
0.03648648648648649  -10.71509824506021  -10.72327626008557
0.03653653653653654  -10.62883102429412  -10.63724696226535
0.03658658658658659  -10.53993604703179  -10.54858361238857
0.03663663663663664  -10.44843529060462  -10.45730787717726
0.03668668668668669  -10.35435137656585  -10.36344207187057
0.03673673673673674  -10.25770756509807  -10.26700915501401
0.03678678678678679  -10.15852774926255  -10.16803272308927
0.03683683683683684  -10.0568364490923  -10.06653700498645
0.03688688688688689  -9.952658805530017  -9.962546856316074
0.03693693693693694  -9.846020574212513  -9.856087753566587
0.03698698698698699  -9.736948119103388  -9.747185788106339
0.03703703703703703  -9.625468405974964  -9.635867660028874
0.03708708708708709  -9.511608995741678  -9.52216067184834
0.03713713713713714  -9.395398037646412  -9.406092722038974
0.03718718718718719  -9.276864262300888  -9.287692298427508
0.03723723723723724  -9.156036974583193  -9.166988471433806
0.03728728728728729  -9.032946046392254  -9.044010887163457
0.03733733733733734  -8.90762190926325  -8.918789760356436
0.03738738738738739  -8.780095546843569  -8.791355867183347
0.03743743743743744  -8.6503984872333  -8.661740537906331
0.03748748748748749  -8.518562795190292  -8.529975649391549
0.03753753753753754  -8.384621064203003  -8.39609361748288
0.03758758758758759  -8.24860640843259  -8.260127389235814
0.03763763763763764  -8.11055245452595  -8.122110435013226
0.03768768768768769  -7.970493333302586  -7.982076740444799
0.03773773773773774  -7.828463671316316  -7.840060798252807
0.03778778778778779  -7.684498582294775  -7.696097599944727
0.03783783783783784  -7.538633658458359  -7.550222627373058
0.03788788788788789  -7.390904961720682  -7.40247184416842
0.03793793793793794  -7.241349014773364  -7.252881687043057
0.03798798798798799  -7.090002792056394  -7.101489056969769
0.03803803803803804  -6.936903710617182  -6.948331310238175
0.03808808808808809  -6.782089620860079  -6.793446249384414
0.03813813813813814  -6.625598797188438  -6.636872114007335
0.03818818818818819  -6.467469928542601  -6.47864757146225
0.03823823823823824  -6.30774210883455  -6.318811707440813
0.03828828828828829  -6.146454827283035  -6.1574040164369
0.03833833833833834  -5.983647958650741  -5.994464392099285
0.03838838838838839  -5.819361753385992  -5.830033117478692
0.03843843843843844  -5.653636827672018  -5.664150855161945
0.03848848848848849  -5.486514153385361  -5.496858637306683
0.03853853853853854  -5.318035047966449  -5.328197855568709
0.03858858858858859  -5.14824116420513  -5.158210250932847
0.03863863863863864  -4.977174479942376  -4.986937903440934
0.03868868868868869  -4.804877287692928  -4.81442322182967
0.03873873873873874  -4.631392184188803  -4.640708933068883
0.03878878878878879  -4.456762059848722  -4.465838071814883
0.03883883883883884  -4.281030088173993  -4.28985396976796
0.03888888888888889  -4.104239715075177  -4.112800244954379
0.03893893893893894  -3.926434648130955  -3.934720790913386
0.03898898898898899  -3.747658845782341  -3.755659765810322
0.03903903903903904  -3.567956506465176  -3.575661581470521
0.03908908908908909  -3.387372057682703  -3.394770892335568
0.03913913913913914  -3.205950145022284  -3.213032584348699
0.03918918918918919  -3.02373562111752  -3.030491763767292
0.03923923923923924  -2.840773534559527  -2.847193745910986
0.03928928928928929  -2.657109118759846  -2.663184043842115
0.03933933933933934  -2.472787780767055  -2.47850835698612
0.03938938938938939  -2.287855090041531  -2.293212559690331
0.03943943943943944  -2.102356767188942  -2.107342689728745
0.03948948948948949  -1.916338672657075  -1.920944936754623
0.03953953953953954  -1.729846795397895  -1.734065630694378
0.03958958958958959  -1.542927241497561  -1.546751230104865
0.03963963963963964  -1.35562622277818  -1.359048310478742
0.03968968968968969  -1.167990045372605  -1.171003552510279
0.03973973973973974  -0.9800650982763967  -0.9826637303194667
0.0397897897897898  -0.791897841879286  -0.7940756996467521
0.03983983983983984  -0.6035347964787185  -0.6052863860086125
0.0398898898898899  -0.4150225307789401  -0.4163427728257267
0.03993993993993994  -0.2264076503778494  -0.2272918895272107
0.03998998998999  -0.03773678624467505  -0.03818079962652966
0.04004004004004004  0.1509434108490234  0.1509434112190913
0.04009009009009009  0.3395862814927687  0.3400336471683402
0.04014014014014014  0.5281451874238035  0.5290428141680789
0.04019019019019019  0.7165735115126313  0.7179238319381681
0.04024024024024024  0.9048246689153798  0.9066296459620041
0.04029029029029029  1.092852118590974  1.09511323948292
0.04034034034034034  1.280609374807465  1.283327645501582
0.04039039039039039  1.46805001863426  1.471225958769053
0.04044044044044044  1.65512770941845  1.658761347779747
0.04049049049049049  1.841796196241239  1.845887066747691
0.04054054054054054  2.028009329352813  2.032556467579282
0.04059059059059059  2.213721071581407  2.218723011825554
0.04064064064064064  2.398885509715176  2.404340282616829
0.04069069069069069  2.583456865853219  2.589361996577332
0.04074074074074074  2.767389508722904  2.773742015711306
0.04079079079079079  2.950637964961646  2.957434359264698
0.04084084084084084  3.133156930358542  3.140393215550981
0.04089089089089089  3.314901281055276  3.322572953745625
0.04094094094094095  3.495826084701805  3.503928135638799
0.040990990990991  3.675886611564802  3.68441352734691
0.04104104104104105  3.855038345586328  3.86398411098133
0.04109109109109109  4.033236995388996  4.042595096265085
0.04114114114114115  4.21043850522643  4.220201932100587
0.04119119119119119  4.386599065874777  4.396760318078702
0.04124124124124125  4.561675125463628  4.572226215932028
0.04129129129129129  4.735623400243298  4.746555860928669
0.04134134134134135  4.908400885285623  4.91970577319129
0.04139139139139139  5.079964865115981  5.091632768958637
0.04144144144144144  5.250272924273887  5.262293971768555
0.04149149149149149  5.419282957798913  5.431646823566362
0.04154154154154154  5.586953181640609  5.599649095739118
0.04159159159159159  5.75324214298825  5.766258900060095
0.04164164164164164  5.918108730519381  5.931434699556818
0.04169169169169169  6.081512184563544  6.095135319283837
0.04174174174174174  6.243412107179098  6.257319957009841
0.04179179179179179  6.403768472140971  6.417948193802709
0.04184184184184184  6.562541634835868  6.576980004525532
0.04189189189189189  6.719692342063786  6.734375768222121
0.04194194194194194  6.87518174174224  6.890096278405798
0.04199199199199199  7.028971392511823  7.044102753235578
0.04204204204204205  7.181023273239751  7.196356845584396
0.0420920920920921  7.331299792419685  7.346820652991976
0.04214214214214215  7.479763797465609  7.495456727502241
0.0421921921921922  7.626378583896645  7.642228085380352
0.04224224224224225  7.77110790441179  7.787098216704122
0.0422922922922923  7.913915977850809  7.930031094834706
0.04234234234234235  8.054767498040588  8.070991185755057
0.0423923923923924  8.193627642523722  8.209943457275502
0.04244244244244245  8.330462081167477  8.346853388107238
0.0424924924924925  8.465236984651321  8.481686976796864
0.04254254254254254  8.597919032830207  8.614410750520889
0.0425925925925926  8.728475422972425  8.744991773736063
0.04264264264264264  8.85687387786921  8.873397656685901
0.04269269269269269  8.983082653814556  8.999596563752791
0.04274274274274274  9.107070548453239  9.123557221669721
0.04279279279279279  9.228806908494661  9.245248927563523
0.04284284284284284  9.348261637291376  9.36464155685405
0.04289289289289289  9.465405202279737  9.481705570986694
0.04294294294294294  9.58020864228104  9.596412025006691
0.04299299299299299  9.692643574661739  9.70873257496482
0.04304304304304304  9.802682202350159  9.818639485164358
0.04309309309309309  9.910297320708821  9.92610563522984
0.04314314314314315  10.01546232426019  10.03110452701028
0.0431931931931932  10.11815121326411  10.13361029130878
0.04324324324324325  10.21833860014587  10.2335976944312
0.0432932932932933  10.31599971577249  10.33104214456439
0.04334334334334335  10.41111041557649  10.42591969796598
0.0433933933933934  10.50364718552493  10.51820706497981
0.04344344344344345  10.59358714793279  10.60788161586069
0.0434934934934935  10.68090806711905  10.69492138641699
0.04354354354354355  10.76558835490373  10.77930508346261
0.0435935935935936  10.84760707594528  10.86101209008237
0.04364364364364365  10.92694395291621  10.94002247070073
0.0436936936936937  11.00357937151634  11.01631697596096
0.04374374374374375  11.07749438532185  11.08987704740789
0.0437937937937938  11.14867072046941  11.16068482197467
0.04384384384384385  11.21709078017401  11.2287231362682
0.04389389389389389  11.28273764907926  11.29397553065919
0.04394394394394395  11.34559509743946  11.35642625316953
0.04399399399399399  11.40564758513189  11.41606026315308
0.04404404404404404  11.46288026549883  11.47286323478037
0.04409409409409409  11.51727898901808  11.5268215603108
0.04414414414414414  11.568830306801  11.57792235316405
0.04419419419419419  11.61752147391759  11.62615345078027
0.04424424424424424  11.66334045254718  11.67150341727422
0.0442942942942943  11.70627591495471  11.71396154588089
0.04434434434434435  11.74631724629115  11.75351786118899
0.0443943943943944  11.78345454721775  11.79016312116292
0.04444444444444445  11.8176786363535  11.82388881895602
0.0444944944944945  11.84898105254496  11.85468718451114
0.04454454454454455  11.8773540569581  11.88255118594503
0.0445945945945946  11.90279063499159  11.90747453072104
0.04464464464464465  11.9252844980109  11.92945166660972
0.0446946946946947  11.94483008490316  11.94847778243439
0.04474474474474475  11.96142256345187  11.96454880859699
0.0447947947947948  11.97505783153167  11.9776614174003
0.04484484484484485  11.98573251812243  11.98781302314124
0.0448948948948949  11.99344398414362  11.99500178200283
0.04494494494494495  11.99819032309968  11.99922659171877
0.044994994994995  11.99997036157266  12.00048709103381
0.04504504504504505  11.99878365947758  11.99878365893933
0.0450950950950951  11.99463051020749  11.99411741370318
0.04514514514514515  11.98751194053265  11.98649021167842
0.0451951951951952  11.97742971036414  11.97590464590275
0.04524524524524524  11.96438631231172  11.96236404448026
0.0452952952952953  11.94838497106867  11.94587246875302
0.04534534534534534  11.92942964261467  11.92643471126109
0.0453953953953954  11.90752501323775  11.90405629348696
0.04544544544544545  11.88267649837578  11.8787434633896
0.0454954954954955  11.85489024127756  11.85050319273533
0.04554554554554555  11.82417311148406  11.81934317420582
0.0455955955955956  11.79053270313014  11.78527181831163
0.04564564564564565  11.75397733306695  11.74829825008974
0.0456956956956957  11.7145160388059  11.70843230559736
0.04574574574574575  11.67215857628433  11.66568452820022
0.0457957957957958  11.62691541745347  11.62006616465834
0.04584584584584585  11.57879774768965  11.57158916100794
0.0458958958958959  11.52781746302881  11.52026615824174
0.04594594594594595  11.47398716722563  11.46611048779206
0.045995995995996  11.41732016863745  11.40913616681154
0.04604604604604605  11.35783047693406  11.34935789326341
0.0460960960960961  11.29553279963425  11.28679104081147
0.04614614614614615  11.23044253846957  11.22145165351994
0.0461961961961962  11.16257578557672  11.15335644036056
0.04624624624624625  11.09194931951909  11.08252276953037
0.0462962962962963  11.01858060113861  11.00896866258655
0.04634634634634635  10.94248776923905  10.93271278838803
0.0463963963963964  10.8636896361015  10.85377445685921
0.04644644644644645  10.78220568283361  10.77217361257201
0.0464964964964965  10.69805605455316  10.68793082814869
0.04654654654654655  10.61126155540783  10.6010672974868
0.0465965965965966  10.52184364343169  10.51160482881095
0.04664664664664665  10.42982442524022  10.4195658375529
0.0466966966966967  10.33522665056516  10.32497333906183
0.04674674674674675  10.23807370662977  10.22785094114926
0.0467967967967968  10.1383896123673  10.12822283646677
0.04684684684684685  10.03619901248254  10.02611379472511
0.0468968968968969  9.931527171359141  9.921549154752091
0.04694694694694695  9.824399966813573  9.814554816396983
0.046996996996997  9.71484388369729  9.705157232278875
0.04704704704704705  9.602886007349195  9.593383399386935
0.0470970970970971  9.488554016899153  9.479260850531171
0.04714714714714715  9.371876178425149  9.362817645650782
0.0471971971971972  9.252881337965102  9.244082362980613
0.04724724724724725  9.131598914385226  9.123084090075588
0.0472972972972973  9.008058892107085  8.999852414707286
0.04734734734734735  8.88229181369447  8.874417415620472
0.0473973973973974  8.75432877230253  8.746809653166018
0.04744744744744745  8.624201403990742  8.617060159807654
0.0474974974974975  8.491941879901395  8.485200430503761
0.04754754754754755  8.357582898306367  8.351262412974291
0.0475975975975976  8.221157676522898  8.215278497845858
0.04764764764764765  8.082699942701568  8.077281508693986
0.0476976976976977  7.942243927487736  7.93730469196775
0.04774774774774775  7.799824355558657  7.795381706815015
0.0477977977977978  7.655476437038885  7.651546614802605
0.04784784784784785  7.509235858795088  7.505833869543432
0.0478978978978979  7.361138775613507  7.358278306220886
0.04794794794794795  7.211221801261305  7.208915131033542
0.047997997997998  7.059521999434744  7.057779910540359
0.04804804804804805  6.906076874596263  6.904908560935783
0.0480980980980981  6.750924362701824  6.750337337232119
0.04814814814814815  6.594102821822706  6.59410282237732
0.0481981981981982  6.435651022661818  6.436241916292052
0.04824824824824825  6.275608138968997  6.276791824843216
0.0482982982982983  6.114013737855815  6.115790048751668
0.04834834834834835  5.950907770013717  5.953274372440422
0.0483983983983984  5.78633055983716  5.789282852822011
0.04844844844844845  5.620322795454042  5.62385380803817
0.0484984984984985  5.452925518666907  5.45702580614511
0.04854854854854855  5.284180114805904  5.288837653759865
0.0485985985985986  5.114128302497449  5.119328384658225
0.04864864864864865  4.94281212335024  4.948537248340263
0.0486986986986987  4.770273931561177  4.776503698560822
0.04874874874874875  4.596556383444589  4.60326738182835
0.0487987987987988  4.421702426886205  4.42886812588286
0.04884884884884885  4.245755290725326  4.253345928147668
0.0488988988988989  4.068758474067606  4.076740944162796
0.04894894894894895  3.89075573553049  3.899093476009575
0.048998998998999  3.711791082425437  3.720443960719768
0.04904904904904905  3.531908759877704  3.540832958682044
0.0490990990990991  3.351153239887903  3.360301142045025
0.04914914914914915  3.169569210337337  3.178889283120289
0.0491991991991992  2.987201563939687  2.996638242794848
0.04924924924924926  2.804095387142744  2.813588958949385
0.04929929929929931  2.620295948981404  2.629782434893457
0.04934934934934935  2.435848689886165  2.445259727812203
0.0493993993993994  2.250799210448874  2.26006193724116
0.04944944944944945  2.065193260148971  2.074230193562064
0.0494994994994995  1.87907672604329  1.88780564652449
0.04954954954954955  1.692495621421059  1.700829453808215
0.0495995995995996  1.505496074428606  1.513342769612579
0.04964964964964965  1.318124316664727  1.325386733292024
0.0496996996996997  1.130426671751499  1.13700245803296
0.04974974974974975  0.9424495438813763  0.9482310195782236
0.0497997997997998  0.754239406345014  0.7591134450032806
0.04984984984984985  0.5658427900418718  0.5696907015449749
0.0498998998998999  0.3773062719761191  0.3800036854918887
0.04994994994994995  0.1886764637420548  0.1900932111332813
0.05  -1.396799342856525e-14  -2.236196859362267e-10
