t  x_1  x_2
0  0.000300535456234489  1e-18
1.001001001001001e-05  0.0002131552956565481  1e-18
2.002002002002002e-05  0.0003648151375714341  1e-18
3.003003003003003e-05  0.0005715016603431327  1.350926888277101e-17
4.004004004004004e-05  0.0007346534949588027  1.487778780781446e-17
5.005005005005005e-05  0.0008281970222542412  1e-18
6.006006006006006e-05  0.0008784385819687172  3.78807269888147e-17
7.007007007007007e-05  0.0009384849781795053  1e-18
8.008008008008008e-05  0.001060508836990166  1.487778780781446e-17
9.009009009009009e-05  0.001270905893071427  2.960979249076398e-17
0.0001001001001001001  0.001554252557551765  6.306335383118183e-17
0.0001101101101101101  0.001851015067581882  6.306335383118183e-17
0.0001201201201201201  0.002070826544551119  7.950462293418876e-17
0.0001301301301301301  0.00211851498673913  2.875557561562891e-17
0.0001401401401401401  0.00192551004768152  7.038893903907229e-17
0.0001501501501501501  0.001476564783847557  5.651115123125783e-17
0.0001601601601601602  0.0008222350139064597  5.651115123125783e-17
0.0001701701701701702  7.193658902454771e-05  1e-18
0.0001801801801801802  0.0006349999960534211  7.950462293418876e-17
0.0001901901901901902  0.001162255443106767  5.651115123125783e-17
0.0002002002002002002  0.001420223990166344  8.426672684688674e-17
0.0002102102102102102  0.001388443133037239  2.875557561562891e-17
0.0002202202202202202  0.001120437596314949  1e-18
0.0002302302302302302  0.0007249035655394791  1.251267076623636e-16
0.0002402402402402402  0.000330057285650509  1e-18
0.0002502502502502502  4.369359322964959e-05  5.651115123125783e-17
0.0002602602602602602  8.30604933702537e-05  5.651115123125783e-17
0.0002702702702702703  5.806410455159678e-05  1.251267076623636e-16
0.0002802802802802803  5.633191040049126e-05  1e-18
0.0002902902902902903  0.0001626003922314731  5.651115123125783e-17
0.0003003003003003003  0.0001906664092171051  5.651115123125783e-17
0.0003103103103103103  0.0001118615908651321  1e-18
0.0003203203203203203  4.718437456213473e-05  5.651115123125783e-17
0.0003303303303303303  0.0001818868689480875  5.651115123125783e-17
0.0003403403403403403  0.0001901072052330886  1.120223024625156e-16
0.0003503503503503503  3.87599526089522e-05  5.651115123125783e-17
0.0003603603603603604  0.000524224672409274  5.651115123125783e-17
0.0003703703703703704  0.001249645032705429  5.651115123125783e-17
0.0003803803803803804  0.002086550265927471  5.651115123125783e-17
0.0003903903903903904  0.002851277420706421  1.120223024625156e-16
0.0004004004004004004  0.0033417045518431  1.120223024625156e-16
0.0004104104104104104  0.003388604011832646  1e-18
0.0004204204204204204  0.002902108256237221  1e-18
0.0004304304304304304  0.001900656185268811  1e-18
0.0004404404404404404  0.0005145639048513202  1e-18
0.0004504504504504505  0.001039711037142757  1e-18
0.0004604604604604604  0.002500091100419114  1e-18
0.0004704704704704705  0.00362166958248956  1e-18
0.0004804804804804805  0.004226427968457631  1.120223024625156e-16
0.0004904904904904905  0.004242336648807655  1e-18
0.0005005005005005005  0.003716251018969848  1e-18
0.0005105105105105105  0.002798889601898849  1.120223024625156e-16
0.0005205205205205205  0.001705876483314034  1e-18
0.0005305305305305305  0.0006649683308332192  1e-18
0.0005405405405405405  0.0001377993754806963  1e-18
0.0005505505505505506  0.0005947868675410408  1e-18
0.0005605605605605605  0.000699106378060303  1e-18
0.0005705705705705706  0.0005305011335505215  1e-18
0.0005805805805805806  0.0002257295930455103  1e-18
0.0005905905905905905  6.59081643829411e-05  1e-18
0.0006006006006006006  0.0002250584484696986  1e-18
0.0006106106106106106  0.0001939317811122678  1e-18
0.0006206206206206207  1.512094480420479e-05  1e-18
0.0006306306306306306  0.000330739064381443  1e-18
0.0006406406406406406  0.000651922936802104  1e-18
0.0006506506506506507  0.0008819070192044264  1e-18
0.0006606606606606606  0.0009584863595842125  1e-18
0.0006706706706706706  0.0008701789433903724  1e-18
0.0006806806806806807  0.0006549916804057287  1e-18
0.0006906906906906907  0.0003837647433277418  1e-18
0.0007007007007007007  0.0001351016125151427  1e-18
0.0007107107107107107  3.620171487267883e-05  1e-18
0.0007207207207207207  9.181182159238574e-05  1e-18
0.0007307307307307307  5.472192148766483e-05  1e-18
0.0007407407407407407  4.713830663564694e-05  1e-18
0.0007507507507507507  0.0001390970990462277  1e-18
0.0007607607607607608  0.0001885685593411247  1e-18
0.0007707707707707707  0.0001692275674577493  1e-18
0.0007807807807807808  8.564707802677356e-05  1e-18
0.0007907907907907908  4.991021580623839e-05  1e-18
0.0008008008008008008  0.0001691087349782556  1e-18
0.0008108108108108108  0.0002560331492869891  1e-18
0.0008208208208208208  0.0002845027524541981  1e-18
0.0008308308308308308  0.0002523561961797648  1e-18
0.0008408408408408408  0.0001767186032720766  1e-18
0.0008508508508508508  8.718444661939435e-05  1e-18
0.0008608608608608609  3.053534210710635e-05  1e-18
0.0008708708708708709  5.379413767309745e-05  1e-18
0.0008808808808808808  6.067710889512484e-05  1e-18
0.0008908908908908909  4.371816632769077e-05  1e-18
0.0009009009009009009  3.113355153133304e-05  1e-18
0.0009109109109109108  3.889880509442662e-05  1e-18
0.0009209209209209209  3.686969000795928e-05  1e-18
0.0009309309309309309  3.340295014649449e-05  1e-18
0.000940940940940941  7.526655740262636e-05  1e-18
0.0009509509509509509  0.0001340868238537784  1e-18
0.0009609609609609609  0.0001814776753024171  1e-18
0.000970970970970971  0.0001997674469597387  1e-18
0.0009809809809809809  0.0001808000039672899  1e-18
0.0009909909909909911  0.0001275873994323173  1e-18
0.001001001001001001  5.502285842789531e-05  1e-18
0.001011011011011011  4.237454207828296e-05  1e-18
0.001021021021021021  0.0001038032501603923  1e-18
0.001031031031031031  0.0001426500580574317  1e-18
0.001041041041041041  0.0001490651154854971  1e-18
0.001051051051051051  0.0001256908216659719  1e-18
0.001061061061061061  8.273497020270463e-05  1e-18
0.001071071071071071  3.572344724200378e-05  1e-18
0.001081081081081081  2.412557339096641e-05  1e-18
0.001091091091091091  4.73904086070241e-05  1e-18
0.001101101101101101  5.679833954425488e-05  1e-18
0.001111111111111111  5.041868722935563e-05  1e-18
0.001121121121121121  3.376530981591639e-05  1e-18
0.001131131131131131  1.567424781100224e-05  1e-18
0.001141141141141141  1.536726355199168e-05  1e-18
0.001151151151151151  2.724813181629185e-05  1e-18
0.001161161161161161  3.599697857938154e-05  1.120223024625156e-16
0.001171171171171171  4.125568834942183e-05  1e-18
0.001181181181181181  4.461065443209899e-05  1e-18
0.001191191191191191  4.701863259907409e-05  1e-18
0.001201201201201201  4.800333428729301e-05  1e-18
0.001211211211211211  4.587001500180352e-05  1.120223024625156e-16
0.001221221221221221  3.867999810816276e-05  1.120223024625156e-16
0.001231231231231231  2.549988525455011e-05  1e-18
0.001241241241241241  7.640587920604325e-06  1e-18
0.001251251251251251  1.402820184240301e-05  1e-18
0.001261261261261261  3.239925061046219e-05  1.120223024625156e-16
0.001271271271271271  4.497550447063028e-05  1e-18
0.001281281281281281  4.938823892500949e-05  1e-18
0.001291291291291291  4.624117624862519e-05  1e-18
0.001301301301301301  3.915479294069594e-05  1e-18
0.001311311311311311  3.369092792141376e-05  1e-18
0.001321321321321321  3.528223689204884e-05  1e-18
0.001331331331331331  4.785693889447658e-05  1e-18
0.001341341341341341  7.293142438435175e-05  1e-18
0.001351351351351351  0.0001079927295574223  1e-18
0.001361361361361361  0.0001469482268346431  1e-18
0.001371371371371371  0.0001820512679796571  1e-18
0.001381381381381381  0.0002061879694718656  1e-18
0.001391391391391391  0.0002149731651894671  1e-18
0.001401401401401401  0.0002080805156792875  5.651115123125783e-17
0.001411411411411411  0.0001894132428770243  5.651115123125783e-17
0.001421421421421421  0.0001660604121258528  1e-18
0.001431431431431431  0.0001463313833310294  1.120223024625156e-16
0.001441441441441441  0.0001374395398103215  1.251267076623636e-16
0.001451451451451451  0.0001435656687987493  1e-18
0.001461461461461461  0.0001647999103936353  1e-18
0.001471471471471471  0.0001969755857241015  5.651115123125783e-17
0.001481481481481481  0.000232471271746041  5.651115123125783e-17
0.001491491491491492  0.0002619428683993434  7.950462293418876e-17
0.001501501501501501  0.0002764854750220363  5.651115123125783e-17
0.001511511511511511  0.0002696512716748074  5.651115123125783e-17
0.001521521521521522  0.0002388883387864004  1e-18
0.001531531531531532  0.0001861490055498549  5.651115123125783e-17
0.001541541541541541  0.0001177290740344338  2.875557561562891e-17
0.001551551551551552  4.544442715538162e-05  2.875557561562891e-17
0.001561561561561562  4.372190312156065e-05  1.765416734288351e-16
0.001571571571571571  0.000102074304286438  2.875557561562891e-17
0.001581581581581582  0.0001456426518952177  2.875557561562891e-17
0.001591591591591592  0.0001680228271395174  1.154391699630559e-16
0.001601601601601602  0.0001691301143466647  1.154391699630559e-16
0.001611611611611612  0.0001523904941940731  1.195718710066887e-16
0.001621621621621622  0.0001234778569077175  1e-18
0.001631631631631632  8.89638818298858e-05  1e-18
0.001641641641641642  5.520240744141037e-05  1e-18
0.001651651651651652  2.849226687159482e-05  2.875557561562891e-17
0.001661661661661662  1.946149325551036e-05  5.651115123125783e-17
0.001671671671671672  2.738365506915194e-05  1e-18
0.001681681681681682  3.533085883045643e-05  8.433897564733124e-17
0.001691691691691692  3.99304135962666e-05  2.875557561562891e-17
0.001701701701701702  4.193760455423973e-05  2.875557561562891e-17
0.001711711711711712  4.237179978680999e-05  4.263336342344337e-17
0.001721721721721722  4.181460941942764e-05  2.875557561562891e-17
0.001731731731731732  4.035737360676077e-05  2.875557561562891e-17
0.001741741741741742  3.779564089755686e-05  4.025231146709438e-17
0.001751751751751752  3.390433957878722e-05  2.875557561562891e-17
0.001761761761761762  2.867669875202591e-05  2.897157557069881e-17
0.001771771771771772  2.245356377504975e-05  6.306335383118183e-17
0.001781781781781782  1.592223980929852e-05  5.998059818321145e-17
0.001791791791791792  1.001358513535974e-05  6.306335383118183e-17
0.001801801801801802  5.733921463590705e-06  6.646139416680338e-17
0.001811811811811812  3.609176132102423e-06  7.950462293418876e-17
0.001821821821821822  2.43508502776018e-06  1e-18
0.001831831831831832  1.704342027767389e-06  8.986119947416683e-17
0.001841841841841842  4.549334886547868e-06  2.875557561562891e-17
0.001851851851851852  9.057385797076716e-06  1.504683490070454e-16
0.001861861861861862  1.401505241108034e-05  7.950462293418876e-17
0.001871871871871872  1.889189077799608e-05  1.01074151062168e-16
0.001881881881881882  2.350668531460652e-05  1.504683490070454e-16
0.001891891891891892  2.799212460253268e-05  5.651115123125783e-17
0.001901901901901902  3.265025638584035e-05  5.651115123125783e-17
0.001911911911911912  3.771271242104882e-05  7.950462293418876e-17
0.001921921921921922  4.308547175749282e-05  5.651115123125783e-17
0.001931931931931932  4.81799430339841e-05  1.120223024625156e-16
0.001941941941941942  5.192116139436975e-05  1.251267076623636e-16
0.001951951951951952  5.297510004197799e-05  5.651115123125783e-17
0.001961961961961962  5.016288112295635e-05  5.651115123125783e-17
0.001971971971971972  4.297322922305745e-05  5.651115123125783e-17
0.001981981981981982  3.213862350034161e-05  5.651115123125783e-17
0.001991991991991992  2.080885530804753e-05  1e-18
0.002002002002002002  1.769950135222466e-05  1.120223024625156e-16
0.002012012012012012  2.56847308839703e-05  5.651115123125783e-17
0.002022022022022022  3.429806352323589e-05  1e-18
0.002032032032032032  3.861253349395288e-05  5.651115123125783e-17
0.002042042042042042  3.75923041603783e-05  1e-18
0.002052052052052052  3.231146358664404e-05  5.651115123125783e-17
0.002062062062062062  2.572514694058365e-05  1e-18
0.002072072072072072  2.22968499178219e-05  1e-18
0.002082082082082082  2.414841379084242e-05  1e-18
0.002092092092092092  2.789014122202392e-05  1e-18
0.002102102102102102  3.010314432763539e-05  1e-18
0.002112112112112112  2.981318768095441e-05  1e-18
0.002122122122122122  2.773355696150306e-05  1.120223024625156e-16
0.002132132132132132  2.545460618792854e-05  1e-18
0.002142142142142142  2.444907597517242e-05  1e-18
0.002152152152152152  2.491809384399735e-05  1e-18
0.002162162162162162  2.580070053532709e-05  1e-18
0.002172172172172172  2.598590806716037e-05  1.120223024625156e-16
0.002182182182182182  2.517690197923951e-05  1e-18
0.002192192192192192  2.42091362402742e-05  1e-18
0.002202202202202202  2.495169197932422e-05  1e-18
0.002212212212212212  2.895101547348213e-05  1e-18
0.002222222222222222  3.574714841298792e-05  1.120223024625156e-16
0.002232232232232232  4.353983761451897e-05  1e-18
0.002242242242242242  5.050700114510337e-05  1e-18
0.002252252252252252  5.525296538799814e-05  1e-18
0.002262262262262262  5.691370844996409e-05  1e-18
0.002272272272272272  5.520975395730971e-05  1e-18
0.002282282282282282  5.04416617400025e-05  1e-18
0.002292292292292292  4.339961011004293e-05  1e-18
0.002302302302302302  3.519803960104285e-05  1e-18
0.002312312312312312  2.708511090049472e-05  1e-18
0.002322322322322322  2.028455240388818e-05  1e-18
0.002332332332332332  1.581602925651504e-05  1e-18
0.002342342342342342  1.397743977273074e-05  1e-18
0.002352352352352352  1.383175464100536e-05  1e-18
0.002362362362362362  1.397942096362491e-05  1e-18
0.002372372372372372  1.344798187964324e-05  1e-18
0.002382382382382382  1.170576893118867e-05  1e-18
0.002392392392392392  8.698801643776172e-06  1e-18
0.002402402402402402  6.26115859310235e-06  1e-18
0.002412412412412412  9.802260709208034e-06  1e-18
0.002422422422422422  1.746821484232395e-05  1e-18
0.002432432432432432  2.554625893281046e-05  1.120223024625156e-16
0.002442442442442442  3.172349856775401e-05  1e-18
0.002452452452452453  3.396159724700201e-05  1e-18
0.002462462462462462  3.071998555089242e-05  1e-18
0.002472472472472472  2.151638662239254e-05  1e-18
0.002482482482482483  8.820687643923506e-06  1e-18
0.002492492492492492  1.582187990391934e-05  1e-18
0.002502502502502502  3.462957430365504e-05  1e-18
0.002512512512512513  5.156985394690601e-05  1e-18
0.002522522522522522  6.302808594891297e-05  1e-18
0.002532532532532532  6.702694760465774e-05  1e-18
0.002542542542542543  6.33668149742938e-05  1e-18
0.002552552552552552  5.375739356594823e-05  1e-18
0.002562562562562563  4.160941488662792e-05  1e-18
0.002572572572572573  3.146583158437521e-05  1e-18
0.002582582582582582  2.704784978510794e-05  1e-18
0.002592592592592593  2.747517652503173e-05  1e-18
0.002602602602602603  2.932180814072993e-05  1e-18
0.002612612612612612  3.138616123893056e-05  1e-18
0.002622622622622623  3.380049657404129e-05  1e-18
0.002632632632632633  3.614478121015615e-05  1e-18
0.002642642642642642  3.776930062700567e-05  1e-18
0.002652652652652653  3.903163536352228e-05  1e-18
0.002662662662662663  4.121619670624654e-05  1e-18
0.002672672672672672  4.475767825401135e-05  1e-18
0.002682682682682683  4.82431308686319e-05  1e-18
0.002692692692692693  4.992418842421889e-05  1e-18
0.002702702702702703  4.977694462116506e-05  1e-18
0.002712712712712713  5.009768104635392e-05  1e-18
0.002722722722722723  5.34227507933097e-05  1e-18
0.002732732732732733  5.919314082854038e-05  1e-18
0.002742742742742743  6.42438516138673e-05  1e-18
0.002752752752752753  6.611867570152736e-05  1e-18
0.002762762762762763  6.48933336943085e-05  1.120223024625156e-16
0.002772772772772773  6.283832641839954e-05  1e-18
0.002782782782782783  6.226695793474893e-05  1e-18
0.002792792792792793  6.331673204470268e-05  1e-18
0.002802802802802803  6.480418330362422e-05  1e-18
0.002812812812812813  6.706080630710236e-05  1e-18
0.002822822822822823  7.241831049100934e-05  1e-18
0.002832832832832833  8.209641877149683e-05  1e-18
0.002842842842842843  9.389312086793253e-05  1e-18
0.002852852852852853  0.0001040996276769403  1e-18
0.002862862862862863  0.0001102888884532594  1e-18
0.002872872872872873  0.0001123725595628517  1e-18
0.002882882882882883  0.0001121467317157064  1e-18
0.002892892892892893  0.00011204693816939  1e-18
0.002902902902902903  0.0001138684580655431  1e-18
0.002912912912912913  0.0001179427121298509  1e-18
0.002922922922922923  0.0001227489180486904  1e-18
0.002932932932932933  0.000125111621746212  1e-18
0.002942942942942943  0.0001214837064292181  1e-18
0.002952952952952953  0.0001102701760439135  1.120223024625156e-16
0.002962962962962963  9.448377225495719e-05  1e-18
0.002972972972972973  8.288652730759778e-05  1e-18
0.002982982982982983  8.302888771182293e-05  1.120223024625156e-16
0.002992992992992993  8.893901260403194e-05  1.120223024625156e-16
0.003003003003003003  8.923343663222458e-05  1e-18
0.003013013013013013  8.330884357378325e-05  1e-18
0.003023023023023023  8.846035933057631e-05  1e-18
0.003033033033033033  0.0001187045407115773  1.120223024625156e-16
0.003043043043043043  0.0001580808151184807  1e-18
0.003053053053053053  0.0001841853555006645  1e-18
0.003063063063063063  0.0001823076295517025  1e-18
0.003073073073073073  0.0001487125194474158  1.251267076623636e-16
0.003083083083083083  9.789910530510221e-05  1.251267076623636e-16
0.003093093093093093  8.85504665973931e-05  1e-18
0.003103103103103103  0.000144369958685093  5.651115123125783e-17
0.003113113113113113  0.0001979894440231796  1e-18
0.003123123123123123  0.0002182164566420102  5.651115123125783e-17
0.003133133133133133  0.0001968942321840905  1e-18
0.003143143143143143  0.0001421197711632019  1.251267076623636e-16
0.003153153153153153  8.500935982272741e-05  1e-18
0.003163163163163163  9.366776256770266e-05  1.120223024625156e-16
0.003173173173173173  0.0001422063174724207  1e-18
0.003183183183183183  0.0001721683653393407  5.651115123125783e-17
0.003193193193193193  0.0001722847062104032  7.950462293418876e-17
0.003203203203203203  0.0001504145394251994  1e-18
0.003213213213213213  0.0001233253809087854  2.875557561562891e-17
0.003223223223223223  0.0001071878627552285  2.875557561562891e-17
0.003233233233233233  0.0001105737588741483  2.875557561562891e-17
0.003243243243243243  0.0001378526122635342  1.154391699630559e-16
0.003253253253253253  0.000185836054449028  2.875557561562891e-17
0.003263263263263263  0.0002383410359161352  5.651115123125783e-17
0.003273273273273273  0.0002744303713278618  6.306335383118183e-17
0.003283283283283283  0.0002782937860941569  1e-18
0.003293293293293293  0.0002457921921824855  5.651115123125783e-17
0.003303303303303303  0.000186976565501321  5.694315114139762e-17
0.003313313313313313  0.0001239275817101097  2.875557561562891e-17
0.003323323323323323  8.257405510755245e-05  4.469446951953614e-18
0.003333333333333333  7.417132804868498e-05  5.651115123125783e-17
0.003343343343343343  0.0001017073926566029  8.426672684688674e-17
0.003353353353353353  0.000171414842165838  5.651115123125783e-17
0.003363363363363363  0.0002622098388666304  7.938893903907229e-18
0.003373373373373373  0.0003405595174924296  2.875557561562891e-17
0.003383383383383383  0.0003757741731766693  2.875557561562891e-17
0.003393393393393393  0.0003494644690742475  5.987846720064158e-17
0.003403403403403403  0.0002620144786192647  2.875557561562891e-17
0.003413413413413413  0.000134697872456784  6.306335383118183e-17
0.003423423423423423  4.152422255862555e-05  2.875557561562891e-17
0.003433433433433433  0.0001240816439043923  3.78807269888147e-17
0.003443443443443443  0.0001660078049808909  1e-18
0.003453453453453453  0.0001297423655063309  2.52861286636753e-17
0.003463463463463463  3.434174803181158e-05  2.875557561562891e-17
0.003473473473473473  0.000164767097750902  2.181668171172169e-17
0.003483483483483484  0.0003581495943049104  7.950462293418876e-17
0.003493493493493493  0.0005399092586759759  7.950462293418876e-17
0.003503503503503503  0.0006790373411805793  5.651115123125783e-17
0.003513513513513514  0.0007573956769893175  5.651115123125783e-17
0.003523523523523523  0.000770406277771035  5.651115123125783e-17
0.003533533533533533  0.000724031153217803  6.306335383118183e-17
0.003543543543543544  0.0006293086059472036  7.950462293418876e-17
0.003553553553553553  0.0004969667543768284  2.875557561562891e-17
0.003563563563563563  0.0003344824940121187  2.875557561562891e-17
0.003573573573573574  0.0001469307533691585  5.651115123125783e-17
0.003583583583583583  6.133486762858282e-05  7.950462293418876e-17
0.003593593593593594  0.0002726005290673967  7.950462293418876e-17
0.003603603603603604  0.0004658353827503424  5.651115123125783e-17
0.003613613613613613  0.0006051783799924788  1e-18
0.003623623623623624  0.0006502287527215225  5.651115123125783e-17
0.003633633633633634  0.000566188463306028  1e-18
0.003643643643643643  0.0003371589370545594  1e-18
0.003653653653653654  2.20703426566944e-05  1e-18
0.003663663663663664  0.0004602495538644444  1.120223024625156e-16
0.003673673673673673  0.0008933792746882091  5.651115123125783e-17
0.003683683683683684  0.001219002893653714  5.651115123125783e-17
0.003693693693693694  0.001339094668098299  1.120223024625156e-16
0.003703703703703703  0.001186530633288842  1e-18
0.003713713713713714  0.0007481824027947603  1e-18
0.003723723723723724  7.796482949581203e-05  5.651115123125783e-17
0.003733733733733734  0.0007089689136763318  1e-18
0.003743743743743744  0.0014506432341853  1.120223024625156e-16
0.003753753753753754  0.001978582798987037  1e-18
0.003763763763763764  0.002154868787278573  1e-18
0.003773773773773774  0.001909460626510321  1e-18
0.003783783783783784  0.001262780130938329  1e-18
0.003793793793793794  0.0003273650703049444  1e-18
0.003803803803803804  0.0007155687095720975  1e-18
0.003813813813813814  0.00165200729406596  1e-18
0.003823823823823824  0.00229027953129962  1e-18
0.003833833833833834  0.002503388906119619  1e-18
0.003843843843843844  0.002260034656837213  1e-18
0.003853853853853854  0.001630526653618446  1e-18
0.003863863863863864  0.0007670043207409095  1e-18
0.003873873873873874  0.0001393610846565603  1e-18
0.003883883883883884  0.0008973320394817567  1e-18
0.003893893893893894  0.001379732434950156  1e-18
0.003903903903903904  0.001535172692742348  1e-18
0.003913913913913914  0.001400463737264958  1e-18
0.003923923923923924  0.001080280515368893  1e-18
0.003933933933933934  0.000710759437356486  1e-18
0.003943943943943944  0.0004173645814619859  1e-18
0.003953953953953954  0.0002794647722208333  1e-18
0.003963963963963964  0.0003116863979471446  1e-18
0.003973973973973974  0.0004678263118708078  1e-18
0.003983983983983984  0.0006616301669381825  1e-18
0.003993993993993994  0.0007984804443900321  1e-18
0.004004004004004004  0.0008077396799480769  1e-18
0.004014014014014014  0.0006646410422439585  1e-18
0.004024024024024024  0.0003958986371811329  1e-18
0.004034034034034034  7.080291296201038e-05  1e-18
0.004044044044044044  0.0002376963379452664  1e-18
0.004054054054054054  0.0004428719056408076  1e-18
0.004064064064064064  0.0005084051178549064  1e-18
0.004074074074074074  0.0004336547063005102  1e-18
0.004084084084084084  0.0002563096480993179  1e-18
0.004094094094094094  4.06951780548427e-05  1e-18
0.004104104104104104  0.0001646502777481918  1e-18
0.004114114114114114  0.0002952420004133518  1e-18
0.004124124124124124  0.0003385959335217322  1e-18
0.004134134134134134  0.0003031478322904081  1e-18
0.004144144144144144  0.0002179380735659159  1e-18
0.004154154154154154  0.0001189757869790802  1e-18
0.004164164164164164  3.6707045363948e-05  1e-18
0.004174174174174174  2.66308778262331e-05  1e-18
0.004184184184184184  5.661929262626522e-05  1e-18
0.004194194194194194  8.153985668267774e-05  1e-18
0.004204204204204204  0.0001194073712849699  1e-18
0.004214214214214214  0.0001823399517351062  1e-18
0.004224224224224224  0.0002683128120164473  1e-18
0.004234234234234234  0.0003599972005255673  1e-18
0.004244244244244244  0.0004296832778387553  1e-18
0.004254254254254254  0.0004483236881963457  1e-18
0.004264264264264264  0.0003955678468864909  1e-18
0.004274274274274274  0.0002674271515529124  1e-18
0.004284284284284284  7.911711008555375e-05  1e-18
0.004294294294294294  0.0001381692565034869  1e-18
0.004304304304304304  0.0003441159101339392  1e-18
0.004314314314314314  0.0005004745351433382  1e-18
0.004324324324324324  0.0005799330618407401  1e-18
0.004334334334334334  0.0005726730334758072  1e-18
0.004344344344344344  0.0004878779668316496  1e-18
0.004354354354354354  0.000350276325294136  1e-18
0.004364364364364364  0.0001929635466597815  1e-18
0.004374374374374375  4.881359655164522e-05  1e-18
0.004384384384384384  5.849155061399375e-05  1e-18
0.004394394394394394  0.0001160889904771437  1e-18
0.004404404404404405  0.00012709644885876  1e-18
0.004414414414414414  0.0001048899771474009  1e-18
0.004424424424424424  6.851048187736985e-05  1e-18
0.004434434434434435  3.645263385069397e-05  1.120223024625156e-16
0.004444444444444444  2.117690871126007e-05  1e-18
0.004454454454454454  2.373073299737527e-05  1.120223024625156e-16
0.004464464464464465  3.94299363840956e-05  1e-18
0.004474474474474474  5.921813533183938e-05  1e-18
0.004484484484484484  7.106660395149949e-05  1e-18
0.004494494494494495  6.624348616863781e-05  1e-18
0.004504504504504504  4.2917828307508e-05  1e-18
0.004514514514514514  1.592189963026541e-05  1e-18
0.004524524524524525  4.570325934455497e-05  1e-18
0.004534534534534534  7.985674263244332e-05  1e-18
0.004544544544544544  9.617432853250357e-05  1e-18
0.004554554554554555  8.87371170933012e-05  1.120223024625156e-16
0.004564564564564564  5.976601272996931e-05  1e-18
0.004574574574574574  2.304730812403021e-05  1e-18
0.004584584584584585  3.618519640013139e-05  1e-18
0.004594594594594595  6.327923891545226e-05  1e-18
0.004604604604604604  6.693879591195413e-05  1e-18
0.004614614614614615  4.163712334177978e-05  1e-18
0.004624624624624625  2.856206618701173e-05  1e-18
0.004634634634634634  9.814097019406313e-05  1e-18
0.004644644644644645  0.0001778978245228512  1e-18
0.004654654654654655  0.0002465368711906467  1e-18
0.004664664664664664  0.0002888301933187106  1e-18
0.004674674674674675  0.0002947208374215077  1e-18
0.004684684684684685  0.0002609873570132795  1e-18
0.004694694694694694  0.000191699128355717  1e-18
0.004704704704704705  9.764249981362053e-05  1e-18
0.004714714714714715  2.303727126051737e-05  1e-18
0.004724724724724724  0.000114022104130079  1e-18
0.004734734734734735  0.0001950071282675862  5.651115123125783e-17
0.004744744744744745  0.000245492064628952  1.251267076623636e-16
0.004754754754754754  0.0002588514641138404  1e-18
0.004764764764764765  0.0002346991339648538  5.651115123125783e-17
0.004774774774774775  0.0001785593161968554  1e-18
0.004784784784784784  0.0001010349224849167  1.251267076623636e-16
0.004794794794794795  2.161400880879742e-05  1e-18
0.004804804804804805  7.022380245747548e-05  7.950462293418876e-17
0.004814814814814814  0.0001318156217388187  1e-18
0.004824824824824825  0.0001671105485170989  5.651115123125783e-17
0.004834834834834835  0.0001721089855883803  1.251267076623636e-16
0.004844844844844844  0.000149212387047822  1.251267076623636e-16
0.004854854854854855  0.0001062316387141815  5.651115123125783e-17
0.004864864864864865  5.484922741811522e-05  5.651115123125783e-17
0.004874874874874875  1.297810017506439e-05  2.875557561562891e-17
0.004884884884884885  3.065552765772694e-05  1e-18
0.004894894894894895  4.124924837087726e-05  5.651115123125783e-17
0.004904904904904905  2.840037025878013e-05  6.306335383118183e-17
0.004914914914914915  1.16127023477944e-05  6.306335383118183e-17
0.004924924924924925  5.790380526584393e-05  1e-18
0.004934934934934935  0.0001121628943241953  6.306335383118183e-17
0.004944944944944945  0.0001620419769751245  1.487778780781446e-17
0.004954954954954955  0.0001993938235234062  1e-18
0.004964964964964965  0.0002192080724940404  5.651115123125783e-17
0.004974974974974975  0.0002199526737846786  2.875557561562891e-17
0.004984984984984985  0.0002031597931571282  4.469446951953614e-18
0.004994994994994995  0.0001724425992196497  2.875557561562891e-17
0.005005005005005005  0.000132309290490678  2.875557561562891e-17
0.005015015015015015  8.714676211199845e-05  4.469446951953614e-18
0.005025025025025025  4.066826772504685e-05  1e-18
0.005035035035035035  6.630881597531546e-06  5.651115123125783e-17
0.005045045045045045  4.665373105964208e-05  1.487778780781446e-17
0.005055055055055055  8.245273062598387e-05  2.062615573354719e-17
0.005065065065065065  0.0001103254011287525  8.192071311423671e-17
0.005075075075075075  0.0001277910955904373  5.694315114139762e-17
0.005085085085085085  0.0001326561751606284  4.025231146709438e-17
0.005095095095095095  0.0001236880596655637  2.52861286636753e-17
0.005105105105105105  0.0001013820627732985  2.875557561562891e-17
0.005115115115115115  6.858194985657829e-05  6.306335383118183e-17
0.005125125125125125  3.160040157663304e-05  7.950462293418876e-17
0.005135135135135135  2.093139517674511e-05  7.938893903907229e-18
0.005145145145145145  4.872252057623295e-05  2.875557561562891e-17
0.005155155155155155  6.898272531239834e-05  7.950462293418876e-17
0.005165165165165165  7.517374249879469e-05  7.038893903907229e-17
0.005175175175175175  6.743103675677242e-05  7.038893903907229e-17
0.005185185185185185  4.990842792902435e-05  2.875557561562891e-17
0.005195195195195195  3.120037525096327e-05  7.950462293418876e-17
0.005205205205205205  2.574857339219024e-05  2.875557561562891e-17
0.005215215215215215  3.284044920803431e-05  5.651115123125783e-17
0.005225225225225225  3.66563280163772e-05  5.651115123125783e-17
0.005235235235235235  3.378039400042107e-05  6.306335383118183e-17
0.005245245245245245  3.018231150694707e-05  1e-18
0.005255255255255255  3.473529127990394e-05  7.950462293418876e-17
0.005265265265265265  4.453356926243208e-05  1e-18
0.005275275275275275  5.091221059016705e-05  7.950462293418876e-17
0.005285285285285285  4.960974008974586e-05  1e-18
0.005295295295295295  4.181155688495325e-05  1e-18
0.005305305305305305  3.627693557323783e-05  1e-18
0.005315315315315315  4.543479247812093e-05  5.651115123125783e-17
0.005325325325325325  6.498015777388831e-05  5.651115123125783e-17
0.005335335335335335  8.464532545906489e-05  5.651115123125783e-17
0.005345345345345345  9.905950271260994e-05  1e-18
0.005355355355355355  0.0001060437970397687  1e-18
0.005365365365365365  0.0001053514025472357  5.651115123125783e-17
0.005375375375375375  9.797284062981129e-05  1e-18
0.005385385385385385  8.564152301389904e-05  1e-18
0.005395395395395395  7.061822035150032e-05  1e-18
0.005405405405405406  5.597253572536074e-05  1e-18
0.005415415415415415  4.63737495735044e-05  1.120223024625156e-16
0.005425425425425425  4.675419026344987e-05  1e-18
0.005435435435435436  5.612385855394741e-05  1e-18
0.005445445445445445  6.884892779618306e-05  1.120223024625156e-16
0.005455455455455455  8.064802701310678e-05  1e-18
0.005465465465465466  8.912553266385184e-05  1e-18
0.005475475475475475  9.296233244640085e-05  1e-18
0.005485485485485485  9.155959817027309e-05  1e-18
0.005495495495495496  8.498703470257661e-05  1.120223024625156e-16
0.005505505505505505  7.415479592845641e-05  1e-18
0.005515515515515515  6.133414612435877e-05  1e-18
0.005525525525525526  5.115380419947953e-05  1e-18
0.005535535535535535  4.994343315654404e-05  1e-18
0.005545545545545545  5.849749203324296e-05  1e-18
0.005555555555555556  7.015605662072871e-05  1e-18
0.005565565565565565  7.851519190214561e-05  1.120223024625156e-16
0.005575575575575575  7.990111722090736e-05  1.120223024625156e-16
0.005585585585585586  7.325622843922221e-05  1.120223024625156e-16
0.005595595595595595  6.074746064498326e-05  1.120223024625156e-16
0.005605605605605605  4.983865215921563e-05  1e-18
0.005615615615615616  5.262129222900339e-05  1e-18
0.005625625625625626  6.918696783698711e-05  1e-18
0.005635635635635635  8.816517774606177e-05  1e-18
0.005645645645645646  0.0001018038476238875  1e-18
0.005655655655655656  0.0001066595467363288  1e-18
0.005665665665665665  0.0001022028034104909  1.120223024625156e-16
0.005675675675675676  9.016781423926689e-05  1e-18
0.005685685685685686  7.402795419720141e-05  1e-18
0.005695695695695695  5.841234960591632e-05  1.120223024625156e-16
0.005705705705705706  4.799529831922128e-05  1e-18
0.005715715715715716  4.459884372538761e-05  1e-18
0.005725725725725725  4.525004134836166e-05  1e-18
0.005735735735735736  4.607421966859137e-05  1e-18
0.005745745745745746  4.555244730892013e-05  1e-18
0.005755755755755755  4.402648263134086e-05  1e-18
0.005765765765765766  4.236061426109254e-05  1e-18
0.005775775775775776  4.10517124567437e-05  1e-18
0.005785785785785785  4.009856958761662e-05  1e-18
0.005795795795795796  3.937540991754424e-05  1e-18
0.005805805805805806  3.885662464354055e-05  1e-18
0.005815815815815815  3.845182885111304e-05  1e-18
0.005825825825825826  3.784181463200356e-05  1e-18
0.005835835835835836  3.670077471785204e-05  1e-18
0.005845845845845845  3.513344050877313e-05  1e-18
0.005855855855855856  3.379663754022432e-05  1e-18
0.005865865865865866  3.332529099652661e-05  1e-18
0.005875875875875875  3.347434501668213e-05  1e-18
0.005885885885885886  3.316028200777554e-05  1e-18
0.005895895895895896  3.155218117012645e-05  1e-18
0.005905905905905906  2.92261190270334e-05  1e-18
0.005915915915915916  2.861187781843751e-05  1e-18
0.005925925925925926  3.217051320165738e-05  1e-18
0.005935935935935936  3.921922436543887e-05  1e-18
0.005945945945945946  4.706791489467985e-05  1e-18
0.005955955955955956  5.360624180549716e-05  1e-18
0.005965965965965966  5.789893657767912e-05  1e-18
0.005975975975975976  5.995728602389033e-05  1e-18
0.005985985985985986  6.035224560312377e-05  1e-18
0.005995995995995996  5.979601642288837e-05  1e-18
0.006006006006006006  5.878798466396276e-05  1e-18
0.006016016016016016  5.741747146523621e-05  1e-18
0.006026026026026026  5.537150546262303e-05  1e-18
0.006036036036036036  5.213233622808716e-05  1e-18
0.006046046046046046  4.728636947392819e-05  1e-18
0.006056056056056056  4.082350839428995e-05  1e-18
0.006066066066066066  3.330387651624603e-05  1e-18
0.006076076076076076  2.580566451356069e-05  1e-18
0.006086086086086086  1.961276832632346e-05  1e-18
0.006096096096096096  1.567476965736597e-05  1e-18
0.006106106106106106  1.425426111427429e-05  1e-18
0.006116116116116116  1.53158953786696e-05  1e-18
0.006126126126126126  1.849539442370851e-05  1e-18
0.006136136136136136  2.243132470748147e-05  1e-18
0.006146146146146146  2.514626430208191e-05  1e-18
0.006156156156156156  2.485354612920871e-05  1e-18
0.006166166166166166  2.051293006489661e-05  1e-18
0.006176176176176176  1.216331154956458e-05  1e-18
0.006186186186186186  2.248858645085551e-06  1e-18
0.006196196196196196  1.20469340667034e-05  1.120223024625156e-16
0.006206206206206206  2.294448342602248e-05  1e-18
0.006216216216216216  3.017909415856424e-05  1e-18
0.006226226226226226  3.201807079188891e-05  1e-18
0.006236236236236236  2.779613710827142e-05  1e-18
0.006246246246246246  1.806113034553525e-05  1e-18
0.006256256256256256  4.913397439714625e-06  1e-18
0.006266266266266266  1.168669757363706e-05  1e-18
0.006276276276276276  2.5945176908174e-05  1e-18
0.006286286286286286  3.702455377913744e-05  1e-18
0.006296296296296296  4.32153889152807e-05  1e-18
0.006306306306306306  4.397362367490692e-05  1.120223024625156e-16
0.006316316316316316  3.995873945089513e-05  1e-18
0.006326326326326326  3.290818517561032e-05  1e-18
0.006336336336336336  2.528838653180806e-05  1e-18
0.006346346346346346  1.971617627885427e-05  1e-18
0.006356356356356356  1.818495513938883e-05  1e-18
0.006366366366366366  2.172159559727128e-05  1e-18
0.006376376376376376  3.054942636858326e-05  1e-18
0.006386386386386386  4.35733995530908e-05  1.120223024625156e-16
0.006396396396396396  5.843725618918409e-05  1e-18
0.006406406406406407  7.233442693477597e-05  1.120223024625156e-16
0.006416416416416416  8.294549529690245e-05  1e-18
0.006426426426426426  8.930686229877186e-05  5.651115123125783e-17
0.006436436436436437  9.23898176507393e-05  5.651115123125783e-17
0.006446446446446446  9.515236344584727e-05  1e-18
0.006456456456456456  0.0001019321846084256  1e-18
0.006466466466466467  0.000117232762997217  1.251267076623636e-16
0.006476476476476476  0.00014414659556847  1e-18
0.006486486486486486  0.0001828278713930013  5.651115123125783e-17
0.006496496496496497  0.0002295383806756815  5.651115123125783e-17
0.006506506506506506  0.0002767140064781258  5.651115123125783e-17
0.006516516516516516  0.0003142373577592547  1.251267076623636e-16
0.006526526526526527  0.0003317608424863109  7.950462293418876e-17
0.006536536536536536  0.0003215741046829674  5.651115123125783e-17
0.006546546546546546  0.0002812496711407043  2.875557561562891e-17
0.006556556556556557  0.0002152380155577441  6.306335383118183e-17
0.006566566566566566  0.0001347790673885304  5.651115123125783e-17
0.006576576576576576  5.600501096465625e-05  2.875557561562891e-17
0.006586586586586587  9.316326685727601e-06  5.651115123125783e-17
0.006596596596596596  3.42794313672665e-05  6.306335383118183e-17
0.006606606606606606  2.401606931724921e-05  1.128863022827952e-16
0.006616616616616617  2.44483526040514e-05  1e-18
0.006626626626626626  9.30613369125598e-05  5.651115123125783e-17
0.006636636636636636  0.0001658015752269759  1.120223024625156e-16
0.006646646646646647  0.0002202696756782822  5.694315114139762e-17
0.006656656656656657  0.0002380338469189392  1e-18
0.006666666666666666  0.0002091607738946608  2.875557561562891e-17
0.006676676676676677  0.0001351599426462176  4.469446951953614e-18
0.006686686686686687  2.91998508497778e-05  2.960979249076398e-17
0.006696696696696696  8.853927022135377e-05  2.960979249076398e-17
0.006706706706706707  0.0001924982721364222  2.875557561562891e-17
0.006716716716716717  0.0002624970475799718  5.651115123125783e-17
0.006726726726726726  0.0002864901890722975  2.875557561562891e-17
0.006736736736736737  0.000264279660225165  7.950462293418876e-17
0.006746746746746747  0.0002071743236239543  6.934017936133214e-17
0.006756756756756756  0.0001343891917921921  2.875557561562891e-17
0.006766766766766767  6.716391891263543e-05  5.998059818321145e-17
0.006776776776776777  2.232905596338495e-05  2.832189474663471e-17
0.006786786786786786  7.262860482823346e-06  2.52861286636753e-17
0.006796796796796797  1.785375971668407e-05  7.950462293418876e-17
0.006806806806806807  4.083037359914688e-05  7.938893903907229e-18
0.006816816816816816  5.872305357174307e-05  2.875557561562891e-17
0.006826826826826827  5.748510322424542e-05  6.306335383118183e-17
0.006836836836836837  3.339324464746372e-05  8.986119947416683e-17
0.006846846846846846  3.257504957916204e-06  1.01074151062168e-16
0.006856856856856857  2.826517535898557e-05  2.875557561562891e-17
0.006866866866866867  1.179594529472009e-05  1.504683490070454e-16
0.006876876876876876  7.306317911784512e-05  7.950462293418876e-17
0.006886886886886887  0.0002364079796235198  2.875557561562891e-17
0.006896896896896897  0.0004637325712661596  2.875557561562891e-17
0.006906906906906906  0.000712222115603685  7.950462293418876e-17
0.006916916916916917  0.0009167632005852964  5.651115123125783e-17
0.006926926926926927  0.001004310516273154  7.950462293418876e-17
0.006936936936936937  0.0009138821051697695  5.651115123125783e-17
0.006946946946946947  0.000616951060136297  5.651115123125783e-17
0.006956956956956957  0.0001321255088797051  1e-18
0.006966966966966967  0.0004714639834381624  1e-18
0.006976976976976977  0.001083304528274379  1e-18
0.006986986986986987  0.001574322145455753  5.651115123125783e-17
0.006996996996996997  0.00182565873700166  5.651115123125783e-17
0.007007007007007007  0.001757750658130974  5.651115123125783e-17
0.007017017017017017  0.001351160913235194  5.651115123125783e-17
0.007027027027027027  0.0006534877019914832  1e-18
0.007037037037037037  0.0002297606463833657  5.651115123125783e-17
0.007047047047047047  0.001157106127515885  1e-18
0.007057057057057057  0.001981532568954309  5.651115123125783e-17
0.007067067067067067  0.002578809272023357  1e-18
0.007077077077077077  0.002868932262147263  1e-18
0.007087087087087087  0.002825116159333643  1e-18
0.007097097097097097  0.00247027859663382  1e-18
0.007107107107107107  0.001864173636052423  1.120223024625156e-16
0.007117117117117117  0.001086485645239156  1.120223024625156e-16
0.007127127127127127  0.0002213066000201649  1e-18
0.007137137137137137  0.0006537784219645679  1e-18
0.007147147147147147  0.001471645250041352  1e-18
0.007157157157157157  0.002176941658085388  1e-18
0.007167167167167167  0.002724576589647228  1e-18
0.007177177177177177  0.003080209228899962  1e-18
0.007187187187187187  0.003223099841497511  1e-18
0.007197197197197197  0.003150676073641582  1e-18
0.007207207207207207  0.002882478541615011  1e-18
0.007217217217217217  0.002460778818907277  1.120223024625156e-16
0.007227227227227227  0.001946104005598001  1e-18
0.007237237237237237  0.001407746191710053  1e-18
0.007247247247247247  0.0009112975506364115  1e-18
0.007257257257257257  0.0005065216103193503  1e-18
0.007267267267267267  0.0002189477313946232  1e-18
0.007277277277277277  4.749970239065464e-05  1e-18
0.007287287287287287  3.222551084670484e-05  1e-18
0.007297297297297297  5.72267806807541e-05  1e-18
0.007307307307307307  6.884314603698526e-05  1e-18
0.007317317317317317  0.0001008888494645003  1e-18
0.007327327327327327  0.0001734900496014907  1e-18
0.007337337337337337  0.0002904982347126819  1e-18
0.007347347347347347  0.0004410272710849903  1e-18
0.007357357357357357  0.0006038716156318741  1e-18
0.007367367367367367  0.000753282967640412  1e-18
0.007377377377377377  0.0008647687694884237  1e-18
0.007387387387387387  0.0009199827500483925  1e-18
0.007397397397397397  0.0009101766737428517  1e-18
0.007407407407407407  0.0008379201696161486  1e-18
0.007417417417417417  0.0007168893664057097  1e-18
0.007427427427427427  0.0005696149250448715  1e-18
0.007437437437437438  0.0004233146401705814  1e-18
0.007447447447447447  0.0003043607095929235  1e-18
0.007457457457457457  0.0002324381393367225  1e-18
0.007467467467467468  0.0002158129762774015  1e-18
0.007477477477477477  0.0002491140333723637  1e-18
0.007487487487487487  0.0003145220347588628  1e-18
0.007497497497497498  0.0003863385663328268  1e-18
0.007507507507507507  0.0004378570051757333  1e-18
0.007517517517517517  0.0004486459609635611  1e-18
0.007527527527527528  0.0004101063916820962  1e-18
0.007537537537537537  0.0003276136352075942  1e-18
0.007547547547547547  0.000218586036592456  1e-18
0.007557557557557558  0.000107097742907334  1e-18
0.007567567567567567  1.68235616487866e-05  1e-18
0.007577577577577577  3.632689002621837e-05  1e-18
0.007587587587587588  4.6813777731964e-05  1e-18
0.007597597597597597  2.202086372733838e-05  1e-18
0.007607607607607607  2.234772621009634e-05  1e-18
0.007617617617617618  6.592162345647962e-05  1e-18
0.007627627627627627  9.179157465232001e-05  1e-18
0.007637637637637637  8.976792127138016e-05  1e-18
0.007647647647647648  5.90992971949814e-05  1e-18
0.007657657657657658  7.862636510028223e-06  1e-18
0.007667667667667667  5.139564986647298e-05  1e-18
0.007677677677677678  0.0001033643285554121  1e-18
0.007687687687687688  0.000136932530840267  1e-18
0.007697697697697697  0.0001462775347350359  1e-18
0.007707707707707708  0.0001319449904581701  1e-18
0.007717717717717718  9.971534354207706e-05  1e-18
0.007727727727727727  5.830515273974382e-05  1e-18
0.007737737737737738  1.679399656442661e-05  1e-18
0.007747747747747748  1.745044567333745e-05  1e-18
0.007757757757757757  3.979343291263163e-05  1.120223024625156e-16
0.007767767767767768  4.847930209164969e-05  1e-18
0.007777777777777778  4.394828910776181e-05  1e-18
0.007787787787787787  2.79985454382744e-05  1e-18
0.007797797797797798  3.392114465975274e-06  1e-18
0.007807807807807808  2.807896648065347e-05  1e-18
0.007817817817817818  6.19786801012338e-05  1e-18
0.007827827827827828  9.494904077682846e-05  1e-18
0.007837837837837838  0.0001227009133301253  1e-18
0.007847847847847847  0.0001409676563842716  1e-18
0.007857857857857857  0.0001463620093926294  1e-18
0.007867867867867868  0.0001373955848704925  1.120223024625156e-16
0.007877877877877878  0.0001152845469103043  1e-18
0.007887887887887888  8.417750751805974e-05  1e-18
0.007897897897897898  5.061357278444302e-05  1e-18
0.007907907907907907  2.241375300607758e-05  1e-18
0.007917917917917917  8.40977832972623e-06  1e-18
0.007927927927927928  8.298616010921503e-06  1e-18
0.007937937937937938  1.882650243771258e-05  1e-18
0.007947947947947948  4.468000951217798e-05  1e-18
0.007957957957957958  7.726346691132694e-05  1e-18
0.007967967967967967  0.0001080935220491185  1e-18
0.007977977977977977  0.0001299362653231956  1e-18
0.007987987987987989  0.0001383575449299432  1e-18
0.007997997997997998  0.0001327965050533915  1e-18
0.008008008008008008  0.0001165861256822544  1e-18
0.008018018018018018  9.58770471391732e-05  1e-18
0.008028028028028027  7.775853296211007e-05  1e-18
0.008038038038038037  6.809943980186187e-05  1.120223024625156e-16
0.008048048048048049  6.986858107234984e-05  1e-18
0.008058058058058058  8.257952794374342e-05  1e-18
0.008068068068068068  0.0001025347239002536  1e-18
0.008078078078078078  0.0001237901020605658  1.120223024625156e-16
0.008088088088088087  0.0001399421874270004  1e-18
0.008098098098098097  0.0001460548745666294  1.251267076623636e-16
0.008108108108108109  0.0001400715115281104  1e-18
0.008118118118118118  0.0001233500526012584  1.251267076623636e-16
0.008128128128128128  0.0001002204794240554  1e-18
0.008138138138138138  7.671532680964196e-05  1e-18
0.008148148148148147  5.876670114591043e-05  5.651115123125783e-17
0.008158158158158157  5.025510452316444e-05  1e-18
0.008168168168168169  5.206032170718063e-05  5.651115123125783e-17
0.008178178178178178  6.281038968971835e-05  1e-18
0.008188188188188188  7.905231746848352e-05  7.950462293418876e-17
0.008198198198198198  9.558203589357908e-05  7.950462293418876e-17
0.008208208208208207  0.0001070448758560361  6.306335383118183e-17
0.008218218218218219  0.0001095274892855211  1e-18
0.008228228228228229  0.0001015232460048048  1e-18
0.008238238238238238  8.418465864441987e-05  2.875557561562891e-17
0.008248248248248248  6.098911212726308e-05  5.651115123125783e-17
0.008258258258258258  3.744627667404103e-05  7.950462293418876e-17
0.008268268268268267  2.320435433229016e-05  6.306335383118183e-17
0.008278278278278279  2.760278225849917e-05  4.263336342344337e-17
0.008288288288288289  3.751090159232265e-05  1e-18
0.008298298298298298  4.442842983210735e-05  5.651115123125783e-17
0.008308308308308308  4.788460903332471e-05  1e-18
0.008318318318318318  4.921610768648078e-05  5.651115123125783e-17
0.008328328328328327  4.972050093439808e-05  5.651115123125783e-17
0.008338338338338339  4.994681206233276e-05  2.875557561562891e-17
0.008348348348348349  4.954226205520586e-05  2.897157557069881e-17
0.008358358358358358  4.753134705001227e-05  8.455534721610418e-17
0.008368368368368368  4.291530768407453e-05  2.875557561562891e-17
0.008378378378378378  3.543370956202101e-05  1e-18
0.008388388388388388  2.642130820040885e-05  4.025231146709438e-17
0.008398398398398399  1.995487957983898e-05  5.987846720064158e-17
0.008408408408408409  2.0887767504324e-05  4.025231146709438e-17
0.008418418418418418  2.578449963586751e-05  1e-18
0.008428428428428428  2.875288638507112e-05  3.78807269888147e-17
0.008438438438438438  2.777415980434565e-05  6.306335383118183e-17
0.008448448448448448  2.361574851640532e-05  6.204170427930421e-18
0.008458458458458459  1.871342824994635e-05  7.476145397762942e-17
0.008468468468468469  1.552548995735527e-05  1.069176185818755e-16
0.008478478478478478  1.418101062131441e-05  7.950462293418876e-17
0.008488488488488488  1.382882007230309e-05  7.950462293418876e-17
0.008498498498498498  1.604490051614031e-05  1.128863022827952e-16
0.008508508508508508  2.140722075986464e-05  1.487778780781446e-17
0.008518518518518519  2.671317040291811e-05  7.950462293418876e-17
0.008528528528528529  2.843515657076106e-05  1e-18
0.008538538538538538  2.474739051980819e-05  6.306335383118183e-17
0.008548548548548548  1.624480422143863e-05  6.306335383118183e-17
0.008558558558558558  6.9036236143401e-06  5.651115123125783e-17
0.008568568568568568  7.548384899059978e-06  7.950462293418876e-17
0.008578578578578579  9.203654131145742e-06  1e-18
0.008588588588588589  2.686071586332565e-06  1e-18
0.008598598598598598  1.726232535972204e-05  1e-18
0.008608608608608608  4.413522550730465e-05  1e-18
0.008618618618618618  7.451490098881624e-05  5.651115123125783e-17
0.008628628628628628  0.0001014954372831247  5.651115123125783e-17
0.008638638638638639  0.0001183466476536696  5.651115123125783e-17
0.008648648648648649  0.0001203789138319162  5.651115123125783e-17
0.008658658658658658  0.0001063523740364467  1e-18
0.008668668668668668  7.896644607618013e-05  1e-18
0.008678678678678678  4.43688186929308e-05  1e-18
0.008688688688688688  1.324636508931613e-05  5.651115123125783e-17
0.008698698698698699  2.317505931700763e-05  5.651115123125783e-17
0.008708708708708709  3.877846595556843e-05  1e-18
0.008718718718718719  4.27630388500626e-05  5.651115123125783e-17
0.008728728728728728  3.736298553991117e-05  1e-18
0.008738738738738738  2.842380498314964e-05  1e-18
0.008748748748748749  2.254865006197535e-05  1e-18
0.008758758758758759  2.218028184269538e-05  1e-18
0.008768768768768769  2.711723618135072e-05  1e-18
0.008778778778778779  3.975337732382808e-05  1e-18
0.008788788788788788  5.86029638861729e-05  1e-18
0.008798798798798798  7.806925791807679e-05  1e-18
0.008808808808808809  9.250860680599823e-05  1e-18
0.008818818818818819  9.833892157976888e-05  1e-18
0.008828828828828829  9.504425841131442e-05  1e-18
0.008838838838838839  8.523040032007166e-05  1e-18
0.008848848848848848  7.366448613591953e-05  1e-18
0.008858858858858858  6.54743791524374e-05  1e-18
0.008868868868868869  6.427199435504316e-05  1e-18
0.008878878878878879  7.151985629712331e-05  1e-18
0.008888888888888889  8.653673390562986e-05  1e-18
0.008898898898898899  0.0001059565577548464  1e-18
0.008908908908908908  0.000124259468449028  1e-18
0.008918918918918918  0.0001355716894295362  1e-18
0.008928928928928929  0.0001355228990862204  1e-18
0.008938938938938939  0.000122554727204189  1e-18
0.008948948948948949  9.850659591074079e-05  1.120223024625156e-16
0.008958958958958959  6.870465262297065e-05  1e-18
0.008968968968968968  4.29649695720167e-05  1e-18
0.008978978978978978  3.676536856312809e-05  1e-18
0.00898898898898899  4.67239590780153e-05  1.120223024625156e-16
0.008998998998998999  5.457149106142343e-05  1.120223024625156e-16
0.009009009009009009  5.48639616809097e-05  1e-18
0.009019019019019019  4.902355502346372e-05  1e-18
0.009029029029029028  4.113348104386545e-05  1e-18
0.009039039039039038  3.572224852853181e-05  1e-18
0.00904904904904905  3.48174846914689e-05  1e-18
0.009059059059059059  3.669085379294197e-05  1e-18
0.009069069069069069  3.905196832350818e-05  1e-18
0.009079079079079079  4.111463279139682e-05  1e-18
0.009089089089089088  4.298242011264948e-05  1.120223024625156e-16
0.009099099099099098  4.463108956809721e-05  1e-18
0.00910910910910911  4.53036632125113e-05  1e-18
0.009119119119119119  4.352621217706302e-05  1e-18
0.009129129129129129  3.793656794003528e-05  1e-18
0.009139139139139139  2.941826739230679e-05  1.120223024625156e-16
0.009149149149149148  2.64723283230717e-05  1e-18
0.009159159159159158  3.963951206943015e-05  1e-18
0.00916916916916917  6.046992102831071e-05  1e-18
0.009179179179179179  7.924533480894311e-05  1e-18
0.009189189189189189  9.008715596477706e-05  1e-18
0.009199199199199199  8.961368270366476e-05  1e-18
0.009209209209209208  7.712243361199551e-05  1e-18
0.009219219219219218  5.472261260743594e-05  1e-18
0.00922922922922923  2.731681539157907e-05  1e-18
0.009239239239239239  1.25371365385817e-05  1e-18
0.009249249249249249  3.197184079458366e-05  1e-18
0.009259259259259259  4.820623856103623e-05  1e-18
0.009269269269269268  5.541006004665217e-05  1e-18
0.00927927927927928  5.39325065946447e-05  1e-18
0.00928928928928929  4.614239593231969e-05  1e-18
0.009299299299299299  3.525940418200789e-05  1e-18
0.009309309309309309  2.428975395140349e-05  1e-18
0.009319319319319319  1.528471307920392e-05  1e-18
0.009329329329329328  9.329797851137622e-06  1e-18
0.00933933933933934  7.740575968478509e-06  1e-18
0.00934934934934935  1.154389502576374e-05  1e-18
0.009359359359359359  1.9618614658362e-05  1e-18
0.009369369369369369  3.125980906186823e-05  1e-18
0.009379379379379379  4.533486691367377e-05  1e-18
0.009389389389389389  5.960664434402099e-05  1e-18
0.0093993993993994  7.110051502693261e-05  1e-18
0.00940940940940941  7.692868365018696e-05  1.120223024625156e-16
0.009419419419419419  7.522092679866848e-05  1e-18
0.009429429429429429  6.588621068817184e-05  1e-18
0.009439439439439439  5.107826155459004e-05  1e-18
0.009449449449449449  3.562080317114736e-05  1e-18
0.00945945945945946  2.736880640798515e-05  1e-18
0.00946946946946947  2.962130742846636e-05  1e-18
0.009479479479479479  3.383756214500386e-05  1e-18
0.009489489489489489  3.443035177923291e-05  1e-18
0.009499499499499499  3.211274968791213e-05  1e-18
0.009509509509509509  3.09941616823607e-05  1e-18
0.00951951951951952  3.395367666996558e-05  1e-18
0.00952952952952953  3.887531063800829e-05  1e-18
0.009539539539539539  4.23125597651113e-05  1e-18
0.009549549549549549  4.289321609716363e-05  1.120223024625156e-16
0.009559559559559559  4.130707745049515e-05  1.120223024625156e-16
0.009569569569569569  3.92134893024584e-05  1e-18
0.00957957957957958  3.812868110148385e-05  1e-18
0.00958958958958959  3.907242515766387e-05  1e-18
0.009599599599599599  4.276446541276047e-05  1e-18
0.009609609609609609  4.908955609608266e-05  1e-18
0.009619619619619619  5.641350180468985e-05  1e-18
0.009629629629629629  6.220375396142701e-05  1e-18
0.00963963963963964  6.432189080989877e-05  1e-18
0.00964964964964965  6.19674111695438e-05  1.120223024625156e-16
0.009659659659659659  5.599641014284496e-05  1e-18
0.009669669669669669  4.861756642488188e-05  1e-18
0.009679679679679679  4.260889806193866e-05  1.120223024625156e-16
0.009689689689689689  4.042381462236933e-05  1e-18
0.0096996996996997  4.351961893581773e-05  1.120223024625156e-16
0.00970970970970971  5.167499825106074e-05  1e-18
0.00971971971971972  6.257086885042886e-05  1e-18
0.009729729729729729  7.240213345684738e-05  1.251267076623636e-16
0.009739739739739739  7.710338694805989e-05  1e-18
0.00974974974974975  7.361630345232492e-05  1e-18
0.00975975975975976  6.094594462244464e-05  1e-18
0.00976976976976977  4.087550839329098e-05  1e-18
0.00977977977977978  1.935143055517511e-05  1.251267076623636e-16
0.009789789789789789  1.732763691042591e-05  5.651115123125783e-17
0.009799799799799799  3.043214285368852e-05  1e-18
0.00980980980980981  3.568530078629172e-05  1.120223024625156e-16
0.00981981981981982  3.092933712973391e-05  5.651115123125783e-17
0.00982982982982983  2.667216373225411e-05  1e-18
0.00983983983983984  4.156855947950335e-05  5.651115123125783e-17
0.009849849849849849  6.545790093124967e-05  1e-18
0.009859859859859859  8.409885599885754e-05  1.120223024625156e-16
0.00986986986986987  9.020610397641162e-05  5.651115123125783e-17
0.00987987987987988  8.196651404616252e-05  1e-18
0.00988988988988989  6.371124154313811e-05  6.306335383118183e-17
0.0098998998998999  4.58461380933192e-05  5.651115123125783e-17
0.009909909909909909  3.83363019284943e-05  1.154391699630559e-16
0.009919919919919919  3.754264814934212e-05  1e-18
0.00992992992992993  4.663040981310786e-05  5.651115123125783e-17
0.00993993993993994  7.986116183710249e-05  5.821958498152797e-17
0.00994994994994995  0.000125266985175127  5.651115123125783e-17
0.00995995995995996  0.000160187844107633  5.651115123125783e-17
0.009969969969969969  0.0001658789245401856  5.651115123125783e-17
0.009979979979979979  0.0001391019475424301  2.960979249076398e-17
0.00998998998998999  0.0001079642421641007  5.651115123125783e-17
0.01  0.0001494968609752139  2.875557561562891e-17
