1
1000
420001
421000
20001
21000
440001
441000
225
449
673
18312
18538
19763
5837
308152
432654
440918
77
440382
594
440490
440711
351
440250
891
950
440092
440044
420280
440195
420514
420752
440861
440598
20433
420402
440807
176
420122
793
440965
420630
420033
420553
420316
713
440345
440568
20124
20681
420921
480
440461
440279
20891
420980
13019
430208
20640
9257
10061
420859
149
20739
8373
431412
10615
420821
11941
10105
430733
9573
11989
10491
20833
429335
20222
429692
420252
20161
425
440515
430877
15
201
440942
440017
429298
20408
425532
426771
440987
9810
56
20785
20068
420101
440660
420378
429904
652
440618
13177
429468
431237
440363
420575
420694
431444
426966
20140
20297
420734
298
420612
432553
773
432852
429133
335
431006
20476
431083
20725
440328
420498
875
420935
440583
10393
420163
20846
440031
10511
265
12926
9042
431000
428192
431792
538
11672
440181
15977
440421
20263
10711
430593
431353
10276
420463
20877
12753
440107
420842
431633
420806
8431
420365
89
440551
905
420992
420663
10001
237
20930
20235
430118
15777
434830
6163
15957
425023
16695
435375
425649
5226
6316
15893
4412
435475
5744
966
20502
20449
440751
20207
20907
440529
135
420436
420214
20819
440396
440056
440698
420188
390
20080
420045
562
420068
440772
522
440311
113
20605
10863
20010
20797
635
420722
20343
440676
420784
20367
687
440146
20627
20953
420888
20975
10458
826
440220
20562
420010
20657
440167
760
20584
420337
420954
852
614
500
430266
30
440893
420416
420705
420585
20288
11525
288
420480
20991
440121
420307
915
440642
20326
430721
440869
430071
9548
20101
430603
20031
430917
440440
440269
10093
430818
420244
323
420870
420146
980
430289
739
430501
20187
20385
20542
20245
10326
935
420600
430041
10217
462
11000
10143
420540
357
420268
430573
429676
806
440849
440721
429948
20464
20518
10355
420645
10884
430395
204
420445
10794
10246
440739
10627
430175
431426
992
20486
20051
430762
440823
20691
181
20406
20759
382
430976
129
420679
20909
440204
440073
402
420096
420054
10195
430001
430841
440933
440133
20422
10307
440502
163
566
420836
20356
440785
9484
20707
420902
440616
440009
440301
429704
440805
20668
420967
10587
420768
420623
420524
420079
20088
662
20154
430025
430057
419965
10450
440233
10661
111
724
368
420490
430561
9343
420021
440995
9781
10642
440882
509
20574
430383
20173
20113
440837
472
429931
430539
20650
430158
430364
20021
10124
815
440257
10685
7
256
420346
550
440981
20336
9897
440630
431228
9959
20593
20374
420943
431744
440451
20921
65
10868
420193
440318
926
440949
20529
430804
420216
420748
430518
10404
440062
420796
42
420881
420231
9826
432
277
430995
20858
9013
700
20395
781
20555
10912
155
440731
581
20040
