1
1000
420001
421000
20001
21000
440001
441000
291
581
20413
20706
299793
330206
433559
20897
104
478
440638
440051
420950
420356
420848
440149
440310
420696
420177
440823
20488
420424
20962
38
440756
440258
526
738
235
637
440373
20601
902
20096
440930
420070
440451
388
440859
142
20673
20527
20788
20179
420982
440019
322
20340
420766
420663
420876
20232
420503
20121
420261
428609
813
440986
428013
449
420556
20284
440730
204
420717
927
20432
20073
20548
440575
432914
420019
12881
10652
429086
10993
10163
431391
430302
430469
10723
10242
10833
608
11943
428122
11359
14808
420405
9971
13031
20620
9274
428335
9058
12505
11770
9188
430683
440507
9858
20197
10438
