1
1000
420001
421000
20001
21000
440001
441000
291
581
20413
20706
299793
330206
433559
20897
104
478
440638
440051
420950
420356
420848
440149
440310
420696
420177
440823
20488
420424
20962
38
440756
440258
526
738
235
637
440373
20601
902
20096
440930
420070
440451
388
440859
142
20673
20527
20788
20179
420982
440019
322
20340
420766
420663
420876
20232
420503
20121
420261
428609
813
440986
428013
449
420556
20284
440730
204
420717
927
20432
20073
20548
440575
432914
420019
12881
10652
429086
10993
10163
431391
430302
430469
10723
10242
10833
608
11943
428122
11359
14808
420405
9971
13031
20620
9274
428335
9058
12505
11770
9188
430683
440507
9858
20197
10438
20843
440689
20393
340
426541
124
430749
13137
679
20470
965
420220
10588
430001
830
431000
440355
420622
20217
440946
782
86
420463
20655
420306
20878
20037
420053
159
20324
20913
440804
420372
420593
420514
20742
420889
430227
420275
440772
10419
440108
420938
440296
20164
440978
749
440258
20580
860
560
20014
986
489
190
440071
420801
420651
249
20137
17
440533
435
420913
440711
708
536
440607
440409
420107
440449
20378
20558
440485
440634
20830
420036
440666
20278
406
420144
440238
440892
440863
440961
420322
420829
375
420730
420573
440090
20513
10627
440185
20051
20928
10700
440429
420169
430523
8
20991
70
440787
762
430490
10105
348
429897
11318
429668
440592
440008
10571
10259
420993
10454
429818
10374
429928
408289
387956
230723
42211
272028
42870
398467
686
125
251690
273782
304044
167214
125335
83357
62762
63968
231089
335845
357845
251811
210284
293125
273637
336545
209156
104395
105305
378232
241073
231599
283405
356650
262151
10176
21390
20271
53
10737
157780
440498
335910
420
20246
83945
63467
11346
105668
262979
21619
11543
20061
409845
31007
241205
10640
125565
377875
399445
199479
104620
63919
346870
62082
42027
251307
420496
294334
953
440199
797
83973
346713
336192
42266
189889
63815
20744
419543
378248
105362
356171
83109
126517
94602
221797
52024
420157
398322
304757
42722
652
31222
378115
251441
314366
440678
10097
63749
336937
356775
419421
41293
210700
440519
273904
420134
94433
167994
420480
409513
251798
335226
178383
242000
125139
167038
52903
336008
398700
63571
73117
115585
41346
20460
346248
115315
210976
440384
21859
336097
377478
83920
336773
189079
368661
146886
21295
73616
388531
20853
31330
336062
94692
20818
31133
42180
357456
10553
377937
168839
378397
231994
104590
220
586
388063
398834
273433
10886
325192
230718
356006
242268
346365
419402
188903
378414
42628
83953
388284
262824
430458
73676
94985
283044
63313
283961
73937
52496
20645
62733
168790
231200
146629
52148
104268
105530
63045
357610
231548
115400
10001
20207
51807
10920
20662
52852
42879
178730
21675
52423
52445
408214
83611
10080
388168
21381
178300
115349
94569
21506
125248
20498
822
20189
346785
252277
41751
241236
335099
241631
83869
115708
20025
189757
367765
419062
315960
10868
336738
151
52597
377129
178645
21806
378241
41537
378689
168
209567
241838
315927
273257
430412
104553
157017
20969
84710
21644
294330
335083
430949
420028
62115
314996
398331
42365
378564
115743
20147
52473
896
20315
945
419765
188440
126349
420660
315114
20160
42471
20780
62681
240033
20983
178255
430180
20173
31109
294489
104366
378227
73092
83301
314420
20797
219909
440044
251581
20522
167698
304996
430198
41459
21133
377284
168913
440224
84727
346578
31519
168867
357975
126773
336005
73053
21598
188385
63442
31485
42853
346969
283618
231096
73892
1000
293477
10326
83001
210538
367376
336211
314348
419921
420079
399297
293598
157504
10158
62812
346128
420184
199720
10657
105456
268
31533
136688
11004
42062
252001
399837
104237
419886
94070
304309
357523
115930
283340
420397
314509
21000
10391
283277
219558
20937
42428
346987
104014
188852
261142
336314
314837
314404
356954
399284
52463
346357
136776
9878
413
630
42581
125715
52671
10756
11793
14
284292
63996
273340
419902
21987
325817
251207
21045
10215
440626
325428
551
377737
94701
31447
20264
188824
357882
315790
136231
419492
220860
498
616
20612
293669
210382
314643
272102
430265
389547
314657
346829
252198
822
377005
378672
346022
420743
126590
273510
335572
440031
440090
315703
146252
420958
272752
293131
304636
63241
377192
63717
150
356
419725
209275
303803
42933
304594
41181
273644
252921
398077
30368
419586
377867
255
147163
272056
63756
136846
430412
336604
146067
356290
398117
347607
73733
53011
62375
387037
167317
11978
420682
52920
20541
693
42808
41529
20559
31114
329
9564
283100
399944
220172
420896
252484
20429
31951
398792
251329
398143
440781
188684
388624
356154
84657
21908
41804
105473
430184
20166
62503
220496
304399
419706
315174
41361
52578
189369
431081
356021
398997
21119
20302
32963
104044
9512
178249
272340
24
52746
566
377968
41769
10939
430649
10383
431052
408322
272894
293695
386766
178680
62218
335414
294004
260201
12904
125978
84227
378439
20452
230242
83989
293550
63139
42034
399302
32787
116481
731
34124
398438
315852
262713
75065
113309
377880
307537
408525
13281
47997
126462
20390
21106
230469
83516
244337
368157
314911
322352
322990
314602
428874
41230
89
62760
21866
302239
370090
91887
238812
210969
49663
105451
427140
126766
390437
49296
7694
58
336798
244000
542
412838
336576
265222
42777
161862
105272
209351
412895
75
84519
13464
300209
42216
427001
21186
168129
363552
392928
378531
321724
35852
300912
6028
188399
125482
20635
41816
77193
146201
21419
231012
279261
427453
174428
98826
294980
161614
126289
405503
343775
141422
315344
206
105842
258473
230650
167445
356845
35369
351727
5392
414665
434146
435955
426705
189833
420316
230943
68004
440858
279635
20674
626
308739
5281
342074
384165
434760
330255
111131
426945
5406
267997
77039
27488
141594
15308
132588
392695
21874
21400
105556
440922
440746
63098
5048
57641
413972
393105
195342
363442
57004
15242
15407
15874
173363
383826
26224
393584
152153
26753
57491
614
98799
57296
147667
425110
47064
393453
21884
26933
183523
209011
78628
434271
287232
425738
99474
309173
330706
132417
341976
48602
204327
131377
78774
341899
404839
26092
383645
89194
425864
372567
5622
47962
57991
225018
414076
320853
236922
372353
36381
414057
299176
110564
362676
140816
372513
362251
15675
225718
78114
383463
246605
57212
362270
15750
68325
183550
78184
320784
126997
435396
89801
414685
15445
215517
141887
246654
330937
404039
372163
398830
68576
26083
419264
15915
110656
5533
404019
105990
404686
15047
99983
299714
246133
299234
425101
362612
440460
230617
162288
162318
36344
57001
188424
495
63745
399818
362954
393501
314033
15783
15575
404121
15432
377931
63723
183947
425314
5761
356871
15026
99906
153000
393361
63428
440736
20838
209661
36263
63410
371010
26185
5290
377493
257881
120096
383385
315043
188959
398176
356210
21711
252067
509
420390
189788
62123
105263
168245
41535
398370
21195
41595
419278
83067
41253
21335
21634
335312
314951
335086
104004
83190
42148
47480
20626
357378
246415
36154
41713
110983
174545
330484
225965
299057
188104
125133
14539
425594
299302
68435
952
21280
383846
78199
15388
78767
425731
20573
21236
414791
278833
404217
15529
162334
173010
236891
393621
420309
15085
5907
230905
110744
404354
231051
288924
404496
152333
377380
26509
383770
299243
393067
435123
47969
5449
47811
194146
26526
99866
141843
183634
57809
440475
419563
399931
5397
399361
231083
168022
420604
210702
47669
20435
21112
225221
163
215370
42649
99832
272407
15142
320697
362582
420806
147588
189031
414465
41057
120647
15559
398916
162303
398721
36898
5941
84254
236630
104288
419850
26137
210502
125077
230112
398806
183248
753
21918
20586
104094
89158
278205
68468
210735
435881
420326
440524
41729
26170
83544
246374
383422
246700
336859
5821
105352
378298
961
20223
78277
62794
320570
26793
41322
36669
68872
336484
194558
420692
5458
147826
110030
246856
288975
357155
57821
26345
351035
147120
330691
162426
183732
309237
5319
20641
440168
62606
315682
167159
435456
36711
907
167504
62361
272983
336475
189973
641
63894
377150
99599
83777
78998
419554
63173
5411
330518
257128
41334
320916
83890
351957
173068
377297
236538
351179
83756
414508
15659
167684
294658
57934
125047
351742
131276
288611
341257
252760
362228
425998
272271
47718
42769
78589
377882
398388
63674
63595
42941
215003
152049
194640
5926
41974
440142
252795
146417
356343
315092
131706
57168
314022
78402
440465
47863
63567
41785
21523
110652
26779
251305
89992
41703
314455
372188
15754
351801
224
320077
330440
36228
551
419940
83768
341116
63384
288313
62203
83243
414016
335966
99679
21368
146184
146898
83693
42137
120497
181
236266
5617
393351
383285
341751
168901
467
257102
83863
20926
434210
341308
383092
173855
15060
125445
141474
362663
273403
378443
5197
257680
204943
162546
63319
267050
419233
335195
36118
383490
414779
225580
372891
414849
231214
125820
47360
399542
246108
622
15720
15073
414910
257602
78324
168003
120260
341803
47440
20040
26948
393128
15874
399924
440513
420778
440827
110295
252394
252074
167614
131726
231435
63459
62484
83668
83003
42271
534
435988
147492
399102
309365
83328
110040
42577
257180
404549
147129
404402
146748
372762
273813
278015
26688
246100
15294
110519
378058
272998
383934
68501
225565
273998
20398
15283
89957
350554
84846
104631
5761
42785
362901
399290
68477
20579
435027
105981
126560
5189
131023
204
15417
162152
320386
89841
383430
146353
378450
835
84715
435202
363787
357886
26338
247000
231
68085
404975
419739
36341
99489
246088
194245
435449
330622
15409
383625
309530
320378
194965
68609
78726
315873
246839
320329
435217
47109
62654
225271
267042
110879
383001
246814
273514
62874
26219
204639
162001
162379
251992
20569
162161
20425
231423
125212
420947
357743
252040
41934
252865
362163
293677
15791
15080
99394
120480
320985
57919
62009
236738
57573
42665
272949
336345
425210
435137
420374
41811
309252
47592
125907
399613
420416
362057
152893
62259
697
435772
294853
357189
47528
20800
236830
320509
20118
393980
26818
48007
188647
294584
351966
42144
210261
110484
357724
383149
356282
351194
63012
377317
287331
425236
294065
41857
314136
42632
251029
