t  x_1  x_2  x_3
0  -0  -3.685935484164616e-07  -3.685935484164616e-07
1.001001001001001e-05  -2.531030354829269e-05  -2.810881002168126e-05  -2.798506473388568e-06
2.002002002002002e-05  -5.912353658469026e-05  -5.852979497389182e-05  5.937416107984394e-07
3.003003003003003e-05  -9.077224625286069e-05  -8.926902557217559e-05  1.5032206806851e-06
4.004004004004004e-05  -0.0001196305902295286  -0.0001186362365991336  9.943536303949976e-07
5.005005005005005e-05  -0.0001458689838657598  -0.0001456513964521565  2.175874136033291e-07
6.006006006006006e-05  -0.000169702944420133  -0.0001699548005567865  -2.518561366534819e-07
7.007007007007007e-05  -0.0001913336735890511  -0.0001916333411265842  -2.996675375331354e-07
8.008008008008008e-05  -0.0002109448286629524  -0.0002110173487800114  -7.252011705895494e-08
9.009009009009009e-05  -0.0002287037266821781  -0.0002284983877907164  2.053388914617161e-07
0.0001001001001001001  -0.0002447627786475284  -0.0002444028431234393  3.59935524089092e-07
0.0001101101101101101  -0.0002592608230959676  -0.0002589347036535267  3.261194424409469e-07
0.0001201201201201201  -0.00027232434279772  -0.000272180206330456  1.441364672639662e-07
0.0001301301301301301  -0.0002840685729606417  -0.0002841524777004098  -8.390473976808152e-08
0.0001401401401401401  -0.0002945985104119067  -0.000294848936340291  -2.504259283842838e-07
0.0001501501501501501  -0.0003040098326741177  -0.0003042978193752137  -2.879867010960107e-07
0.0001601601601601602  -0.0003123897348829819  -0.0003125799478418371  -1.902129588552044e-07
0.0001701701701701702  -0.0003198176919595331  -0.0003198235593654688  -5.867405935677111e-09
0.0001801801801801802  -0.0003263661526681878  -0.0003261796923487503  1.864603194374624e-07
0.0001901901901901902  -0.000332101171684124  -0.0003317906109113011  3.105607728229277e-07
0.0002002002002002002  -0.0003370829851445248  -0.0003367635357180404  3.194494264843989e-07
0.0002102102102102102  -0.0003413665348196624  -0.0003411577356107326  2.087992089298525e-07
0.0002202202202202202  -0.0003450019454273514  -0.0003449871215166548  1.482391069661596e-08
0.0002302302302302302  -0.0003480349593506277  -0.000348235193243721  -2.002338930933204e-07
0.0002402402402402402  -0.0003505073325874717  -0.0003508760802059873  -3.687476185156458e-07
0.0002502502502502502  -0.0003524571954793722  -0.0003528949194254107  -4.377239460384751e-07
0.0002602602602602602  -0.0003539193815629463  -0.0003543023680226984  -3.829864597520972e-07
0.0002702702702702703  -0.0003549257277410981  -0.000355140577094645  -2.148493535469214e-07
0.0002802802802802803  -0.000355505348990858  -0.0003554804193755245  2.492961533354879e-08
0.0002902902902902903  -0.0003556848912289849  -0.0003554115412226018  2.733500063831044e-07
0.0003003003003003003  -0.0003554887667261933  -0.0003550277845092529  4.609822169403558e-07
0.0003103103103103103  -0.0003549393784718379  -0.0003544109194936824  5.28458978155523e-07
0.0003203203203203203  -0.0003540573433951495  -0.0003536157284180744  4.41614977075074e-07
0.0003303303303303303  -0.0003528617315757446  -0.0003526594027181765  2.023288575680581e-07
0.0003403403403403403  -0.0003513703514479454  -0.0003515178714474601  -1.475199995146768e-07
0.0003503503503503503  -0.0003496001354515399  -0.0003501308752764509  -5.307398249109656e-07
0.0003603603603603604  -0.0003475677243668216  -0.0003484162465327857  -8.485221659641296e-07
0.0003703703703703704  -0.0003452904273169617  -0.0003462920980989442  -1.001670781982462e-06
0.0003803803803803804  -0.0003427878734848084  -0.0003437038519836791  -9.159784988706753e-07
0.0003903903903903904  -0.0003400849107843309  -0.0003406517415402857  -5.668307559548265e-07
0.0004004004004004004  -0.000337216703373487  -0.0003372139796435051  2.723729981900062e-09
0.0004104104104104104  -0.0003342375967904536  -0.0003335613053058304  6.762914846231865e-07
0.0004204204204204204  -0.0003312361483714484  -0.0003299599057853676  1.276242586080814e-06
0.0004304304304304304  -0.0003283594519126593  -0.0003267613739704288  1.598077942230477e-06
0.0004404404404404404  -0.0003258492562005908  -0.000324380020103654  1.469236096936796e-06
0.0004504504504504505  -0.0003240869814112866  -0.0003232593003719827  8.276810393039553e-07
0.0004604604604604604  -0.00032362855114091  -0.0003238303523104725  -2.018011695625161e-07
0.0004704704704704705  -0.0003251811288327884  -0.0003264667508137068  -1.285621980918333e-06
0.0004804804804804805  -0.0003294584347523764  -0.0003314406621496645  -1.982227397288102e-06
0.0004904904904904905  -0.00033691588071332  -0.0003388863992829122  -1.970518569592171e-06
0.0005005005005005005  -0.0003475179517776839  -0.0003487775558249883  -1.259604047304454e-06
0.0005105105105105105  -0.0003607383148246797  -0.0003609229231489133  -1.846083242335668e-07
0.0005205205205205205  -0.0003757952446872774  -0.0003749839742697784  8.112704174989701e-07
0.0005305305305305305  -0.0003919240069152305  -0.0003905129819898783  1.411024925352246e-06
0.0005405405405405405  -0.0004085288656504632  -0.0004070065415275376  1.522324122925605e-06
0.0005505505505505506  -0.0004252074161540868  -0.0004239655290933056  1.241887060781191e-06
0.0005605605605605605  -0.0004417108474376923  -0.0004409505574342353  7.602900034569984e-07
0.0005705705705705706  -0.0004578923738450854  -0.0004576226145908125  2.69759254272904e-07
0.0005805805805805806  -0.0004736661706464567  -0.0004737618735474361  -9.570290097942391e-08
0.0005905905905905905  -0.0004889805250194756  -0.0004892628557358837  -2.823307164081384e-07
0.0006006006006006006  -0.0005038021283897761  -0.0005041097776525724  -3.076492627963672e-07
0.0006106106106106106  -0.0005181075224334757  -0.0005183403655169246  -2.328430834489404e-07
0.0006206206206206207  -0.0005318786578427117  -0.0005320084023096074  -1.297444668957618e-07
0.0006306306306306306  -0.0005451006512975022  -0.000545154284936128  -5.363363862580239e-08
0.0006406406406406406  -0.0005577606581770191  -0.0005577893812738563  -2.872309683718891e-08
0.0006506506506506507  -0.0005698472921184576  -0.0005698952257372257  -4.793361876810533e-08
0.0006606606606606606  -0.0005813503081516339  -0.0005814341418593431  -8.383370770921172e-08
0.0006706706706706706  -0.0005922604138377377  -0.0005923650781102985  -1.046642725607968e-07
0.0006806806806806807  -0.0006025691450622192  -0.0006026579805047922  -8.883544257295376e-08
0.0006906906906906907  -0.0006122687770123612  -0.0006123017587071136  -3.298169475246873e-08
0.0007007007007007007  -0.0006213522562807841  -0.0006213039774917182  4.827878906583146e-08
0.0007107107107107107  -0.0006298131470032506  -0.0006296836209546448  1.295260486057969e-07
0.0007207207207207207  -0.00063764558709033  -0.0006374605331003955  1.850539899344705e-07
0.0007307307307307307  -0.0006448442521536829  -0.0006446458047063848  1.984474472981534e-07
0.0007407407407407407  -0.0006514043254935428  -0.0006512364520136622  1.678734798805752e-07
0.0007507507507507507  -0.0006573214729785566  -0.0006572157671593074  1.057058192492112e-07
0.0007607607607607608  -0.0006625918219326831  -0.0006625585474748551  3.327445782796978e-08
0.0007707707707707707  -0.000667211943347784  -0.0006672388182435041  -2.687489572008282e-08
0.0007807807807807808  -0.000671178836881202  -0.0006712371216653662  -5.828478416428692e-08
0.0007907907907907908  -0.0006744899182073908  -0.0006745449873208294  -5.50691134386036e-08
0.0008008008008008008  -0.0006771430083854853  -0.0006771654768714575  -2.246848597225928e-08
0.0008108108108108108  -0.0006791363249622441  -0.0006791101570513348  2.616791090921926e-08
0.0008208208208208208  -0.0006804684745889698  -0.0006803939731121948  7.450147677500862e-08
0.0008308308308308308  -0.000681138446975558  -0.0006810299473833071  1.084995922508896e-07
0.0008408408408408408  -0.0006811456100366905  -0.000681025374620638  1.202354160524752e-07
0.0008508508508508508  -0.0006804897061195769  -0.0006803804346507441  1.092714688328547e-07
0.0008608608608608609  -0.0006791708492246732  -0.0006790892311614965  8.161806317667601e-08
0.0008708708708708709  -0.0006771895231553283  -0.0006771425207560783  4.700239925005054e-08
0.0008808808808808808  -0.0006745465805505457  -0.0006745310255526918  1.555499785390029e-08
0.0008908908908908909  -0.0006712432427730591  -0.0006712482666642396  -5.023891180453918e-09
0.0009009009009009009  -0.0006672811006412919  -0.0006672922116682216  -1.111102692968532e-08
0.0009109109109109108  -0.0006626621160095795  -0.0006626655165652866  -3.400555707139784e-09
0.0009209209209209209  -0.0006573886242155568  -0.000657374582810474  1.404140508281648e-08
0.0009309309309309309  -0.0006514633374303529  -0.0006514279237916584  3.541363869448595e-08
0.000940940940940941  -0.0006448893489621339  -0.0006448344063455985  5.494261653537363e-08
0.0009509509509509509  -0.0006376701385793538  -0.0006376018363099264  6.830226942746483e-08
0.0009609609609609609  -0.0006298095789425012  -0.0006297361659322846  7.341301021658673e-08
0.000970970970970971  -0.000621311943247186  -0.0006212413915799679  7.055166721811005e-08
0.0009809809809809809  -0.0006121819142093248  -0.0006121200379490629  6.187626026192636e-08
0.0009909909909909911  -0.0006024245945423987  -0.0006023740162149539  5.057832744477259e-08
0.001001001001001001  -0.000592045512960618  -0.0005920056011382028  3.99118224151708e-08
0.001011011011011011  -0.0005810506020205484  -0.0005810182862388402  3.231578170814417e-08
0.001021021021021021  -0.0005694463612227936  -0.0005694173334354084  2.902778738515452e-08
0.001031031031031031  -0.0005572397151922905  -0.0005572099205889173  2.979460337324859e-08
0.001041041041041041  -0.0005444380910043942  -0.0005444048923634509  3.319864094329834e-08
0.001051051051051051  -0.0005310494428088835  -0.0005310122182155357  3.722459334786626e-08
0.001061061061061061  -0.0005170822801272752  -0.0005170423344178431  3.994570943206127e-08
0.001071071071071071  -0.0005025457003911492  -0.0005025055746801729  4.012571097633012e-08
0.001081081081081081  -0.0004874494263747949  -0.000487411865107476  3.756126731890332e-08
0.001091091091091091  -0.0004718038492879892  -0.0004717707784851711  3.307080281806729e-08
0.001101101101101101  -0.0004556200784395191  -0.0004555919319424128  2.814649710633672e-08
0.001111111111111111  -0.0004389099985028098  -0.0004388856047735657  2.439372924413919e-08
0.001121121121121121  -0.0004216863356300723  -0.0004216633848272147  2.295080285763746e-08
0.001131131131131131  -0.0004039627338242955  -0.000403938646566853  2.408725744253506e-08
0.001141141141141141  -0.00038575384322978  -0.0003857267253164182  2.71179133618459e-08
0.001151151151151151  -0.0003670754222329205  -0.000367044761031185  3.066120173554621e-08
0.001161161161161161  -0.0003479444555591412  -0.0003479113047818678  3.315077727334814e-08
0.001171171171171171  -0.0003283792908107231  -0.0003283458708309441  3.341997977901294e-08
0.001181181181181181  -0.0003083997961772263  -0.0003083686451554309  3.115102179538417e-08
0.001191191191191191  -0.000288027542299406  -0.0002880005169902875  2.702530911850767e-08
0.001201201201201201  -0.0002672860113925639  -0.0002672634979248245  2.2513467739431e-08
0.001211211211211211  -0.000246200836742232  -0.0002461814681161473  1.936862608470889e-08
0.001221221221221221  -0.0002248000753829514  -0.0002247810843883202  1.899099463117623e-08
0.001231231231231231  -0.0002031145159941811  -0.0002030926366555267  2.187933865436002e-08
0.001241241241241241  -0.0001811780226373392  -0.0001811506638597345  2.73587776047305e-08
0.001251251251251251  -0.0001590279123855269  -0.0001589942293636507  3.368302187620425e-08
0.001261261261261261  -0.0001367053609910555  -0.0001366668766292263  3.848436182923853e-08
0.001271271271271271  -0.0001142558247117322  -0.0001142163954322487  3.9429279483533e-08
0.001281281281281281  -9.172945784216022e-05  -9.169458652793585e-05  3.487131422437754e-08
0.001291291291291291  -6.918149383007669e-05  -6.91571957850462e-05  2.429804503048083e-08
0.001301301301301301  -4.667254292192849e-05  -4.666410003523282e-05  8.442886695664482e-09
0.001311311311311311  -2.426874148837883e-05  -2.427969381385405e-05  -1.09523254752246e-08
0.001321321321321321  -2.041669597271629e-06  -2.073292188153638e-06  -3.162259088200846e-08
0.001331331331331331  1.99320625278459e-05  1.988072510379248e-05  -5.133742405341989e-08
0.001341341341341341  4.15716651702856e-05  4.150331697067272e-05  -6.834819961288073e-08
0.001351351351351351  6.279355183596169e-05  6.271194948601842e-05  -8.160234994326789e-08
0.001361361361361361  8.351331072234396e-05  8.342260749210194e-05  -9.070323024201754e-08
0.001371371371371371  0.0001036482495355096  0.0001035525541848852  -9.569535062440226e-08
0.001381381381381381  0.0001231203942343849  0.0001230235813665628  -9.681286782214612e-08
0.001391391391391391  0.000141859701843194  0.0001417653807821587  -9.432106103527738e-08
0.001401401401401401  0.0001598071410211344  0.0001597186286495863  -8.851237154807877e-08
0.001411411411411411  0.0001769172416550075  0.0001768374151426764  -7.982651233112053e-08
0.001421421421421421  0.0001931597478344983  0.0001930907535005241  -6.899433397424817e-08
0.001431431431431431  0.0002085201353619688  0.0002084630426036042  -5.709275836457742e-08
0.001441441441441441  0.0002229989473754263  0.0002229535015360525  -4.544583937380535e-08
0.001451451451451451  0.0002366101046747188  0.0002365747183648279  -3.538630989090492e-08
0.001461461461461461  0.000249378501537552  0.0002493505410051113  -2.796053244068664e-08
0.001471471471471471  0.000261337265107618  0.0002613135793705822  -2.368573703576821e-08
0.001481481481481481  0.0002725250329372237  0.0002725025879958992  -2.244494132447403e-08
0.001491491491491492  0.0002829835156857233  0.0002829599657871436  -2.354989857972483e-08
0.001501501501501501  0.0002927554984148957  0.0002927295556112474  -2.594280364831688e-08
0.001511511511511511  0.0003018833291664928  0.0003018548618762549  -2.84672902378701e-08
0.001521521521521522  0.0003104078665220969  0.0003103777383521515  -3.012816994539882e-08
0.001531531531531532  0.0003183678145193819  0.0003183375386954379  -3.027582394401866e-08
0.001541541541541541  0.0003257993577739452  0.0003257706743536998  -2.868342024542423e-08
0.001551551551551552  0.0003327360128846632  0.0003327104929481849  -2.551993647827155e-08
0.001561561561561562  0.0003392086254104292  0.0003391873769989559  -2.124841147330874e-08
0.001571571571571571  0.00034524545806741  0.0003452289673361279  -1.649073128214256e-08
0.001581581581581582  0.0003508723309712571  0.0003508604340401275  -1.189693112958485e-08
0.001591591591591592  0.0003561127876184806  0.0003561047439328754  -8.043685605172574e-09
0.001601601601601602  0.0003609882696049651  0.0003609828999896421  -5.36961532296475e-09
0.001611611611611612  0.0003655182900262534  0.000365514147906756  -4.142119497385893e-09
0.001621621621621622  0.0003697205996798369  0.0003697161547225245  -4.444957312432166e-09
0.001631631631631632  0.0003736113432435291  0.0003736051641847136  -6.179058815558146e-09
0.001641641641641642  0.0003772052042146058  0.0003771961275777899  -9.076636815958695e-09
0.001651651651651652  0.0003805155384040136  0.000380502803032252  -1.273537176155757e-08
0.001661661661661662  0.0003835544962821429  0.000383537816273185  -1.668000895786942e-08
0.001671671671671672  0.0003863331348825441  0.0003863126835101585  -2.045137238558406e-08
0.001681681681681682  0.0003888615199197899  0.0003888378105027373  -2.370941705259148e-08
0.001691691691691692  0.0003911488188985428  0.000391122494886125  -2.632401241783747e-08
0.001701701701701702  0.0003932033859804415  0.0003931749645399925  -2.842144044900652e-08
0.001711711711711712  0.0003950328392881446  0.0003950024781682872  -3.036111985741741e-08
0.001721721721721722  0.0003966441313253449  0.0003966114951558115  -3.263616953335519e-08
0.001731731731731732  0.0003980436131048559  0.0003980078956303016  -3.571747455427803e-08
0.001741741741741742  0.0003992370925452587  0.0003991972079428787  -3.988460238002565e-08
0.001751751751751752  0.0004002298876364898  0.0004001847893889228  -4.509824756704101e-08
0.001761761761761762  0.0004010268748835772  0.00040097591311043  -5.096177314726277e-08
0.001771771771771772  0.0004016325333470823  0.0004015757392460301  -5.679410105218202e-08
0.001781781781781782  0.0004020509848068618  0.0004019891839158944  -6.18008909674078e-08
0.001791791791791792  0.0004022860302655458  0.0004022207333100304  -6.529695551534681e-08
0.001801801801801802  0.0004023411832187407  0.0004022742697074304  -6.691351131033396e-08
0.001811811811811812  0.0004022196999030702  0.0004021529741314239  -6.672577164629559e-08
0.001821821821821822  0.0004019246068445169  0.0004018593468070152  -6.526003750172453e-08
0.001831831831831832  0.0004014587259078055  0.0004013953496977587  -6.337621004674689e-08
0.001841841841841842  0.0004008246971027624  0.0004007626379680307  -6.205913473167129e-08
0.001851851851851852  0.0004000249992984945  0.0003999628218130217  -6.21774854728252e-08
0.001861861861861862  0.0003990619690973304  0.0003989976943513071  -6.427474602332733e-08
0.001871871871871872  0.0003979378179790644  0.0003978693752597144  -6.844271934999032e-08
0.001881881881881882  0.0003966546478799164  0.0003965803466714548  -7.430120846162831e-08
0.001891891891891892  0.0003952144653430564  0.0003951333870501495  -8.107829290690842e-08
0.001901901901901902  0.0003936191943856563  0.0003935314307059948  -8.776367966146104e-08
0.001911911911911912  0.0003918706881800396  0.0003917773903263479  -9.329785369168982e-08
0.001921921921921922  0.0003899707396819239  0.000389873978189414  -9.676149250988433e-08
0.001931931931931932  0.0003879210911634435  0.0003878235537403088  -9.753742313464969e-08
0.001941941941941942  0.0003857234430407286  0.0003856280169600321  -9.542608069647339e-08
0.001951951951951952  0.0003833794616609797  0.0003832887619345643  -9.069972641543482e-08
0.001961961961961962  0.0003808907865510896  0.0003808067024761434  -8.408407494624529e-08
0.001971971971971972  0.0003782590368285842  0.0003781823774438713  -7.665938471290495e-08
0.001981981981981982  0.0003754858170649934  0.0003754161330888116  -6.96839761818468e-08
0.001991991991991992  0.0003725727225556774  0.0003725083619987523  -6.436055692511438e-08
0.002002002002002002  0.0003695213413655505  0.00036945975695806  -6.158440749053822e-08
0.002012012012012012  0.0003663332560151045  0.0003662715217118775  -6.173430322698641e-08
0.002022022022022022  0.0003630100717940678  0.0003629454787578663  -6.459303620150398e-08
0.002032032032032032  0.0003595533899309958  0.000359484032699504  -6.935723149173153e-08
0.002042042042042042  0.0003559648218765568  0.0003558899846737105  -7.483720284630086e-08
0.002052052052052052  0.0003522459920141952  0.0003521662387840673  -7.975323012784398e-08
0.002062062062062062  0.0003483985400956466  0.0003483154797008811  -8.306039476552911e-08
0.002072072072072072  0.0003444241234845877  0.0003443399163374536  -8.420714713410285e-08
0.002082082082082082  0.0003403244190559007  0.0003402411712478331  -8.324780806758317e-08
0.002092092092092092  0.0003361011248595206  0.0003360203516396091  -8.077321991155958e-08
0.002102102102102102  0.000331755961650024  0.0003316782793104603  -7.768233956372298e-08
0.002112112112112112  0.0003272906741863201  0.0003272158036891806  -7.487049713951303e-08
0.002122122122122122  0.0003227070322891835  0.000322634093933691  -7.293835549247859e-08
0.002132132132132132  0.0003180068318554598  0.000317934813708475  -7.201814698483237e-08
0.002142142142142142  0.0003131918955850505  0.0003131201238226016  -7.177176244890348e-08
0.002152152152152152  0.0003082640737204171  0.0003081925186922201  -7.155502819693876e-08
0.002162162162162162  0.0003032252444936924  0.0003031545606123056  -7.0683881386814e-08
0.002172172172172172  0.0002980773146199666  0.0002980086100405233  -6.870457944327824e-08
0.002182182182182182  0.0002928222195772867  0.0002927566483746  -6.557120268670591e-08
0.002192192192192192  0.0002874619237767677  0.0002874002533765998  -6.167040016787258e-08
0.002202202202202202  0.0002819984207721896  0.0002819407306010773  -5.769017111234825e-08
0.002212212212212212  0.0002764337332193877  0.0002763793483058411  -5.438491354654851e-08
0.002222222222222222  0.000270769912862488  0.0002707175887523782  -5.232411010979571e-08
0.002232232232232232  0.0002650090404250841  0.0002649573272887421  -5.171313634196083e-08
0.002242242242242242  0.0002591532254490417  0.0002591008811092503  -5.23443397913324e-08
0.002252252252252252  0.0002532046060127708  0.0002531509192203314  -5.368679243945547e-08
0.002262262262262262  0.0002471653484879559  0.0002471102745717693  -5.507391618659241e-08
0.002272272272272272  0.0002410376471627966  0.0002409817303971595  -5.591676563709022e-08
0.002282282282282282  0.0002348237238494414  0.000234767855419049  -5.58684303923751e-08
0.002292292292292292  0.0002285258274746716  0.0002284709379402669  -5.488953440472297e-08
0.002302302302302302  0.0002221462335590926  0.0002220930283510015  -5.320520809110095e-08
0.002312312312312312  0.0002156872437256522  0.0002156360597247289  -5.118400092326593e-08
0.002322322322322322  0.0002091511851602323  0.0002091019918548603  -4.919330537199321e-08
0.002332332332332332  0.000202540409981296  0.000202492922987625  -4.748699367103783e-08
0.002342342342342342  0.0001958572946580876  0.0001958111337278488  -4.616093023882689e-08
0.002352352352352352  0.0001891042393954882  0.0001890590591263857  -4.518026910249216e-08
0.002362362362362362  0.0001822836673684384  0.0001822392142963045  -4.445307213388899e-08
0.002372372372372372  0.0001753980241161479  0.0001753541146244342  -4.390949171373826e-08
0.002382382382382382  0.0001684497767955785  0.0001684062287258483  -4.35480697301698e-08
0.002392392392392392  0.000161441413425826  0.0001613979835849534  -4.342984087255756e-08
0.002402402402402402  0.00015437544213612  0.0001543318157813375  -4.362635478254704e-08
0.002412412412412412  0.0001472543904271928  0.0001472102413480313  -4.414907916149274e-08
0.002422422422422422  0.0001400808042939859  0.000140035908236874  -4.489605711188011e-08
0.002432432432432432  0.0001328572474936458  0.0001328116025142127  -4.564497943309286e-08
0.002442442442442442  0.0001255863006714183  0.0001255401988031745  -4.610186824378611e-08
0.002452452452452453  0.0001182705605456997  0.0001182245689934364  -4.599155226332806e-08
0.002462462462462462  0.0001109126390577099  0.0001108674814725168  -4.51575851931487e-08
0.002472472472472472  0.0001035151624771109  0.0001034715290666842  -4.363341042666125e-08
0.002482482482482483  9.608077055265688e-05  9.603911533667445e-05  -4.165521598243098e-08
0.002492492492492492  8.861211562529448e-05  8.857250905544785e-05  -3.960656984662808e-08
0.002502502502502502  8.111186173015716e-05  8.107395278613721e-05  -3.790894401995814e-08
0.002512512512512513  7.358268368563918e-05  7.354579194262009e-05  -3.689174301909194e-08
0.002522522522522522  6.602726619590852e-05  6.599058233327798e-05  -3.668386263054331e-08
0.002532532532532532  5.844830291819955e-05  5.841113985919929e-05  -3.716305900026192e-08
0.002542542542542543  5.084849554741929e-05  5.081051392708367e-05  -3.798162033562084e-08
0.002552552552552552  4.323055288443454e-05  4.319189042191144e-05  -3.86624625231061e-08
0.002562562562562563  3.559718989701659e-05  3.555845287555977e-05  -3.873702145681978e-08
0.002572572572572573  2.795112678057239e-05  2.791324435296786e-05  -3.788242760453163e-08
0.002582582582582582  2.029508801299546e-05  2.025907294982704e-05  -3.601506316842261e-08
0.002592592592592593  1.263180140606186e-05  1.2598490324454e-05  -3.331108160786221e-08
0.002602602602602603  4.96399715426631e-06  4.933849500281597e-06  -3.014765398471381e-08
0.002612612612612612  -2.705593120709828e-06  -2.732577367129951e-06  -2.698424642012256e-08
0.002622622622622623  -1.037423732525615e-05  -1.039846012417248e-05  -2.422279891633509e-08
0.002632632632632633  -1.803920385186134e-05  -1.806129646956199e-05  -2.209261770064614e-08
0.002642642642642642  -2.569776254006291e-05  -2.571836003440274e-05  -2.059749433983203e-08
0.002652652652652653  -3.334718563134097e-05  -3.33667270541496e-05  -1.954142280863281e-08
0.002662662662662663  -4.098474873640153e-05  -4.100337090310114e-05  -1.862216669960799e-08
0.002672672672672672  -4.860773178727647e-05  -4.862528997359807e-05  -1.755818632159659e-08
0.002682682682682683  -5.621342000365783e-05  -5.622962237527108e-05  -1.62023716132495e-08
0.002692692692692693  -6.379910484595983e-05  -6.381370535404902e-05  -1.460050808919466e-08
0.002702702702702703  -7.13620849763739e-05  -7.137505712251834e-05  -1.297214614444039e-08
0.002712712712712713  -7.889966720085993e-05  -7.891128724774018e-05  -1.162004688025115e-08
0.002722722722722723  -8.64091674466588e-05  -8.64199686732552e-05  -1.080122659640349e-08
0.002732732732732733  -9.388791167889795e-05  -9.389851979839731e-05  -1.060811949935882e-08
0.002742742742742743  -0.0001013332368913273  -0.0001013441426579659  -1.090576663855371e-08
0.002752752752752753  -0.0001087424919973383  -0.0001087538434560237  -1.135145868542107e-08
0.002762762762762763  -0.0001161130388043148  -0.000116124531481478  -1.149267716315573e-08
0.002772772772772773  -0.0001234422529477102  -0.0001234531630242456  -1.091007653544838e-08
0.002782782782782783  -0.0001307275248107352  -0.000130736879637424  -9.354826688843295e-09
0.002792792792792793  -0.0001379662604420899  -0.000137973091866577  -6.831424487077978e-09
0.002802802802802803  -0.0001451558825120906  -0.0001451594799464932  -3.597434402642262e-09
0.002812812812812813  -0.0001522938311789357  -0.0001522939140553215  -8.287638584843042e-11
0.002822822822822823  -0.0001593775650359288  -0.0001593743261406658  3.238895263021077e-09
0.002832832832832833  -0.0001664045619990387  -0.0001663985812524431  5.980746595641044e-09
0.002842842842842843  -0.0001733723201943503  -0.0001733643924577722  7.927736578100184e-09
0.002852852852852853  -0.0001802783588690756  -0.0001802693019276233  9.056941452319006e-09
0.002862862862862863  -0.0001871202192561526  -0.0001871107215550088  9.497701143758959e-09
0.002872872872872873  -0.0001938954654440878  -0.0001938860028787301  9.462565357713998e-09
0.002882882882882883  -0.0002006016852647455  -0.00020059249897438  9.186290365491203e-09
0.002892892892892893  -0.0002072364911206155  -0.0002072275933662855  8.897754329986393e-09
0.002902902902902903  -0.0002137975208647539  -0.0002137886962671442  8.824597609721416e-09
0.002912912912912913  -0.0002202824386182594  -0.0002202732329425957  9.205675663735225e-09
0.002922922922922923  -0.0002266889356054672  -0.000226678658522353  1.0277083114206e-08
0.002932932932932933  -0.0002330147309838245  -0.0002330025207115674  1.221027225707075e-08
0.002942942942942943  -0.0002392575726460685  -0.0002392425606867798  1.501195928869481e-08
0.002952952952952953  -0.0002454152380337696  -0.0002453968080365357  1.842999723384968e-08
0.002962962962962963  -0.0002514855348940759  -0.0002514636076035915  2.192729048436674e-08
0.002972972972972973  -0.0002574663021143937  -0.0002574415291160714  2.477299832225098e-08
0.002982982982982983  -0.000263355410441613  -0.0002633291554641988  2.625497741421236e-08
0.002992992992992993  -0.0002691507632628823  -0.0002691248064948615  2.595676802083545e-08
0.003003003003003003  -0.0002748502944068487  -0.0002748263045378102  2.398986903849902e-08
0.003013013013013013  -0.0002804519706052529  -0.0002804308977823954  2.107282285745016e-08
0.003023023023023023  -0.0002859538042868784  -0.0002859354142084771  1.839007840134148e-08
0.003033033033033033  -0.0002913538367213363  -0.0002913366314697327  1.720525160357885e-08
0.003043043043043043  -0.0002966501454678294  -0.0002966317493571971  1.839611063231706e-08
0.003053053053053053  -0.0003018408449535985  -0.000301818785060175  2.205989342352098e-08
0.003063063063063063  -0.0003069240872444347  -0.0003068967137041462  2.737354028848173e-08
0.003073073073073073  -0.0003118980626603165  -0.0003118652579985493  3.280466176719225e-08
0.003083083083083083  -0.0003167610004173398  -0.0003167243669146886  3.663350265124083e-08
0.003093093093093093  -0.0003215111692565503  -0.0003214735611325178  3.760812403250796e-08
0.003103103103103103  -0.0003261468780856185  -0.0003261114013333134  3.547675230512358e-08
0.003113113113113113  -0.0003306664765345317  -0.0003306353118734878  3.116466104391468e-08
0.003123123123123123  -0.0003350683555990222  -0.0003350418652212815  2.649037774066828e-08
0.003133133133133133  -0.0003393509481786124  -0.0003393274464874253  2.350169118711144e-08
0.003143143143143143  -0.0003435127296297102  -0.0003434890486419776  2.368098773260392e-08
0.003153153153153153  -0.0003475522183282966  -0.0003475248740558945  2.73442724021359e-08
0.003163163163163163  -0.0003514679761729432  -0.0003514344787606027  3.349741234046077e-08
0.003173173173173173  -0.0003552586091515334  -0.0003552183769675318  4.023218400165925e-08
0.003183183183183183  -0.0003589227677333834  -0.0003588772537518948  4.551398148855889e-08
0.003193193193193193  -0.0003624591474843333  -0.0003624111136686056  4.803381572772132e-08
0.003203203203203203  -0.0003658664894111087  -0.0003658187373663597  4.775204474904721e-08
0.003213213213213213  -0.0003691435804748234  -0.0003690976971767862  4.588329803725593e-08
0.003223223223223223  -0.0003722892540222342  -0.0003722449401926768  4.431382955738137e-08
0.003233233233233233  -0.0003753023901638648  -0.0003752576872307602  4.470293310456126e-08
0.003243243243243243  -0.0003781819162003161  -0.0003781342382126056  4.767798771044239e-08
0.003253253253253253  -0.0003809268070048286  -0.0003808742999154561  5.25070893725053e-08
0.003263263263263263  -0.0003835360853845525  -0.0003834786611983801  5.7424186172383e-08
0.003273273273273273  -0.0003860088224071068  -0.0003859483464784658  6.047592864097569e-08
0.003283283283283283  -0.0003883441377713472  -0.0003882836397684852  6.049800286206169e-08
0.003293293293293293  -0.0003905412000882747  -0.0003904834581399053  5.774194836941776e-08
0.003303303303303303  -0.0003925992271917276  -0.0003925454086245822  5.381856714540287e-08
0.003313313313313313  -0.0003945174864078418  -0.0003944665390860559  5.094732178593121e-08
0.003323323323323323  -0.0003962952948285313  -0.0003962444383056796  5.085652285164192e-08
0.003333333333333333  -0.0003979320195379178  -0.0003978781310951495  5.388844276832307e-08
0.003343343343343343  -0.0003994270778578676  -0.0003993682736003462  5.880425752141216e-08
0.003353353353353353  -0.0004007799375382414  -0.000400716481862683  6.345567555844601e-08
0.003363363363363363  -0.0004019901169501492  -0.0004019240845561312  6.603239401797856e-08
0.003373373373373373  -0.0004030571852657021  -0.0004029909538764301  6.623138927200995e-08
0.003383383383383383  -0.000403980762600829  -0.0004039151287279263  6.563387290267359e-08
0.003393393393393393  -0.0004047605201541883  -0.0004046936192286286  6.690092555969567e-08
0.003403403403403403  -0.000405396180332468  -0.0004053241764739404  7.200385852758773e-08
0.003413413413413413  -0.000405887516830724  -0.0004058071967835257  8.032004719828309e-08
0.003423423423423423  -0.0004062343547361  -0.0004061466313931834  8.772334291655762e-08
0.003433433433433433  -0.0004064365705696539  -0.0004063490172906072  8.755327904667008e-08
0.003443443443443443  -0.0004064940923412407  -0.0004064205271754584  7.35651657822944e-08
0.003453453453453453  -0.0004064068995735178  -0.0004063629776781864  4.3921895331422e-08
0.003463463463463463  -0.0004061750233090773  -0.0004061705681366429  4.455172434420472e-09
0.003473473473473473  -0.0004057985460967691  -0.0004058292837909291  -3.073769415997416e-08
0.003483483483483484  -0.0004052776019552616  -0.0004053201508554858  -4.254890022416637e-08
0.003493493493493493  -0.0004046123763535696  -0.0004046260237862775  -1.36474327078564e-08
0.003503503503503503  -0.0004038031061222187  -0.0004037398519858529  6.325413636577631e-08
0.003513513513513514  -0.0004028500793590565  -0.0004026711618649679  1.789174940885541e-07
0.003523523523523523  -0.0004017536353549444  -0.0004014474590196889  3.061763352555269e-07
0.003533533533533533  -0.0004005141644724894  -0.0004001086613165947  4.055031558946958e-07
0.003543543543543544  -0.0003991321079966815  -0.0003986951890606207  4.369189360607434e-07
0.003553553553553553  -0.0003976079580281111  -0.0003972330963667668  3.748616613443063e-07
0.003563563563563563  -0.0003959422573407114  -0.0003957215107175146  2.207466231967476e-07
0.003573573573573574  -0.0003941355992644831  -0.0003941277251236099  7.874140873131898e-09
0.003583583583583583  -0.0003921886277452013  -0.0003923932353119841  -2.046075667827595e-07
0.003593593593593594  -0.0003901020374388717  -0.0003904503338812844  -3.482964424126678e-07
0.003603603603603604  -0.0003878765744339399  -0.0003882447917209257  -3.682172869857612e-07
0.003613613613613613  -0.0003855130376276786  -0.0003857572179363146  -2.441803086360161e-07
0.003623623623623624  -0.0003830122820736702  -0.0003830151691568065  -2.887083136308196e-09
0.003633633633633634  -0.0003803752256512661  -0.0003800904514348051  2.847742164609874e-07
0.003643643643643643  -0.0003776028628510822  -0.0003770807331909341  5.221296601480487e-07
0.003653653653653654  -0.0003746962919452172  -0.0003740800516602972  6.162402849199948e-07
0.003663663663663664  -0.0003716567685087075  -0.0003711471243068562  5.096442018513053e-07
0.003673673673673673  -0.000368485809314606  -0.0003682819446151771  2.038646994288653e-07
0.003683683683683684  -0.0003651853918869609  -0.0003654192503786374  -2.338584916764929e-07
0.003693693693693694  -0.0003617583344925402  -0.0003624426293314649  -6.842948389246869e-07
0.003703703703703703  -0.0003582090121632663  -0.0003592168603014505  -1.007848138184222e-06
0.003713713713713714  -0.0003545446917509838  -0.0003556306514032659  -1.085959652282126e-06
0.003723723723723724  -0.0003507779920186543  -0.0003516390206201985  -8.610286015442057e-07
0.003733733733733734  -0.0003469313520468939  -0.0003472950163220623  -3.636642751684237e-07
0.003743743743743744  -0.0003430449959249462  -0.000342763914015703  2.810819092432561e-07
0.003753753753753754  -0.0003391907447416236  -0.0003383180357529402  8.727089886833694e-07
0.003763763763763764  -0.0003354949416022723  -0.0003343150687247888  1.179872877483533e-06
0.003773773773773774  -0.0003321736922437766  -0.0003311656691645895  1.008023079187041e-06
0.003783783783783784  -0.0003295795057071555  -0.000329296584236883  2.829214702725308e-07
0.003793793793793794  -0.0003282439953956854  -0.0003291139503581443  -8.699549624589038e-07
0.003803803803803804  -0.0003288718449609928  -0.0003309690740418565  -2.097229080863766e-06
0.003813813813813814  -0.0003322162397663717  -0.0003351272939088122  -2.911054142440504e-06
0.003823823823823824  -0.0003388137821234073  -0.0003417403830169147  -2.926600893507362e-06
0.003833833833833834  -0.0003487140335123988  -0.0003508243661801747  -2.110332667775859e-06
0.003843843843843844  -0.0003614314517517115  -0.0003622466509467889  -8.151991950774095e-07
0.003853853853853854  -0.0003761684926108899  -0.0003757275694017394  4.409232091505009e-07
0.003863863863863864  -0.000392113045143974  -0.0003908605717828019  1.252473361172126e-06
0.003873873873873874  -0.0004086198906999682  -0.0004071520133070138  1.467877392954411e-06
0.003883883883883884  -0.0004252494657377946  -0.0004240764705223788  1.172995215415851e-06
0.003893893893893894  -0.000441729653772059  -0.0004411384745958953  5.911791761636876e-07
0.003903903903903904  -0.0004579006294752942  -0.0004579284151239775  -2.778564868330868e-08
0.003913913913913914  -0.000473669829436827  -0.0004741606072760795  -4.90777839252444e-07
0.003923923923923924  -0.0004889822617764434  -0.0004896854463139765  -7.03184537533051e-07
0.003933933933933934  -0.0005038030990058312  -0.0005044741703457354  -6.71071339904193e-07
0.003943943943943944  -0.0005181082087231507  -0.0005185819653861533  -4.737566630026203e-07
0.003953953953953954  -0.000531879253866646  -0.0005321006368789134  -2.213830122674201e-07
0.003963963963963964  -0.0005451012326354977  -0.0005451140661064754  -1.283347097775361e-08
0.003973973973973974  -0.0005577612532634518  -0.0005576676078954299  9.364536802188191e-08
0.003983983983983984  -0.0005698479112242399  -0.0005697573055842639  9.060563997600329e-08
0.003993993993993994  -0.0005813509547683634  -0.0005813381998585902  1.275490977322834e-08
0.004004004004004004  -0.0005922610649665273  -0.0005923453338056548  -8.426883912741358e-08
0.004014014014014014  -0.0006025697637443563  -0.0006027180837163999  -1.483199720435976e-07
0.004024024024024024  -0.0006122693617388024  -0.0006124188848268302  -1.495230880278232e-07
0.004034034034034034  -0.0006213528056203311  -0.0006214407474878355  -8.794186750441402e-08
0.004044044044044044  -0.0006298136596495332  -0.0006298027011718618  1.095847767141212e-08
0.004054054054054054  -0.0006376460618666849  -0.0006375366566031569  1.094052635280127e-07
0.004064064064064064  -0.0006448446880079997  -0.0006446716804794012  1.730075285985263e-07
0.004074074074074074  -0.0006514047214897569  -0.0006512217041928853  1.830172968715713e-07
0.004084084084084084  -0.0006573218282871142  -0.0006571805712596641  1.412570274501564e-07
0.004094094094094094  -0.0006625921358252199  -0.000662525126186939  6.700963828092099e-08
0.004104104104104104  -0.0006672122151901448  -0.000667224066467146  -1.185127700121212e-08
0.004114114114114114  -0.0006711790661291705  -0.0006712485628246775  -6.94966955069919e-08
0.004124124124124124  -0.0006744901044028607  -0.000674580633721978  -9.052931911729921e-08
0.004134134134134134  -0.0006771431511530364  -0.0006772166866581263  -7.353550508988095e-08
0.004144144144144144  -0.0006791364240065025  -0.0006791657667727501  -2.934276624759133e-08
0.004154154154154154  -0.0006804685296928118  -0.0006804439961282785  2.453356453332046e-08
0.004164164164164164  -0.0006811384579981894  -0.0006810677684923107  7.068950587862596e-08
0.004174174174174174  -0.0006811455769127133  -0.0006810482382531716  9.733865954171701e-08
0.004184184184184184  -0.0006804896288578718  -0.0006803887144017707  1.009144561010681e-07
0.004194194194194194  -0.0006791707279079213  -0.0006790852458270341  8.548208088718281e-08
0.004204204204204204  -0.0006771893579396872  -0.0006771295226045685  5.983533511873772e-08
0.004214214214214214  -0.0006745463716656991  -0.0006745126121217044  3.37595439947342e-08
0.004224224224224224  -0.0006712429905225206  -0.0006712281050228135  1.488549970709175e-08
0.004234234234234234  -0.0006672808054030231  -0.0006672737980164533  7.007386569764761e-09
0.004244244244244244  -0.0006626617782367317  -0.0006626517690937619  1.000914296985043e-08
0.004254254254254254  -0.0006573882444379993  -0.0006573672895677227  2.095487027658788e-08
0.004264264264264264  -0.000651462916255185  -0.0006514272788252583  3.563742992666787e-08
0.004274274274274274  -0.0006448888870764606  -0.0006448389298266774  4.995724978325029e-08
0.004284284284284284  -0.0006376696367529252  -0.0006376088450996175  6.079165330776393e-08
0.004294294294294294  -0.0006298090380293709  -0.0006297427070418586  6.633098751230963e-08
0.004304304304304304  -0.0006213113641899596  -0.0006212453074581276  6.605673183196926e-08
0.004314314314314314  -0.00061218129804157  -0.0006121207303554186  6.056768615141962e-08
0.004324324324324324  -0.0006024239423948084  -0.0006023725745707657  5.13678240426441e-08
0.004334334334334334  -0.0005920448322175004  -0.0005920042222557827  4.060996171772416e-08
0.004344344344344344  -0.0005810499486825718  -0.0005810192172101535  3.073147241826509e-08
0.004354354354354354  -0.0005694457353590057  -0.0005694217791467888  2.395621221686593e-08
0.004364364364364364  -0.0005572391168454848  -0.0005572173769939211  2.173985156369955e-08
0.004374374374374375  -0.0005444375201904142  -0.0005444131881612952  2.433202911898691e-08
0.004384384384384384  -0.0005310488995183321  -0.0005310182507832561  3.064873507600558e-08
0.004394394394394394  -0.0005170817643236122  -0.0005170432002493388  3.856407427334924e-08
0.004404404404404405  -0.000502545212012961  -0.0005024996407408478  4.557127211322291e-08
0.004414414414414414  -0.0004874489653324166  -0.000487399365150437  4.960018197959449e-08
0.004424424424424424  -0.0004718034154672856  -0.0004717537236465536  4.969182073200767e-08
0.004434434434434435  -0.0004556196716962174  -0.000455573404939209  4.626675700837492e-08
0.004444444444444444  -0.0004389096186651474  -0.0004388687428905726  4.087577457480111e-08
0.004454454454454454  -0.0004216859824968573  -0.0004216504551536374  3.552734321993602e-08
0.004464464464464465  -0.0004039624071595098  -0.0004039305468964148  3.186026309502611e-08
0.004474474474474474  -0.0003857535427622479  -0.0003857230462634298  3.049649881817175e-08
0.004484484484484484  -0.0003670751476525865  -0.0003670443092958392  3.083835674728931e-08
0.004494494494494495  -0.0003479442065117629  -0.0003479128131339691  3.139337779382682e-08
0.004504504504504504  -0.0003283790668892121  -0.0003283485739465034  3.049294270871753e-08
0.004514514514514514  -0.0003083995969151609  -0.0003083724913055625  2.71056095983691e-08
0.004524524524524525  -0.0002880273671576413  -0.0002880059660063511  2.140115129019684e-08
0.004534534534534534  -0.0002672858597465843  -0.0002672710444124449  1.481533413934559e-08
0.004544544544544544  -0.0002462007078610692  -0.000246191145782704  9.562078365167506e-09
0.004554554554554555  -0.0002247999684073228  -0.0002247922068051641  7.761602158754726e-09
0.004564564564564564  -0.0002031144299115192  -0.0002031039166889679  1.051322255133887e-08
0.004574574574574574  -0.000181177956241269  -0.0001811606794697348  1.727677153418169e-08
0.004584584584584585  -0.00015902786423267  -0.0001590020422435054  2.582198916457413e-08
0.004594594594594595  -0.0001367053293573975  -0.0001366725299195711  3.279943782641902e-08
0.004604604604604604  -0.0001142558075330374  -0.0001142210513348226  3.475619821478447e-08
0.004614614614614615  -9.172945265075313e-05  -9.170020148777565e-05  2.925116297748317e-08
0.004624624624624625  -6.918149769827178e-05  -6.916581661792276e-05  1.568108034902553e-08
0.004634634634634634  -4.667255240340984e-05  -4.667702592012309e-05  -4.473516713248099e-09
0.004644644644644645  -2.426875258818589e-05  -2.429682204006548e-05  -2.806945187958784e-08
0.004654654654654655  -2.041677766922566e-06  -2.092918758118765e-06  -5.124099119619927e-08
0.004664664664664664  1.993206233600437e-05  1.986153146232681e-05  -7.053087367755868e-08
0.004674674674674675  4.15716783746504e-05  4.148785304890843e-05  -8.382532574197229e-08
0.004684684684684685  6.279358400841217e-05  6.270279540011511e-05  -9.078860829705299e-08
0.004694694694694694  8.351336726573251e-05  8.342068341739463e-05  -9.268384833788636e-08
0.004704704704704705  0.0001036483352972835  0.0001035566427817028  -9.169251558072448e-08
0.004714714714714715  0.000123120513080947  0.0001230304951193506  -9.001796159635632e-08
0.004724724724724724  0.0001418598562485223  0.0001417707419579289  -8.911429059339283e-08
0.004734734734734735  0.0001598073318012654  0.000159718027738424  -8.930406284141188e-08
0.004744744744744745  0.000176917467856948  0.0001768275911804421  -8.987667650587716e-08
0.004754754754754754  0.0001931600068526048  0.0001930704375688193  -8.956928378554981e-08
0.004764764764764765  0.0002085204232608366  0.0002084332223119107  -8.720094892591653e-08
0.004774774774774775  0.0002229992593413783  0.0002229170566003699  -8.220274100835209e-08
0.004784784784784784  0.0002366104355093393  0.0002365355778815042  -7.485762783514954e-08
0.004794794794794795  0.0002493788461318425  0.0002493126537495355  -6.619238230697998e-08
0.004804804804804805  0.0002613376187822  0.0002612800248678945  -5.759391430551529e-08
0.004814814814814814  0.000272525391661265  0.0002724750814852397  -5.03101760253007e-08
0.004824824824824825  0.0002829838761537281  0.0002829388562064283  -4.501994729978363e-08
0.004834834834834835  0.0002927558580718704  0.0002927142396699758  -4.161840189462846e-08
0.004844844844844844  0.0003018836860996511  0.0003018444011480668  -3.928495158431883e-08
0.004854854854854855  0.0003104082193615595  0.0003103714152218232  -3.680413973626909e-08
0.004864864864864865  0.0003183681623625448  0.0003183351345172028  -3.302784534200357e-08
0.004874874874874875  0.0003257997000709659  0.000325772377956017  -2.732211494896331e-08
0.004884884884884885  0.0003327363493351071  0.0003327165019404856  -1.984739462151464e-08
0.004894894894894895  0.0003392089559184751  0.0003391973812332207  -1.157468525441862e-08
0.004904904904904905  0.0003452457826831312  0.0003452417569835016  -4.025699629553459e-09
0.004914914914914915  0.0003508726498485587  0.0003508738342258843  1.18437732559741e-09
0.004924924924924925  0.0003561131009937863  0.0003561159574291162  2.856435329966819e-09
0.004934934934934935  0.0003609885777647148  0.0003609891819370821  6.041723673547335e-10
0.004944944944944945  0.0003655185932966561  0.0003655135994101279  -4.99388652826227e-09
0.004954954954954955  0.0003697208984079764  0.0003697083575308072  -1.254087716919677e-08
0.004964964964964965  0.0003736116378100277  0.0003735914141735725  -2.022363645515571e-08
0.004974974974974975  0.0003772054949965344  0.0003771791523693392  -2.634262719525444e-08
0.004984984984984985  0.000380515825783762  0.0003804860261873086  -2.979959645341666e-08
0.004994994994994995  0.0003835547806395438  0.0003835243938129184  -3.038682662540341e-08
0.005005005005005005  0.000386333404102025  0.0003863046267434764  -2.877735854857821e-08
0.005015015015015015  0.0003888617632407288  0.0003888354862641276  -2.627697660118966e-08
0.005025025025025025  0.0003911490383042795  0.0003911246648003335  -2.437350394603188e-08
0.005035035035035035  0.000393203583223418  0.0003931793341416774  -2.42490817405289e-08
0.005045045045045045  0.0003950330159205419  0.0003950065451116517  -2.647080889022196e-08
0.005055055055055055  0.0003966442887161487  0.0003966133824731623  -3.09062429863457e-08
0.005065065065065065  0.0003980437524639034  0.0003980068714292492  -3.688103465416528e-08
0.005075075075075075  0.0003992372149461504  0.0003991937216709629  -4.349327518743309e-08
0.005085085085085085  0.0004002299940244653  0.0004001800465144471  -4.994751001826617e-08
0.005095095095095095  0.0004010269660975842  0.0004009711888300598  -5.577726752437626e-08
0.005105105105105105  0.0004016326101278528  0.0004015717265595359  -6.088356831684223e-08
0.005115115115115115  0.0004020510478097464  0.0004019856451590856  -6.540265066079954e-08
0.005125125125125125  0.0004022860800816464  0.0004022165897834089  -6.949029823755896e-08
0.005135135135135135  0.0004023412203647727  0.0004022680787616156  -7.314160315710812e-08
0.005145145145145145  0.0004022197248469834  0.0004021435848460049  -7.614000097847917e-08
0.005155155155155155  0.0004019246200086391  0.0004018464595121419  -7.816049649720432e-08
0.005165165165165165  0.0004014587276727836  0.0004013797559047792  -7.897176800442541e-08
0.005175175175175175  0.0004008246877988663  0.0004007460599181327  -7.862788073360666e-08
0.005185185185185185  0.0004000249792419455  0.0003999474400813859  -7.753916055964257e-08
0.005195195195195195  0.0003990619385774408  0.0003989855731334064  -7.636544403435844e-08
0.005205205205205205  0.0003979377772711228  0.0003978620169065487  -7.576036457413501e-08
0.005215215215215215  0.0003966545972210891  0.0003965785245642773  -7.607265681183186e-08
0.005225225225225225  0.0003952144049659857  0.0003951372616383502  -7.714332763547865e-08
0.005235235235235235  0.0003936191245324568  0.0003935408177917083  -7.830674074845107e-08
0.005245245245245245  0.000391870609059891  0.0003917919886520591  -7.862040783191467e-08
0.005255255255255255  0.0003899706514916257  0.0003898934045042606  -7.724698736509593e-08
0.005265265265265265  0.0003879209941155736  0.0003878471572721982  -7.383684337542275e-08
0.005275275275275275  0.0003857233373307669  0.0003856545901423533  -6.874718841366669e-08
0.005285285285285285  0.0003833793475048495  0.0003833163563240666  -6.299118078284972e-08
0.005295295295295295  0.0003808906641423678  0.0003808327465103369  -5.7917632030884e-08
0.005305305305305305  0.0003782589063658954  0.0003782041724411678  -5.473392472761518e-08
0.005315315315315315  0.0003754856787599034  0.0003754316240430697  -5.40547168337486e-08
0.005325325325325325  0.0003725725766133894  0.0003725169205714162  -5.565604197324027e-08
0.005335335335335335  0.0003695211907154272  0.0003694626524732521  -5.853824217515961e-08
0.005345345345345345  0.0003663331116250069  0.0003662718300955205  -6.128152948639424e-08
0.005355355355355355  0.0003630099335559815  0.0003629473696171328  -6.256393884874426e-08
0.005365365365365365  0.0003595532577401744  0.0003594916096362919  -6.164810388244917e-08
0.005375375375375375  0.0003559646956548611  0.0003559060389776461  -5.86566772150382e-08
0.005385385385385385  0.0003522458716513874  0.0003521913339590611  -5.453769232630166e-08
0.005395395395395395  0.0003483984255112404  0.0003483476857982754  -5.073971296506302e-08
0.005405405405405406  0.0003444240145824401  0.0003443752931516605  -4.872143077964139e-08
0.005415415415415415  0.0003403243157491639  0.0003402748412824473  -4.947446671657932e-08
0.005425425425425425  0.0003361010270427538  0.0003360478055478045  -5.322149494930203e-08
0.005435435435435436  0.0003317558692206712  0.0003316964916789424  -5.937754172884429e-08
0.005445445445445445  0.0003272905870635547  0.0003272238253407416  -6.676172281314379e-08
0.005455455455455455  0.0003227069503657678  0.0003226329882101775  -7.396215559029185e-08
0.005465465465465466  0.000318006755038343  0.0003179270366927693  -7.971834557366853e-08
0.005475475475475475  0.0003131918237637639  0.0003131086232417958  -8.320052196812222e-08
0.005485485485485485  0.0003082640067834784  0.0003081798829944144  -8.412378906403608e-08
0.005495495495495496  0.0003032251823398973  0.0003031424789044344  -8.270343546291784e-08
0.005505505505505505  0.0002980772571367833  0.0002979977466437452  -7.951049303802976e-08
0.005515515515515515  0.0002928221666456927  0.0002927468643666302  -7.530227906250029e-08
0.005525525525525526  0.0002874618752899789  0.0002873909917792397  -7.088351073919648e-08
0.005535535535535535  0.0002819983765981724  0.0002819313616097619  -6.70149884104943e-08
0.005545545545545545  0.0002764336932324559  0.0002763693415590993  -6.435167335659166e-08
0.005555555555555556  0.0002707698769479685  0.000270706497975642  -6.337897232646392e-08
0.005565565565565565  0.0002650090084524788  0.0002649446789047323  -6.432954774649108e-08
0.005575575575575575  0.0002591531972807477  0.0002590861036139632  -6.709366678453151e-08
0.005585585585585586  0.0002532045815156187  0.0002531334171315991  -7.116438401961371e-08
0.005595595595595595  0.0002471653275279284  0.0002470896599795098  -7.566754841860325e-08
0.005605605605605605  0.0002410376295919538  0.0002409581234075027  -7.950618445114947e-08
0.005615615615615616  0.000234823709541014  0.0002347421029929736  -8.160654804036517e-08
0.005625625625625626  0.0002285258162647258  0.0002284446105411703  -8.12057235554612e-08
0.005635635635635635  0.0002221462253063783  0.0002220681341193187  -7.809118705953927e-08
0.005645645645645646  0.0002156872382826108  0.0002156145331944847  -7.270508812609101e-08
0.005655655655655656  0.0002091511823637023  0.0002090851180496582  -6.606431404411689e-08
0.005665665665665665  0.0002025404096791087  0.0002024809025573358  -5.950712177294035e-08
0.005675675675675676  0.0001958572967061031  0.0001958029594121412  -5.433729396189498e-08
0.005685685685685686  0.0001891042436041679  0.0001890527700608607  -5.147354330714993e-08
0.005695695695695695  0.0001822836735930294  0.0001822324620039953  -5.12115890341253e-08
0.005705705705705706  0.0001753980321872218  0.0001753448636471586  -5.31685400631662e-08
0.005715715715715716  0.0001684497865463886  0.000168393367191095  -5.641935529356046e-08
0.005725725725725725  0.0001614414246827462  0.0001613816509080118  -5.977377473437057e-08
0.005735735735735736  0.0001543754547422659  0.0001543133521990518  -6.210254321407341e-08
0.005745745745745746  0.0001472544041900246  0.0001471917896942625  -6.261449576208211e-08
0.005755755755755755  0.0001400808190475696  0.0001400198069585267  -6.101208904294038e-08
0.005765765765765766  0.0001328572630617089  0.0001327997643755251  -5.749868618376759e-08
0.005775775775775776  0.0001255863168751698  0.0001255336576830337  -5.26591921360764e-08
0.005785785785785785  0.000118270577211941  0.0001182233080754765  -4.726913646450632e-08
0.005795795795795796  0.0001109126559973699  0.0001108705588533655  -4.209714400439928e-08
0.005805805805805806  0.0001035151795156296  0.0001034774264223227  -3.775309330685873e-08
0.005815815815815815  9.608078750580316e-05  9.604618003049876e-05  -3.460747530440052e-08
0.005825825825825826  8.861213231457699e-05  8.857935259684648e-05  -3.277971773051503e-08
0.005835835835835836  8.111187796806669e-05  8.107970392283617e-05  -3.217404523051415e-08
0.005845845845845845  7.358269929128806e-05  7.355016282649965e-05  -3.253646478840666e-08
0.005855855855855856  6.602728098148815e-05  6.599376816093982e-05  -3.351282054833281e-08
0.005865865865865866  5.844831670085625e-05  5.841361666584642e-05  -3.470003500982482e-08
0.005875875875875875  5.084850814233023e-05  5.081281547200041e-05  -3.569267032981453e-08
0.005885885885885886  4.323056410629144e-05  4.319443368669324e-05  -3.61304195982008e-08
0.005895895895895896  3.559719956089708e-05  3.556145141911342e-05  -3.574814178366087e-08
0.005905905905905906  2.795113470383537e-05  2.791671252588886e-05  -3.442217794650545e-08
0.005915915915915916  2.029509401102348e-05  2.026289406421538e-05  -3.219994680809558e-08
0.005925925925925926  1.263180529601427e-05  1.260250649375686e-05  -2.929880225740609e-08
0.005935935935935936  4.963998752307891e-06  4.937932451415764e-06  -2.606630089212707e-08
0.005945945945945946  -2.705593996671821e-06  -2.728499721629192e-06  -2.29057249573711e-08
0.005955955955955956  -1.037424085659365e-05  -1.039442414106273e-05  -2.018328446908024e-08
0.005965965965965966  -1.803921021884924e-05  -1.805735210561236e-05  -1.814188676312373e-08
0.005975975975975976  -2.56977719210874e-05  -2.571461874140244e-05  -1.684682031503654e-08
0.005985985985985986  -3.334719820617081e-05  -3.336337855475851e-05  -1.618034858770219e-08
0.005995995995995996  -4.098476468006757e-05  -4.100065208132738e-05  -1.588740125981429e-08
0.006006006006006006  -4.860775023933355e-05  -4.862340947523232e-05  -1.565923589876564e-08
0.006016016016016016  -5.621344001296666e-05  -5.622866469234374e-05  -1.522467937707845e-08
0.006026026026026026  -6.379912604588589e-05  -6.381355037833471e-05  -1.442433244882072e-08
0.006036036036036036  -7.136210699709392e-05  -7.137535028966328e-05  -1.324329256936036e-08
0.006046046046046046  -7.889968968382923e-05  -7.891148104651988e-05  -1.179136269065229e-08
0.006056056056056056  -8.640919002188028e-05  -8.641943310235475e-05  -1.02430804744722e-08
0.006066066066066066  -9.388793398721951e-05  -9.389669542987866e-05  -8.761442659159686e-09
0.006076076076076076  -0.0001013332585666505  -0.0001013406939200741  -7.435353423574016e-09
0.006086086086086086  -0.0001087425126798557  -0.0001087487674166873  -6.254736831617339e-09
0.006096096096096096  -0.0001161130581379305  -0.0001161181896431841  -5.131505253624111e-09
0.006106106106106106  -0.0001234422705815861  -0.0001234462260000551  -3.95541846896926e-09
0.006116116116116116  -0.000130727540387506  -0.0001307301991651437  -2.65877763766997e-09
0.006126126126126126  -0.0001379662736140574  -0.0001379675331813948  -1.25956733739341e-09
0.006136136136136136  -0.0001451558929312275  -0.0001451557546222246  1.383090028682192e-10
0.006146146146146146  -0.0001522938385022009  -0.0001522924482701425  1.390232058379876e-09
0.006156156156156156  -0.0001593775689247926  -0.0001593751856963753  2.383228417293225e-09
0.006166166166166166  -0.0001664045621184129  -0.0001664014588932946  3.103225118279013e-09
0.006176176176176176  -0.0001733723162139481  -0.0001733686510086011  3.665205346962009e-09
0.006186186186186186  -0.0001802783504608669  -0.0001802740614727022  4.288988164705956e-09
0.006196196196196196  -0.0001871202060947542  -0.0001871149792866111  5.226808143146255e-09
0.006206206206206206  -0.0001938954472164005  -0.0001938887762883506  6.670928049919752e-09
0.006216216216216216  -0.0002006016616483035  -0.0002005929820697246  8.679578578920603e-09
0.006226226226226226  -0.0002072364618228002  -0.0002072253091826532  1.11526401470061e-08
0.006236236236236236  -0.0002137974855701292  -0.0002137836188588281  1.3866711301105e-08
0.006246246246246246  -0.0002202823970327474  -0.0002202658440598801  1.655297286729234e-08
0.006256256256256256  -0.0002266888874394832  -0.0002266699057408745  1.898169860867411e-08
0.006266266266266266  -0.0002330146759562967  -0.0002329936601854041  2.101577089259963e-08
0.006276276276276276  -0.0002392575104842371  -0.0002392348985170134  2.261196722371612e-08
0.006286286286286286  -0.0002454151684498844  -0.0002453913916291325  2.377682075191271e-08
0.006296296296296296  -0.0002514854576370022  -0.0002514609485918474  2.450904515482241e-08
0.006306306306306306  -0.0002574662169203242  -0.0002574414475592903  2.476936103391805e-08
0.006316316316316316  -0.0002633553170580127  -0.0002633308115890827  2.450546893000265e-08
0.006326326326326326  -0.0002691506614409357  -0.0002691269327937448  2.372864719096075e-08
0.006336336336336336  -0.000274850186860859  -0.0002748275823012675  2.260455959153702e-08
0.006346346346346346  -0.0002804518641903051  -0.0002804303626287968  2.15015615083144e-08
0.006356356356356356  -0.0002859536991812109  -0.0002859327506428745  2.094853833635316e-08
0.006366366366366366  -0.0002913537330944879  -0.0002913322430075244  2.149008696353e-08
0.006376376376376376  -0.0002966500434626356  -0.0002966265656837179  2.347777891770295e-08
0.006386386386386386  -0.0003018407447542377  -0.0003018138673975201  2.68773567176344e-08
0.006396396396396396  -0.0003069239890078387  -0.000306892805852704  3.118315513472207e-08
0.006406406406406407  -0.0003118979665262867  -0.000311862465053558  3.550147272869415e-08
0.006416416416416416  -0.0003167609065360157  -0.0003167221048714558  3.880166455987825e-08
0.006426426426426426  -0.0003215110777875304  -0.0003214708160593638  4.026172816657108e-08
0.006436436436436437  -0.0003261467891608167  -0.0003261072043429274  3.958481788928284e-08
0.006446446446446446  -0.0003306663902971079  -0.0003306292313054745  3.715899163337592e-08
0.006456456456456456  -0.0003350682722026962  -0.0003350342907911599  3.398141153632562e-08
0.006466466466466467  -0.0003393508677299729  -0.0003393195132531877  3.135447678527309e-08
0.006476476476476476  -0.000343512652270965  -0.0003434822000358924  3.045223507261658e-08
0.006486486486486486  -0.0003475521441770439  -0.0003475202323594824  3.191181756145118e-08
0.006496496496496497  -0.0003514679053606522  -0.0003514323014663945  3.560389425774288e-08
0.006506506506506506  -0.0003552585417805088  -0.0003552178693017504  4.067247875836786e-08
0.006516516516516516  -0.0003589227039301106  -0.0003588768700542987  4.583387581188342e-08
0.006526526526526527  -0.0003624590873428263  -0.0003624092620086457  4.982533418062271e-08
0.006536536536536536  -0.0003658664330448658  -0.000365814596269906  5.183677495980508e-08
0.006546546546546546  -0.0003691435279819145  -0.0003690917605570285  5.176742488594444e-08
0.006556556556556557  -0.000372289205493629  -0.0003722389859698783  5.021952375071402e-08
0.006566566566566566  -0.0003753023456878125  -0.0003752541017349142  4.824395289835214e-08
0.006576576576576576  -0.0003781818758685375  -0.0003781349300859749  4.69457825625838e-08
0.006586586586586587  -0.0003809267708991412  -0.0003808796681483549  4.710275078632182e-08
0.006596596596596596  -0.000383536053571952  -0.0003834871220797595  4.893149219251276e-08
0.006606606606606606  -0.0003860087949683703  -0.000385956728699045  5.206626932531934e-08
0.006616616616616617  -0.0003883441147682016  -0.0003882883872944138  5.57274737878052e-08
0.006626626626626626  -0.0003905411815864302  -0.0003904821894515323  5.899213489788313e-08
0.006636636636636636  -0.0003925992132451827  -0.0003925381512147536  6.106203042906353e-08
0.006646646646646647  -0.0003945174770710022  -0.0003944560194378316  6.145763317060102e-08
0.006656656656656657  -0.0003962952901426985  -0.0003962351682171773  6.012192552118899e-08
0.006666666666666666  -0.0003979320195538767  -0.0003978745589987934  5.746055508324983e-08
0.006676676676676677  -0.0003994270826103265  -0.0003993727370201304  5.434559019614578e-08
0.006686686686686687  -0.0004007799470537246  -0.0004007278777221215  5.206933160307277e-08
0.006696696696696696  -0.0004019901312586865  -0.0004019379489335761  5.218232511041863e-08
0.006706706706706707  -0.000403057204390075  -0.0004030010699759551  5.613441411987706e-08
0.006716716716716717  -0.000403980786553849  -0.0004039160893804812  6.469717336773364e-08
0.006726726726726726  -0.0004047605489513736  -0.0004046832686724454  7.728027892823282e-08
0.006736736736736737  -0.0004053962139748592  -0.0004053048018720185  9.141210284069941e-08
0.006746746746746747  -0.00040588755532787  -0.0004057848084914632  1.027468364068248e-07
0.006756756756756756  -0.0004062343980830141  -0.0004061285012072612  1.058968757528911e-07
0.006766766766766767  -0.000406436618754923  -0.0004063404866977933  9.613205712965655e-08
0.006776776776776777  -0.0004064941453495294  -0.0004064225583697491  7.158697978035342e-08
0.006786786786786786  -0.0004064069573905005  -0.0004063717378483154  3.521954218511317e-08
0.006796796796796797  -0.0004061750859057704  -0.0004061795216029303  -4.435697159891564e-09
0.006806806806806807  -0.0004057986134422543  -0.0004058331221502087  -3.450870795433485e-08
0.006816816816816816  -0.0004052776740225075  -0.0004053189108506076  -4.123682810009462e-08
0.006826826826826827  -0.0004046124531047808  -0.00040462739937763  -1.494627284919859e-08
0.006836836836836837  -0.0004038031875020663  -0.0004037582361993373  4.49513027289618e-08
0.006846846846846846  -0.0004028501653224102  -0.0004027232203999611  1.269449224490754e-07
0.006856856856856857  -0.0004017537258484948  -0.0004015455594877221  2.081663607726735e-07
0.006866866866866867  -0.0004005142594298353  -0.0004002546132641095  2.596461657257561e-07
0.006876876876876876  -0.0003991322073612145  -0.000398876953185176  2.552541760384558e-07
0.006886886886886887  -0.0003976080617292576  -0.0003974262157158638  1.818460133937573e-07
0.006896896896896897  -0.0003959423652924028  -0.0003958952873880576  4.707790434522801e-08
0.006906906906906906  -0.0003941357114041504  -0.0003942542756832454  -1.185642790949275e-07
0.006916916916916917  -0.0003921887439765324  -0.0003924562856628662  -2.675416863337846e-07
0.006926926926926927  -0.0003901021576840405  -0.0003904505250116686  -3.483673276280627e-07
0.006936936936936937  -0.0003878766985741918  -0.0003881994579586897  -3.227593844978578e-07
0.006946946946946947  -0.0003855131655787792  -0.0003856946309439614  -1.814653651821844e-07
0.006956956956956957  -0.0003830124137046581  -0.0003829653065641184  4.710714053969382e-08
0.006966966966966967  -0.0003803753608384145  -0.000380075604682809  2.997561556055154e-07
0.006976976976976977  -0.0003776030014116615  -0.0003771091956295851  4.938057820764357e-07
0.006986986986986987  -0.0003746964336470028  -0.0003741447627754448  5.516708715580152e-07
0.006996996996996997  -0.0003716569130008041  -0.0003712290783046108  4.278346961932955e-07
0.007007007007007007  -0.0003684859469381532  -0.0003683562950301719  1.296519079812901e-07
0.007017017017017017  -0.0003651855181505433  -0.0003654611669609183  -2.756488103749393e-07
0.007027027027027027  -0.0003617584483896444  -0.0003624304560968426  -6.720077071981708e-07
0.007037037037037037  -0.0003582091118944713  -0.0003591317373413566  -9.226254468853523e-07
0.007047047047047047  -0.0003545447742037128  -0.0003554537372431275  -9.089630394146925e-07
0.007057057057057057  -0.0003507780520154748  -0.0003513488460393825  -5.707940239076353e-07
0.007067067067067067  -0.0003469313813045749  -0.0003468676188739449  6.376243062998542e-08
0.007077077077077077  -0.0003430449817730415  -0.0003421771215478079  8.678602252335378e-07
0.007087087087087087  -0.0003391906690296416  -0.0003375591161382343  1.631552891407284e-06
0.007097097097097097  -0.0003354947810116005  -0.0003333889119691171  2.105869042483342e-06
0.007107107107107107  -0.000332173422603237  -0.0003300997087403936  2.073713862843463e-06
0.007117117117117117  -0.0003295791143581575  -0.0003281393627280978  1.439751630059676e-06
0.007127127127127127  -0.0003282435036405859  -0.000327926449967178  3.17053673407953e-07
0.007137137137137137  -0.0003288713296401396  -0.0003298108387698306  -9.395091296909744e-07
0.007147147147147147  -0.0003322158221172033  -0.0003340417737039668  -1.825951586763438e-06
0.007157157157157157  -0.0003388135625150879  -0.0003407447649991461  -1.931202484058213e-06
0.007167167167167167  -0.0003487140207577069  -0.0003499079460390614  -1.193925281354547e-06
0.007177177177177177  -0.0003614315662084317  -0.0003613788805020375  5.268570639423197e-08
0.007187187187187187  -0.0003761686323478364  -0.0003748733511259662  1.295281221870234e-06
0.007197197197197197  -0.0003921131394692657  -0.0003899975274002458  2.115612069019887e-06
0.007207207207207207  -0.0004086199098420027  -0.0004062834700356346  2.336439806368109e-06
0.007217217217217217  -0.0004252494064848287  -0.0004232352315015664  2.014174983262307e-06
0.007227227227227227  -0.0004417295236710691  -0.0004403796323994055  1.349891271663613e-06
0.007237237237237237  -0.0004579004375449492  -0.0004573133669204262  5.870706245229666e-07
0.007247247247247247  -0.0004736695825854773  -0.000473737596326911  -6.801374143370438e-08
0.007257257257257257  -0.000488981964261694  -0.000489473221475553  -4.912572138589689e-07
0.007267267267267267  -0.0005038027530146397  -0.0005044542756504776  -6.515226358378779e-07
0.007277277277277277  -0.0005181078151241492  -0.0005187021745198616  -5.943593957123293e-07
0.007287287287287287  -0.000531878812796616  -0.0005322882558191937  -4.094430225777589e-07
0.007297297297297297  -0.0005451007438807801  -0.0005452946169632862  -1.938730825061432e-07
0.007307307307307307  -0.0005577607164707429  -0.0005577828836177553  -2.216714701239794e-08
0.007317317317317317  -0.0005698473260167195  -0.0005697773869729483  6.993904377123814e-08
0.007327327327327327  -0.000581350320794038  -0.0005812643993027587  8.59214912793697e-08
0.007337337337337337  -0.0005922604059580356  -0.0005922042094470559  5.619651097970354e-08
0.007347347347347347  -0.0006025691165877408  -0.0006025494772530507  1.963933469008913e-08
0.007357357357357357  -0.0006122687276332976  -0.0006122624388363786  6.28879691898232e-09
0.007367367367367367  -0.0006213521856474292  -0.0006213251802545291  2.700539290009362e-08
0.007377377377377377  -0.0006298130547848587  -0.0006297405313190536  7.252346580514848e-08
0.007387387387387387  -0.0006376454729980518  -0.0006375248259286755  1.20647069376317e-07
0.007397397397397397  -0.0006448441159419209  -0.0006446965136018841  1.47602340036827e-07
0.007407407407407407  -0.0006514041669607221  -0.0006512655501690457  1.386167916764399e-07
0.007417417417417417  -0.000657321291964307  -0.0006572275354843435  9.375647996346954e-08
0.007427427427427427  -0.0006625916183172136  -0.0006625642866942614  2.733162295228894e-08
0.007437437437437438  -0.0006672117170509251  -0.000667249926776617  -3.820972569194749e-08
0.007447447447447447  -0.0006711785878602055  -0.0006712596202865673  -8.103242636180868e-08
0.007457457457457457  -0.0006744896464569783  -0.0006745774314024239  -8.778494544551662e-08
0.007467467467467468  -0.0006771427139367864  -0.0006772004952162125  -5.778127942616691e-08
0.007477477477477477  -0.0006791360078823294  -0.0006791383511865096  -2.343304180145618e-09
0.007487487487487487  -0.0006804681349808276  -0.0006804081659679109  5.996901291662696e-08
0.007497497497497498  -0.0006811380849775367  -0.000681027960051355  1.101249261817013e-07
0.007507507507507507  -0.0006811452258228858  -0.0006810104079973939  1.348178254918396e-07
0.007517517517517517  -0.0006804892998995862  -0.0006803592622307829  1.300376688032848e-07
0.007527527527527528  -0.000679170421244019  -0.0006790692726651987  1.011485788203264e-07
0.007537537537537537  -0.0006771890736957641  -0.0006771291513120081  5.99223837560248e-08
0.007547547547547547  -0.0006745461099304084  -0.000674526155226901  1.995470350730447e-08
0.007557557557557558  -0.0006712427513480961  -0.0006712505281635897  -7.776815493551296e-09
0.007567567567567567  -0.0006672805888054372  -0.000667298370575505  -1.778177006789457e-08
0.007577577577577577  -0.0006626615841954649  -0.000662672277223995  -1.069302853001167e-08
0.007587587587587588  -0.0006573880728961568  -0.0006573799471645772  8.1257315796791e-09
0.007597597597597597  -0.0006514627671196359  -0.0006514316106970688  3.115642256711938e-08
0.007607607607607607  -0.0006448887602173059  -0.0006448373469650049  5.141325230102137e-08
0.007617617617617618  -0.0006376695320012679  -0.0006376051801150842  6.435188618374339e-08
0.007627627627627627  -0.0006298089551796769  -0.0006297403876591123  6.856752056460039e-08
0.007637637637637637  -0.0006213113029971353  -0.0006212459477908694  6.535520626592406e-08
0.007647647647647648  -0.000612181258220466  -0.0006121236855108087  5.757270965728919e-08
0.007657657657657658  -0.0006024239236181282  -0.0006023755527293366  4.837088879157229e-08
0.007667667667667667  -0.0005920448341151974  -0.000592004586220523  4.024789467438512e-08
0.007677677677677678  -0.0005810499708395245  -0.0005810153347415825  3.463609794199934e-08
0.007687687687687688  -0.0005694457773129291  -0.0005694138058085376  3.197150439152811e-08
0.007697697697697697  -0.0005572391780826177  -0.0005572071497625586  3.202832005915011e-08
0.007707707707707708  -0.0005444376001454307  -0.0005444033293874949  3.427075793581338e-08
0.007717717717717718  -0.0005310489975666274  -0.0005310109381785441  3.805938808326605e-08
0.007727727727727727  -0.0005170818797809163  -0.0005170391941548042  4.268562611210204e-08
0.007737737737737738  -0.0005025453441250255  -0.0005024980225835575  4.732154146802007e-08
0.007747747747747748  -0.0004874491132717698  -0.000487398100194525  5.101307724478905e-08
0.007757757757757757  -0.0004718035783253815  -0.0004717507741386969  5.280418668458927e-08
0.007767767767767768  -0.0004556198484734558  -0.000455567860733099  5.198774035678096e-08
0.007777777777777778  -0.0004389098082602008  -0.0004388614206816786  4.838757852217027e-08
0.007787787787787787  -0.0004216861836918191  -0.0004216436516765269  4.253201529218296e-08
0.007797797797797798  -0.0004039626186110019  -0.0004039270133303151  3.560528068674617e-08
0.007807807807807808  -0.0003857537629753491  -0.0003857246136404327  2.914933491636332e-08
0.007817817817817818  -0.0003670753749649307  -0.0003670507782854221  2.459667950864336e-08
0.007827827827827828  -0.0003479444390634975  -0.0003479216419959129  2.279706758464466e-08
0.007837837837837838  -0.000328379302596496  -0.0003283555828061184  2.371979037762029e-08
0.007847847847847847  -0.0003083998334330703  -0.0003083733767449014  2.645668816891964e-08
0.007857857857857857  -0.0002880276018413423  -0.000287998062637498  2.953920384424907e-08
0.007867867867867868  -0.0002672860895954644  -0.0002672546304663402  3.145912912415122e-08
0.007877877877877878  -0.0002462009294772931  -0.0002461697318547898  3.119762250326872e-08
0.007887887887887888  -0.0002248001779214723  -0.0002247716210618144  2.855685965789338e-08
0.007897897897897898  -0.0002031146229192919  -0.0002030904618286185  2.416109067337829e-08
0.007907907907907907  -0.0001811781277305631  -0.000181159005111898  1.912261866511404e-08
0.007917917917917917  -0.0001590280085094752  -0.0001590135048197016  1.450368977365e-08
0.007927927927927928  -0.0001367054399779559  -0.0001366946474716009  1.079250635499626e-08
0.007937937937937938  -0.0001142558772479419  -0.0001142482640717422  7.613176199731302e-09
0.007947947947947948  -9.172947338323394e-05  -9.172567173994564e-05  3.80164328829698e-09
0.007957957957957958  -6.918146057566575e-05  -6.918362566451601e-05  -2.165088850255214e-09
0.007967967967967967  -4.667244785772754e-05  -4.668399132706132e-05  -1.154346933378248e-08
0.007977977977977977  -2.426857057208561e-05  -2.429331423624999e-05  -2.474366416437601e-08
0.007987987987987989  -2.041408116175797e-06  -2.082435118827738e-06  -4.102700265194095e-08
0.007997997997997998  1.993242937396597e-05  1.987382111667952e-05  -5.860825728644573e-08
0.008008008008008008  4.157211804941782e-05  4.149701688999733e-05  -7.51011594204824e-08
0.008018018018018018  6.279407939802397e-05  6.27058018066097e-05  -8.827759141426792e-08
0.008028028028028027  8.351390561148982e-05  8.341724551747696e-05  -9.666009401286361e-08
0.008038038038038037  0.000103648901614062  0.0001035490129450452  -9.988866901677884e-08
0.008048048048048049  0.0001231210907792685  0.0001230223787122019  -9.871206706657705e-08
0.008058058058058058  0.0001418604280858139  0.0001417658108899265  -9.461719588737768e-08
0.008068068068068068  0.0001598078810291128  0.000159718623302243  -8.925772686978542e-08
0.008078078078078078  0.0001769179794448835  0.0001768340846881194  -8.389475676410184e-08
0.008088088088088087  0.0001931604685274961  0.0001930814283307293  -7.904019676675637e-08
0.008098098098098097  0.0002085208261770658  0.0002084464175982888  -7.440857877701219e-08
0.008108108108108109  0.0002229995983227466  0.0002229304281954557  -6.917012729094636e-08
0.008118118118118118  0.0002366107088251112  0.0002365483131768567  -6.239564825455618e-08
0.008128128128128128  0.0002493790549374607  0.0002493255314710321  -5.352346642859083e-08
0.008138138138138138  0.0002613377664068797  0.0002612950890161765  -4.267739070321942e-08
0.008148148148148147  0.000272525482833466  0.0002724947600062798  -3.072282718621965e-08
0.008158158158158157  0.0002829839163349567  0.0002829648699335136  -1.904640144310011e-08
0.008168168168168169  0.000292755852922577  0.0002927467064652453  -9.146457331647186e-09
0.008178178178178178  0.0003018836411239435  0.000301881452123351  -2.189000592497502e-09
0.008188188188188188  0.0003104081396876307  0.0003104094503938749  1.310706244169076e-09
0.008198198198198198  0.0003183680526078722  0.000318369630043466  1.577435593768089e-09
0.008208208208208207  0.000325799564304825  0.0003257989903813204  -5.73923504586845e-10
0.008218218218218219  0.0003327361911048206  0.0003327321434930821  -4.047611738508018e-09
0.008228228228228229  0.0003392087782765553  0.0003392009725297348  -7.805746820503494e-09
0.008238238238238238  0.0003452455882252342  0.0003452344743515499  -1.111387368430989e-08
0.008248248248248248  0.000350872440793468  0.0003508588149479721  -1.362584549591218e-08
0.008258258258258258  0.000356112879190209  0.0003560975637599378  -1.531543027116907e-08
0.008268268268268267  0.0003609883447796356  0.0003609720219285961  -1.632285103950323e-08
0.008278278278278279  0.0003655183504239082  0.0003655015440728343  -1.680635107389203e-08
0.008288288288288289  0.0003697206467164059  0.0003697037787494714  -1.686796693452621e-08
0.008298298298298298  0.0003736113781698941  0.0003735948050694821  -1.657310041199705e-08
0.008308308308308308  0.0003772052281217125  0.0003771891967207911  -1.603140092144894e-08
0.008318318318318318  0.0003805155522404214  0.0003805000760155475  -1.54762248739536e-08
0.008328328328328327  0.0003835545008748473  0.0003835392176879934  -1.52831868538688e-08
0.008338338338338339  0.0003863331309561595  0.0003863172294569131  -1.590149924642027e-08
0.008348348348348349  0.0003888615080946688  0.0003888437911725931  -1.771692207568412e-08
0.008358358358358358  0.000391148799724621  0.0003911278982728573  -2.090145176375643e-08
0.008368368368368368  0.0003932033599263491  0.0003931780443402934  -2.531558605572883e-08
0.008378378378378378  0.0003950328067618723  0.0003950022959013034  -3.05108605688385e-08
0.008388388388388388  0.0003966440926832762  0.0003966082515968454  -3.584108643076359e-08
0.008398398398398399  0.0003980435686521233  0.000398002920688823  -4.064796330034487e-08
0.008408408408408409  0.000399237042544399  0.0003991925851007449  -4.445744365412464e-08
0.008418418418418418  0.0004002298323268358  0.0004001827137501611  -4.711857667466469e-08
0.008428428428428428  0.0004010268144598779  0.0004009779769569425  -4.883750293538033e-08
0.008438438438438438  0.0004016324679846577  0.0004015823710278989  -5.009695675878495e-08
0.008448448448448448  0.0004020509146535229  0.0004019994232126366  -5.149144088629348e-08
0.008458458458458459  0.0004022859554563961  0.0004022324194656761  -5.353599071998213e-08
0.008468468468468469  0.0004023411038778862  0.000402284591050525  -5.651282736121154e-08
0.008478478478478478  0.0004022196161373172  0.0004021592121895771  -6.040394774008096e-08
0.008488488488488488  0.0004019245187453407  0.0004018595930546417  -6.492569069903916e-08
0.008498498498498498  0.0004014586335663661  0.000401388988593257  -6.964497310904842e-08
0.008508508508508508  0.0004008246006001177  0.0004007504711841817  -7.412941593600226e-08
0.008518518518518519  0.0004000248987121321  0.0003999468244153124  -7.807429681965438e-08
0.008528528528528529  0.0003990618645027859  0.0003989805033346876  -8.136116809833241e-08
0.008538538538538538  0.0003979377094585795  0.0003978536778424435  -8.403161613600033e-08
0.008548548548548548  0.0003966545354934684  0.0003965683411311375  -8.619436233091608e-08
0.008558558558558558  0.0003952143491587045  0.000395126437504501  -8.791165420347739e-08
0.008568568568568568  0.0003936190744779502  0.000393529954648508  -8.911982944220494e-08
0.008578578578578579  0.0003918705646448272  0.0003917809391006731  -8.962554415406542e-08
0.008588588588588589  0.0003899706125621566  0.0003898814260152494  -8.918654690719943e-08
0.008598598598598598  0.0003879209605688709  0.0003878333131021506  -8.764746672033528e-08
0.008608608608608608  0.0003857233090287312  0.0003856382377790441  -8.507124968712291e-08
0.008618618618618618  0.0003833793243410373  0.0003832975225488987  -8.180179213857072e-08
0.008628628628628628  0.0003808906459985246  0.0003808122313189488  -7.841467957576086e-08
0.008638638638638639  0.0003782588931444488  0.0003781833353406736  -7.555780377521736e-08
0.008648648648648649  0.0003754856703393642  0.0003754119383581203  -7.373198124391214e-08
0.008658658658658658  0.0003725725728818346  0.00037249947717034  -7.309571149462192e-08
0.008668668668668668  0.0003695211915837675  0.0003694478124612683  -7.337912249924744e-08
0.008678678678678678  0.0003663331169881675  0.0003662591597181734  -7.395726999407824e-08
0.008688688688688688  0.0003630099432911866  0.0003629358704476421  -7.407284354448264e-08
0.008698698698698699  0.0003595532717575268  0.0003594801367551303  -7.313500239647993e-08
0.008708708708708709  0.000355964713835096  0.0003558937313834896  -7.098245160646862e-08
0.008718718718718719  0.0003522458938841281  0.0003521778918585647  -6.800202556340573e-08
0.008728728728728728  0.0003483984516869456  0.0003483334091317336  -6.504255521200611e-08
0.008738738738738738  0.0003444240445961669  0.000344360904351257  -6.314024490993971e-08
0.008748748748748749  0.0003403243494557903  0.0003402612016004989  -6.31478552913403e-08
0.008758758758758759  0.0003361010643359571  0.0003360356606486745  -6.540368728254285e-08
0.008768768768768769  0.0003317559100012923  0.0003316863416556274  -6.956834566485817e-08
0.008778778778778779  0.0003272906311750548  0.0003272159327498036  -7.469842525119948e-08
0.008788788788788788  0.0003227069976916071  0.0003226274598860944  -7.953780551268582e-08
0.008798798798798798  0.0003180068054346099  0.0003179238819128153  -8.29235217946183e-08
0.008808808808808809  0.0003131918771145688  0.0003131077188499379  -8.415826463086017e-08
0.008818818818818819  0.0003082640629461645  0.0003081808493708284  -8.321357533607908e-08
0.008828828828828829  0.0003032252411666527  0.0003031445486065164  -8.069256013625969e-08
0.008838838838838839  0.0002980773184888905  0.0002979997452884395  -7.757320045099093e-08
0.008848848848848848  0.0002928222303763462  0.0002927473945850482  -7.483579129801375e-08
0.008858858858858858  0.0002874619412454775  0.0002873888224147276  -7.311883074983009e-08
0.008868868868868869  0.00028199844464081  0.0002819259138223935  -7.253081841650678e-08
0.008878878878878879  0.0002764337632005175  0.0002763610840479359  -7.267915258160748e-08
0.008888888888888889  0.0002707699486749752  0.0002706970584033717  -7.289027160344887e-08
0.008898898898898899  0.00026500908178293  0.0002649365603784833  -7.252140444674029e-08
0.008908908908908908  0.000259153272058747  0.0002590820378464011  -7.123421234584044e-08
0.008918918918918918  0.0002532046575753227  0.0002531355345826445  -6.912299267821873e-08
0.008928928928928929  0.0002471654046921134  0.0002470987501737338  -6.665451837960809e-08
0.008938938938938939  0.0002410377076927412  0.0002409732535570981  -6.445413564307688e-08
0.008948948948948949  0.0002348237883980676  0.0002347607557660584  -6.303263200919864e-08
0.008958958958958959  0.0002285258957165492  0.0002284633287271295  -6.25669894196892e-08
0.008968968968968968  0.0002221463051656921  0.0002220834841765403  -6.282098915182501e-08
0.008978978978978978  0.0002156873183773717  0.0002156240862768621  -6.323210050959076e-08
0.00898898898898899  0.0002091512625006835  0.0002090881377675058  -6.312473317771441e-08
0.008998998998998999  0.0002025404896854812  0.000202478526119866  -6.196356561519439e-08
0.009009009009009009  0.0001958573701066458  0.0001957978265555897  -5.954355105611438e-08
0.009019019019019019  0.0001891043099722381  0.0001890482317673328  -5.607820490523968e-08
0.009029029029029028  0.0001822837332276711  0.0001822316270916332  -5.210613603784386e-08
0.009039039039039038  0.0001753980853944514  0.0001753497759737792  -4.83094206721595e-08
0.00904904904904905  0.0001684498336376343  0.0001684045440021575  -4.528963547684737e-08
0.009059059059059059  0.0001614414659877248  0.000161398082128792  -4.338385893278484e-08
0.009069069069069069  0.0001543754905730045  0.0001543329105978469  -4.257997515764566e-08
0.009079079079079079  0.0001472544348737439  0.0001472118840226174  -4.255085112649668e-08
0.009089089089089088  0.0001400808449126244  0.0001400380594345608  -4.278547806357055e-08
0.009099099099099098  0.0001328572844372258  0.0001328145187044124  -4.276573281337655e-08
0.00910910910910911  0.000125586334103357  0.0001255442062254584  -4.212787789860221e-08
0.009119119119119119  0.0001182705906327763  0.000118229831666398  -4.075896637826301e-08
0.009129129129129129  0.0001109126659590634  0.000110873862056699  -3.88039023643973e-08
0.009139139139139139  0.0001035151863526514  0.0001034785970889624  -3.6589263689043e-08
0.009149149149149148  9.60807915804536e-05  9.604629598429904e-05  -3.449559615456229e-08
0.009159159159159158  8.861213397473519e-05  8.857931058023837e-05  -3.282339449682027e-08
0.00916916916916917  8.111187756625575e-05  8.108018041118263e-05  -3.169715507311843e-08
0.009179179179179179  7.358269718833345e-05  7.355166016531075e-05  -3.103702302269576e-08
0.009189189189189189  6.602727753501706e-05  6.599667317153773e-05  -3.060436347933088e-08
0.009199199199199199  5.844831226965317e-05  5.841820939510015e-05  -3.01028745530244e-08
0.009209209209209208  5.084850308967512e-05  5.081920516210166e-05  -2.929792757346299e-08
0.009219219219219218  4.323055879284094e-05  4.320244832927775e-05  -2.811046356318981e-08
0.00922922922922923  3.559719435239836e-05  3.557054416414351e-05  -2.665018825484875e-08
0.009239239239239239  2.795112996206353e-05  2.792595586983335e-05  -2.517409223018187e-08
0.009249249249249249  2.029509010133707e-05  2.027110624958833e-05  -2.398385174874078e-08
0.009259259259259259  1.26318025818007e-05  1.26085031350331e-05  -2.329944676760344e-08
0.009269269269269268  4.963997598207954e-06  4.940840170589745e-06  -2.315742761820857e-08
0.00927927927927928  -2.705593226500572e-06  -2.728968454180396e-06  -2.337522767982408e-08
0.00928928928928929  -1.037423779893985e-05  -1.039783715816814e-05  -2.359935922828721e-08
0.009299299299299299  -1.803920451196995e-05  -1.806262791776102e-05  -2.342340579107599e-08
0.009309309309309309  -2.569776320285809e-05  -2.572029688758016e-05  -2.253368472207018e-08
0.009319319319319319  -3.334718611762759e-05  -3.336801394186744e-05  -2.082782423985178e-08
0.009329329329329328  -4.098474886456111e-05  -4.100320903277279e-05  -1.846016821168057e-08
0.00933933933933934  -4.860773137694453e-05  -4.86235265609969e-05  -1.579518405236551e-08
0.00934934934934935  -5.621341887418017e-05  -5.622670438670878e-05  -1.328551252861241e-08
0.009359359359359359  -6.379910281595733e-05  -6.381042336400625e-05  -1.132054804891679e-08
0.009369369369369369  -7.136208186382739e-05  -7.137218423693279e-05  -1.010237310540324e-08
0.009379379379379379  -7.889966283476413e-05  -7.890925673977526e-05  -9.593905011127577e-09
0.009389389389389389  -8.640916164863868e-05  -8.641871585353118e-05  -9.55420489250102e-09
0.0093993993993994  -9.388790427481171e-05  -9.389754511773672e-05  -9.640842925010386e-09
0.00940940940940941  -0.0001013332277011486  -0.0001013427616256097  -9.533924461086938e-09
0.009419419419419419  -0.0001087424808500463  -0.0001087515123928516  -9.031542805334049e-09
0.009429429429429429  -0.0001161130255329639  -0.0001161211086231582  -8.083090194342646e-09
0.009439439439439439  -0.000123442237381227  -0.0001234489946574423  -6.75727621527269e-09
0.009449449449449449  -0.0001307275067803035  -0.0001307326777990075  -5.171018704024219e-09
0.00945945945945946  -0.0001379662397848382  -0.0001379696601443964  -3.420359558190152e-09
0.00946946946946947  -0.0001451558590620068  -0.000145157407482317  -1.548420310184097e-09
0.009479479479479479  -0.000152293804777301  -0.0001522933669392695  4.378380315370103e-10
0.009489489489489489  -0.0001593775355221051  -0.0001593750165555855  2.518966519637726e-09
0.009499499499499499  -0.0001664045292148825  -0.000166399911218997  4.61799588551289e-09
0.009509509509509509  -0.0001733722839863519  -0.0001733656905160734  6.593470278548792e-09
0.00951951951951952  -0.0001802783190903324  -0.0001802700352279042  8.283862428209565e-09
0.00952952952952953  -0.0001871201757518354  -0.0001871105899893353  9.585762500088782e-09
0.009539539539539539  -0.0001938954180699831  -0.0001938848938180571  1.052425192599096e-08
0.009549549549549549  -0.0002006016338757064  -0.0002005903637241898  1.127015151664609e-08
0.009559559559559559  -0.0002072364355803627  -0.0002072243549797487  1.208060061404573e-08
0.009569569569569569  -0.0002137974610329534  -0.000213784283239267  1.317779368636388e-08
0.00957957957957958  -0.0002202823743675533  -0.0002202677567487953  1.461761875795218e-08
0.00958958958958959  -0.000226688866796494  -0.0002266726510949128  1.621570158114342e-08
0.009599599599599599  -0.0002330146575003584  -0.0002329970757153083  1.758178505011803e-08
0.009609609609609609  -0.000239257494361241  -0.0002392392270070276  1.826735421340598e-08
0.009619619619619619  -0.0002454151548277911  -0.0002453971785652245  1.797626256660675e-08
0.009629629629629629  -0.0002514854466546985  -0.0002514686985697818  1.674808491669349e-08
0.00963963963963964  -0.0002574662087296322  -0.0002574511858852643  1.502284436790974e-08
0.00964964964964965  -0.0002633553117950854  -0.0002633417741165939  1.353767849156164e-08
0.009659659659659659  -0.0002691506592581516  -0.0002691375813216912  1.307793646044154e-08
0.009669669669669669  -0.000274850187882816  -0.0002748360128890196  1.417499379642107e-08
0.009679679679679679  -0.0002804518685600124  -0.0002804349898014301  1.687875858232078e-08
0.009689689689689689  -0.000285953707024517  -0.0002859329948719912  2.071215252574202e-08
0.0096996996996997  -0.000291353744539219  -0.0002913289020622138  2.484247700525752e-08
0.00970970970970971  -0.0002966500586321356  -0.0002966216499390752  2.840869306041261e-08
0.00971971971971972  -0.0003018407637639894  -0.0003018098966824262  3.086708156321795e-08
0.009729729729729729  -0.000306924011964916  -0.0003068918126023735  3.219936254249527e-08
0.009739739739739739  -0.0003118979935531074  -0.0003118651123140441  3.288123906329153e-08
0.00974974974974975  -0.0003167609377500021  -0.0003167273212647152  3.361648528684216e-08
0.00975975975975976  -0.0003215111132689151  -0.0003214761569074422  3.495636147291805e-08
0.00976976976976977  -0.0003261468290262996  -0.0003261098387058888  3.699032041082481e-08
0.00977977977977978  -0.0003306664346380975  -0.0003306271613075199  3.92733305775903e-08
0.009789789789789789  -0.0003350683210917543  -0.0003350272716837124  4.104940804188894e-08
0.009799799799799799  -0.0003393509212636504  -0.0003393092410550225  4.168020862791669e-08
0.00980980980980981  -0.0003435127105370055  -0.000343471645646943  4.106489006255659e-08
0.00981981981981982  -0.000347552207243872  -0.0003475123994723362  3.980777153576734e-08
0.00982982982982983  -0.0003514679733004419  -0.0003514289867606755  3.898653976643898e-08
0.00983983983983984  -0.0003552586146561696  -0.0003552190482413283  3.95664148412629e-08
0.009849849849849849  -0.0003589227818174082  -0.000358881065227198  4.171659021023379e-08
0.009859859859859859  -0.0003624591702956497  -0.0003624147635543409  4.440674130880761e-08
0.00986986986986987  -0.0003658665211082413  -0.0003658209090019091  4.561210633225853e-08
0.00987987987987988  -0.000369143621211593  -0.0003691004036287066  4.321758288641352e-08
0.00988988988988989  -0.0003722893039250234  -0.0003722529474645198  3.635646050366296e-08
0.0098998998998999  -0.000375302449366982  -0.0003752758576098186  2.659175716337439e-08
0.009909909909909909  -0.0003781819848220073  -0.0003781637685418083  1.821628019900347e-08
0.009919919919919919  -0.0003809268851577019  -0.0003809097500566773  1.713510102460247e-08
0.00992992992992993  -0.0003835361731627941  -0.0003835078574098929  2.831575290115473e-08
0.00993993993993994  -0.0003860089199069885  -0.0003859563936347314  5.252627225711551e-08
0.00994994994994995  -0.0003883442450633756  -0.0003882604551343185  8.378992905712151e-08
0.00995995995995996  -0.0003905413172455549  -0.0003904319342745383  1.093829710165886e-07
0.009969969969969969  -0.0003925993542691229  -0.0003924853022533035  1.140520158193921e-07
0.009979979979979979  -0.0003945176234574888  -0.0003944282835024369  8.933995505194803e-08
0.00998998998998999  -0.0003962954418913931  -0.0003962478519592058  4.75899321873371e-08
0.01  -0.0003979321766436007  -0.0003978935303013205  3.864634228026341e-08
