1
1000
420001
421000
20001
21000
440001
441000
194
382
573
763
18278
18470
19664
17833
14135
425884
427668
432374
420066
20944
440528
420320
440725
420503
440200
20066
420254
420950
440599
420827
440780
420435
30
624
20416
420120
440976
440104
20325
440888
20239
713
914
539
20561
20695
420161
351
440023
797
467
20168
20860
420226
440444
440631
288
981
20754
20351
7089
857
650
431045
431922
683
20499
20383
429011
20808
430180
428740
10516
10965
429593
431303
431992
10442
11223
420095
420407
440299
429552
20915
737
600
142
7485
440258
430902
432396
440085
434647
49
428812
440580
428337
431155
428845
9244
440144
8783
20043
425270
420893
420556
420011
429696
429423
20710
11617
934
11000
440960
420779
440483
440123
440218
20544
434767
420210
420366
20009
9721
420520
420305
440845
420452
6635
420872
429110
440365
966
440430
440184
430862
10356
420666
81
485
420178
440679
430289
440795
440929
10570
431072
813
20645
430532
10001
430944
430203
20991
420699
429461
109
420724
420610
440405
433237
7326
420039
440822
440872
420751
436507
20588
420280
8894
440055
170
264
420388
420639
423
20303
425137
20735
420478
420582
876
20112
420925
420971
400
20191
440750
440702
440276
837
440344
5553
127
420804
20620
20455
440660
20773
20879
20209
334
20522
16024
238
420349
440466
440615
440036
440314
993
429710
20154
420543
20265
440911
20968
20397
7062
420848
215
20790
440387
440164
311
420022
420682
20436
8952
10800
20605
509
10823
20082
446
423625
20900
8751
20227
20097
9409
12342
20573
429494
20289
16849
12681
13983
420907
17
183
420790
10871
9121
14932
440689
672
20369
5584
10259
94
420531
420987
420191
20533
440763
69
420419
20130
155
20336
420243
440567
429031
2005
440543
440496
420764
250
903
20486
420594
440328
700
20252
20821
20955
10164
420054
11656
431757
420490
420294
497
945
9386
430605
430316
661
524
440073
824
440736
420653
440245
457
440855
7368
20031
11910
10101
9731
432191
440553
440418
300
440715
9146
440831
420376
771
204
440985
564
20653
20016
440937
420149
274
785
414
20462
420618
428127
440997
9038
20512
866
420691
420818
420103
420960
9211
429081
10452
20425
440173
440285
420570
727
342
886
440670
428976
427932
430561
20477
12054
432791
440135
20360
20743
420631
590
420733
392
434637
440004
436226
420329
6925
20179
440516
20839
440950
8431
420075
420744
430540
440815
420358
431251
420086
420707
429853
420199
440865
59
420428
429472
440355
440895
20977
8231
429170
11272
20636
440321
430576
440378
8504
430414
440804
420133
20675
20685
430836
420940
430279
429523
475
322
9643
440062
20798
420860
430019
956
422219
440209
433878
20765
20720
611
547
440012
373
20140
20446
440115
440590
12886
20315
20058
435
420997
20892
425511
15629
440267
437622
10972
431775
440921
7175
20597
11704
440095
362
420468
420838
225
420716
805
13297
420112
420675
426915
20409
420398
440771
117
440474
440537
20201
440233
20924
440154
755
10996
440292
844
431585
42
9689
10379
12186
920
20160
440787
420443
11816
20090
420646
431956
420461
440307
420233
440393
20049
430263
17075
8939
720
20493
420604
20119
430362
440608
777
440451
420899
429662
11309
20549
975
440458
746
440045
431348
831
20391
440730
440642
420879
100
282
420046
440836
20907
694
515
440412
13611
420550
420261
420337
16579
11094
440904
12197
440489
11
163
20783
11115
20271
20868
5988
440652
13760
420286
440969
440338
35
2134
20934
4023
3491
20727
428446
20148
20215
440560
433675
434332
434745
427402
13479
431599
434007
15555
15085
434216
20627
4792
5677
895
148
440506
425983
3850
5767
424311
14715
5190
5051
425650
435809
15429
15949
5296
15173
425393
14489
425238
15526
436108
5074
435841
5347
420269
15693
435447
435735
5157
15366
435465
15897
436572
7806
15003
6879
4531
15404
15035
5200
425613
424250
435324
15591
20852
436708
636
420978
420917
435436
3306
420004
20703
423184
20246
424797
440881
18233
439029
20105
420588
423759
424994
434500
6829
16960
435666
15126
423536
420659
17749
434828
435916
435868
434726
435382
15781
435064
5418
16565
5283
435547
423412
5960
4606
6216
4255
425382
425343
426058
317
420854
20221
16699
420167
20827
420030
20982
437521
6545
435149
20885
440079
420563
7624
425152
424353
15458
3818
424600
425299
434284
440251
425866
426003
420495
420773
19375
440195
440371
428026
420526
20939
15669
424195
420809
16421
629
440129
929
420576
20431
440850
434090
420513
425702
440280
420138
440333
