t  x_1  x_2  x_3
0  0  6.265270088489362e-07  6.265270088489362e-07
1.001001001001001e-05  2.531030354829269e-05  2.855720676407207e-05  3.246903215779379e-06
2.002002002002002e-05  5.912353658469026e-05  5.897466420447942e-05  -1.488723802108347e-07
3.003003003003003e-05  9.077224625286069e-05  8.959443290702868e-05  -1.177813345832015e-06
4.004004004004004e-05  0.0001196305902295286  0.0001188019732333141  -8.286169962144681e-07
5.005005005005005e-05  0.0001458689838657598  0.0001456770729697466  -1.919108960132115e-07
6.006006006006006e-05  0.000169702944420133  0.0001698942341486548  1.912897285217987e-07
7.007007007007007e-05  0.0001913336735890511  0.000191546350167177  2.126765781259123e-07
8.008008008008008e-05  0.0002109448286629524  0.0002109469142974869  2.08563453446141e-09
9.009009009009009e-05  0.0002287037266821781  0.0002284591865937382  -2.445400884399469e-07
0.0001001001001001001  0.0002447627786475284  0.0002443830761657224  -3.797024818060196e-07
0.0001101101101101101  0.0002592608230959676  0.000258908452607506  -3.523704884616456e-07
0.0001201201201201201  0.00027232434279772  0.0002721240304402058  -2.003123575142077e-07
0.0001301301301301301  0.0002840685729606417  0.0002840589454852974  -9.627475344340612e-09
0.0001401401401401401  0.0002945985104119067  0.0002947316174288869  1.331070169801642e-07
0.0001501501501501501  0.0003040098326741177  0.0003041861476336396  1.763149595219028e-07
0.0001601601601601602  0.0003123897348829819  0.0003125066958498421  1.169609668602144e-07
0.0001701701701701702  0.0003198176919595331  0.0003198106678655848  -7.024093948300968e-09
0.0001801801801801802  0.0003263661526681878  0.0003262286845194866  -1.374681487012171e-07
0.0001901901901901902  0.000332101171684124  0.0003318816668949135  -2.195047892104645e-07
0.0002002002002002002  0.0003370829851445248  0.0003368634927601235  -2.19492384401351e-07
0.0002102102102102102  0.0003413665348196624  0.0003412334746301973  -1.33060189465154e-07
0.0002202202202202202  0.0003450019454273514  0.000345018620252413  1.667482506153423e-08
0.0002302302302302302  0.0003480349593506277  0.0003482228518475292  1.878924969014872e-07
0.0002402402402402402  0.0003505073325874717  0.0003508395376552362  3.322050677645504e-07
0.0002502502502502502  0.0003524571954793722  0.0003528642764994314  4.07081020059217e-07
0.0002602602602602602  0.0003539193815629463  0.0003543058781375269  3.864965745806149e-07
0.0002702702702702703  0.0003549257277410981  0.0003551941179879417  2.683902468436205e-07
0.0002802802802802803  0.000355505348990858  0.0003555829528704134  7.760387955537589e-08
0.0002902902902902903  0.0003556848912289849  0.0003555479002116694  -1.369910173154923e-07
0.0003003003003003003  0.0003554887667261933  0.0003551768517954476  -3.119149307456584e-07
0.0003103103103103103  0.0003549393784718379  0.0003545550657466198  -3.843127252180917e-07
0.0003203203203203203  0.0003540573433951495  0.0003537471921969687  -3.101511981807681e-07
0.0003303303303303303  0.0003528617315757446  0.0003527811035323758  -8.062804336878872e-08
0.0003403403403403403  0.0003513703514479454  0.0003516390092209826  2.686577730372556e-07
0.0003503503503503503  0.0003496001354515399  0.0003502601920132471  6.600565617071786e-07
0.0003603603603603604  0.0003475677243668216  0.0003485568197040743  9.890953372527003e-07
0.0003703703703703704  0.0003452904273169617  0.0003464405690264219  1.150141709460194e-06
0.0003803803803803804  0.0003427878734848084  0.0003438545800687713  1.066706583962922e-06
0.0003903903903903904  0.0003400849107843309  0.0003408037161400371  7.188053557061441e-07
0.0004004004004004004  0.000337216703373487  0.0003373767231394865  1.600197659994639e-07
0.0004104104104104104  0.0003342375967904536  0.0003337562567676383  -4.813400228152807e-07
0.0004204204204204204  0.0003312361483714484  0.0003302157900387142  -1.020358332734267e-06
0.0004304304304304304  0.0003283594519126593  0.0003271049001031921  -1.254551809467218e-06
0.0004404404404404404  0.0003258492562005908  0.0003248255814366571  -1.0236747639337e-06
0.0004504504504504505  0.0003240869814112866  0.0003238020564758201  -2.849249354665143e-07
0.0004604604604604604  0.00032362855114091  0.0003244457992046117  8.172480637017032e-07
0.0004704704704704705  0.0003251811288327884  0.0003271171784293965  1.936049596608087e-06
0.0004804804804804805  0.0003294584347523764  0.00033208596855206  2.627533799683655e-06
0.0004904904904904905  0.00033691588071332  0.0003394948933966192  2.579012683299184e-06
0.0005005005005005005  0.0003475179517776839  0.0003493324541869802  1.814502409296288e-06
0.0005105105105105105  0.0003607383148246797  0.0003614221895297943  6.838747051146209e-07
0.0005205205205205205  0.0003757952446872774  0.0003754340877354133  -3.611569518640408e-07
0.0005305305305305305  0.0003919240069152305  0.0003909198419161621  -1.004164999068424e-06
0.0005405405405405405  0.0004085288656504632  0.0004073678781173631  -1.160987533100157e-06
0.0005505505505505506  0.0004252074161540868  0.0004242684009045682  -9.390152495185929e-07
0.0005605605605605605  0.0004417108474376923  0.000441175163998106  -5.356834395863039e-07
0.0005705705705705706  0.0004578923738450854  0.0004577507906553313  -1.415831897540816e-07
0.0005805805805805806  0.0004736661706464567  0.0004737865175600851  1.203469136284584e-07
0.0005905905905905905  0.0004889805250194756  0.0004891940802069347  2.135551874591496e-07
0.0006006006006006006  0.0005038021283897761  0.0005039749204627505  1.727920729744812e-07
0.0006106106106106106  0.0005181075224334757  0.0005181775546852876  7.003225181191619e-08
0.0006206206206206207  0.0005318786578427117  0.0005318560165673102  -2.264127540150835e-08
0.0006306306306306306  0.0005451006512975022  0.0005450402904404996  -6.036085700266824e-08
0.0006406406406406406  0.0005577606581770191  0.0005577245078458662  -3.615033115293275e-08
0.0006506506506506507  0.0005698472921184576  0.0005698723442327353  2.505211427769691e-08
0.0006606606606606606  0.0005813503081516339  0.0005814337359026805  8.342775104661169e-08
0.0006706706706706706  0.0005922604138377377  0.0005923644022014662  1.039883637285292e-07
0.0006806806806806807  0.0006025691450622192  0.0006026402678934764  7.112283125713503e-08
0.0006906906906906907  0.0006122687770123612  0.0006122621018752935  -6.675137067656961e-09
0.0007007007007007007  0.0006213522562807841  0.0006212500420363658  -1.022142444183013e-07
0.0007107107107107107  0.0006298131470032506  0.0006296314671933379  -1.816798099127121e-07
0.0007207207207207207  0.00063764558709033  0.0006374276353926354  -2.179516976945567e-07
0.0007307307307307307  0.0006448442521536829  0.0006446441976036182  -2.000545500646655e-07
0.0007407407407407407  0.0006514043254935428  0.0006512685654221987  -1.35760071344037e-07
0.0007507507507507507  0.0006573214729785566  0.000657274207841836  -4.726513672061085e-08
0.0007607607607607608  0.0006625918219326831  0.0006626294500753916  3.762814270856941e-08
0.0007707707707707707  0.000667211943347784  0.0006673070959623174  9.515261453340185e-08
0.0007807807807807808  0.000671178836881202  0.0006712914529337727  1.126160525707475e-07
0.0007907907907907908  0.0006744899182073908  0.0006745807688495938  9.085064220305979e-08
0.0008008008008008008  0.0006771430083854853  0.0006771849838562691  4.197547078378747e-08
0.0008108108108108108  0.0006791363249622441  0.000679120301003225  -1.602395901904863e-08
0.0008208208208208208  0.0006804684745889698  0.0006804028717758549  -6.560281311490234e-08
0.0008308308308308308  0.000681138446975558  0.0006810437511264182  -9.469584913977293e-08
0.0008408408408408408  0.0006811456100366905  0.0006810464371028091  -9.917293388144854e-08
0.0008508508508508508  0.0006804897061195769  0.0006804072114815567  -8.249463802020331e-08
0.0008608608608608609  0.0006791708492246732  0.0006791175759670192  -5.327325765399314e-08
0.0008708708708708709  0.0006771895231553283  0.0006771676057121892  -2.191744313915101e-08
0.0008808808808808808  0.0006745465805505457  0.0006745490632203399  2.482669794138387e-09
0.0008908908908908909  0.0006712432427730591  0.000671257488668855  1.424589579591615e-08
0.0009009009009009009  0.0006672811006412919  0.0006672929806333007  1.187999200879739e-08
0.0009109109109109108  0.0006626621160095795  0.0006626598033038182  -2.312705761273182e-09
0.0009209209209209209  0.0006573886242155568  0.0006573651972389137  -2.342697664309799e-08
0.0009309309309309309  0.0006514633374303529  0.0006514178301449272  -4.550728542563817e-08
0.000940940940940941  0.0006448893489621339  0.0006448262680126919  -6.308094944193574e-08
0.0009509509509509509  0.0006376701385793538  0.0006375977510727485  -7.238750660530386e-08
0.0009609609609609609  0.0006298095789425012  0.000629737467580583  -7.211136191821732e-08
0.000970970970970971  0.000621311943247186  0.0006212484338279674  -6.350941921863008e-08
0.0009809809809809809  0.0006121819142093248  0.0006121319911255659  -4.992308375896537e-08
0.0009909909909909911  0.0006024245945423987  0.000602388808198465  -3.578634393366139e-08
0.001001001001001001  0.000592045512960618  0.0005920201480053474  -2.536495527060822e-08
0.001011011011011011  0.0005810506020205484  0.000581029066213189  -2.153580735942372e-08
0.001021021021021021  0.0005694463612227936  0.0005694212036420854  -2.515758070820769e-08
0.001031031031031031  0.0005572397151922905  0.0005572049405704685  -3.477462182208298e-08
0.001041041041041041  0.0005444380910043942  0.0005443908753458121  -4.721565858211915e-08
0.001051051051051051  0.0005310494428088835  0.0005309908093571736  -5.863345170996868e-08
0.001061061061061061  0.0005170822801272752  0.0005170165835319632  -6.569659531197123e-08
0.001071071071071071  0.0005025457003911492  0.0005024791543242348  -6.65460669144061e-08
0.001081081081081081  0.0004874494263747949  0.0004873882022983905  -6.122407640438881e-08
0.001091091091091091  0.0004718038492879892  0.0004717523714651377  -5.147782285153373e-08
0.001101101101101101  0.0004556200784395191  0.000455580019118922  -4.005932059713332e-08
0.001111111111111111  0.0004389099985028098  0.0004388801970580731  -2.980144473671608e-08
0.001121121121121121  0.0004216863356300723  0.0004216635407134463  -2.279491662598001e-08
0.001131131131131131  0.0004039627338242955  0.0004039428188698626  -1.991495443288407e-08
0.001141141141141141  0.00038575384322978  0.0003857330515197244  -2.079171005563108e-08
0.001151151151151151  0.0003670754222329205  0.0003670512686358672  -2.415359705331462e-08
0.001161161161161161  0.0003479444555591412  0.0003479160943399807  -2.836121916043868e-08
0.001171171171171171  0.0003283792908107231  0.0003283473655528813  -3.192525784180686e-08
0.001181181181181181  0.0003083997961772263  0.0003083659388663954  -3.385731083091915e-08
0.001191191191191191  0.000288027542299406  0.000287993743109152  -3.379919025399154e-08
0.001201201201201201  0.0002672860113925639  0.0002672540468891536  -3.19645034102989e-08
0.001211211211211211  0.000246200836742232  0.0002461718654229673  -2.897131926466465e-08
0.001221221221221221  0.0002248000753829514  0.0002247744361315239  -2.56392514274683e-08
0.001231231231231231  0.0002031145159941811  0.0002030917275310899  -2.278846309117059e-08
0.001241241241241241  0.0001811780226373392  0.0001811569780583867  -2.104457895251398e-08
0.001251251251251251  0.0001590279123855269  0.0001590072649936809  -2.064739184598594e-08
0.001261261261261261  0.0001367053609910555  0.0001366840745828289  -2.12864082265677e-08
0.001271271271271271  0.0001142558247117322  0.0001142338020549103  -2.20226568218608e-08
0.001281281281281281  9.172945784216022e-05  9.170808528149573e-05  -2.137256066449386e-08
0.001291291291291291  6.918149383007669e-05  6.916389185427008e-05  -1.760197580660122e-08
0.001301301301301301  4.667254292192849e-05  4.666333697121189e-05  -9.205950716597113e-09
0.001311311311311311  2.426874148837883e-05  2.427328270681334e-05  4.541218434504963e-09
0.001321321321321321  2.041669597271629e-06  2.064816633222731e-06  2.314703595110226e-08
0.001331331331331331  -1.99320625278459e-05  -1.988730583349253e-05  4.475669435336416e-08
0.001341341341341341  -4.15716651702856e-05  -4.150525333091807e-05  6.64118393675227e-08
0.001351351351351351  -6.279355183596169e-05  -6.270886424140497e-05  8.468759455671231e-08
0.001361361361361361  -8.351331072234396e-05  -8.341676797501506e-05  9.654274732889866e-08
0.001371371371371371  -0.0001036482495355096  -0.0001035481231889926  1.001263465169643e-07
0.001381381381381381  -0.0001231203942343849  -0.0001230251134130076  9.528082137736033e-08
0.001391391391391391  -0.000141859701843194  -0.0001417761296819154  8.357216127856675e-08
0.001401401401401401  -0.0001598071410211344  -0.000159739310697811  6.783032332338744e-08
0.001411411411411411  -0.0001769172416550075  -0.0001768658970265423  5.134462846521372e-08
0.001421421421421421  -0.0001931597478344983  -0.000193122775830199  3.697200429928502e-08
0.001431431431431431  -0.0002085201353619688  -0.0002084936937971268  2.644156484203956e-08
0.001441441441441441  -0.0002229989473754263  -0.0002229788810351106  2.006634031569035e-08
0.001451451451451451  -0.0002366101046747188  -0.0002365931789371359  1.692573758284451e-08
0.001461461461461461  -0.000249378501537552  -0.0002493630882072074  1.541333034457953e-08
0.001471471471471471  -0.000261337265107618  -0.0002613233462633395  1.391884427848341e-08
0.001481481481481481  -0.0002725250329372237  -0.0002725136514321809  1.138150504279099e-08
0.001491491491491492  -0.0002829835156857233  -0.0002829759880493671  7.52763635621231e-09
0.001501501501501501  -0.0002927554984148957  -0.0002927527451952754  2.753219620278864e-09
0.001511511511511511  -0.0003018833291664928  -0.0003018855639395156  -2.23477302283134e-09
0.001521521521521522  -0.0003104078665220969  -0.0003104146819593276  -6.815437230637406e-09
0.001531531531531532  -0.0003183678145193819  -0.0003183785116542496  -1.069713486773162e-08
0.001541541541541541  -0.0003257993577739452  -0.0003258132712325932  -1.39134586479568e-08
0.001551551551551552  -0.0003327360128846632  -0.0003327526256304938  -1.661274583061824e-08
0.001561561561561562  -0.0003392086254104292  -0.0003392274102029232  -1.878479249396974e-08
0.001571571571571571  -0.00034524545806741  -0.0003452655507344212  -2.009266701115267e-08
0.001581581581581582  -0.0003508723309712571  -0.0003508922472680132  -1.991629675616351e-08
0.001591591591591592  -0.0003561127876184806  -0.0003561303889303809  -1.760131190027981e-08
0.001601601601601602  -0.0003609882696049651  -0.0003610010688483384  -1.279924337333318e-08
0.001611611611611612  -0.0003655182900262534  -0.0003655240242742891  -5.734248035660448e-09
0.001621621621621622  -0.0003697205996798369  -0.0003697178599754062  2.739704430714581e-09
0.001631631631631632  -0.0003736113432435291  -0.0003736000076934911  1.133555003801547e-08
0.001641641641641642  -0.0003772052042146058  -0.0003771864874526305  1.871676197530555e-08
0.001651651651651652  -0.0003805155384040136  -0.0003804916175783639  2.392082564970852e-08
0.001661661661661662  -0.0003835544962821429  -0.0003835278362626377  2.666001950517131e-08
0.001671671671671672  -0.0003863331348825441  -0.0003863057457018061  2.738918073797499e-08
0.001681681681681682  -0.0003888615199197899  -0.0003888343968589818  2.7123060808063e-08
0.001691691691691692  -0.0003911488188985428  -0.0003911217401625886  2.70787359542171e-08
0.001701701701701702  -0.0003932033859804415  -0.0003931751116644379  2.827431600362171e-08
0.001711711711711712  -0.0003950328392881446  -0.0003950016222086909  3.121707945369671e-08
0.001721721721721722  -0.0003966441313253449  -0.0003966083617784447  3.576954690022493e-08
0.001731731731731732  -0.0003980436131048559  -0.0003980023980766299  4.121502822596003e-08
0.001741741741741742  -0.0003992370925452587  -0.0003991906096658922  4.648287936650326e-08
0.001751751751751752  -0.0004002298876364898  -0.0004001794306120496  5.045702444023917e-08
0.001761761761761762  -0.0004010268748835772  -0.0004009745911584901  5.228372508715847e-08
0.001771771771771772  -0.0004016325333470823  -0.0004015809251911323  5.160815595001405e-08
0.001781781781781782  -0.0004020509848068618  -0.000402002292079368  4.869272749385371e-08
0.001791791791791792  -0.0004022860302655458  -0.0004022416363381651  4.43939273807206e-08
0.001801801801801802  -0.0004023411832187407  -0.0004023011851757211  3.999804301955739e-08
0.001811811811811812  -0.0004022196999030702  -0.000402182758917127  3.694098594321559e-08
0.001821821821821822  -0.0004019246068445169  -0.0004018881416325505  3.646521196641345e-08
0.001831831831831832  -0.0004014587259078055  -0.0004014194342907269  3.929161707859298e-08
0.001841841841841842  -0.0004008246971027624  -0.0004007793015025441  4.539560021827758e-08
0.001851851851851852  -0.0004000249992984945  -0.0003999710368526904  5.396244580406452e-08
0.001861861861861862  -0.0003990619690973304  -0.0003989984148423973  6.355425493308978e-08
0.001871871871871872  -0.0003979378179790644  -0.0003978653605628021  7.245741626230604e-08
0.001881881881881882  -0.0003966546478799164  -0.0003965755303871384  7.911749277798212e-08
0.001891891891891892  -0.0003952144653430564  -0.0003951319330760308  8.253226702558368e-08
0.001901901901901902  -0.0003936191943856563  -0.0003935367129304279  8.248145522837683e-08
0.001911911911911912  -0.0003918706881800396  -0.0003917911639665719  7.95242134676616e-08
0.001921921921921922  -0.0003899707396819239  -0.0003898959646014924  7.477508043150392e-08
0.001931931931931932  -0.0003879210911634435  -0.0003878515466041145  6.954455932894725e-08
0.001941941941941942  -0.0003857234430407286  -0.0003856584702385181  6.497280221050847e-08
0.001951951951951952  -0.0003833794616609797  -0.0003833176859308093  6.177573017045928e-08
0.001961961961961962  -0.0003808907865510896  -0.0003808306164491369  6.017010195267462e-08
0.001971971971971972  -0.0003782590368285842  -0.0003781990683484572  5.996848012704845e-08
0.001981981981981982  -0.0003754858170649934  -0.0003754250448766145  6.0772188378909e-08
0.001991991991991992  -0.0003725727225556774  -0.0003725105586163249  6.216393935254503e-08
0.002002002002002002  -0.0003695213413655505  -0.0003694575226973636  6.381866818686022e-08
0.002012012012012012  -0.0003663332560151045  -0.0003662677472551896  6.550875991494102e-08
0.002022022022022022  -0.0003630100717940678  -0.0003629430099557613  6.706183830652726e-08
0.002032032032032032  -0.0003595533899309958  -0.0003594851339275069  6.825600348884771e-08
0.002042042042042042  -0.0003559648218765568  -0.0003558960091825002  6.881269405656885e-08
0.002052052052052052  -0.0003522459920141952  -0.000352177531089938  6.846092425713589e-08
0.002062062062062062  -0.0003483985400956466  -0.0003483314811909695  6.705890467716786e-08
0.002072072072072072  -0.0003444241234845877  -0.0003443594145084005  6.470897618719761e-08
0.002082082082082082  -0.0003403244190559007  -0.0003402626231581431  6.179589775756915e-08
0.002092092092092092  -0.0003361011248595206  -0.0003360422147908258  5.891006869482036e-08
0.002102102102102102  -0.000331755961650024  -0.0003316992907969327  5.667085309129984e-08
0.002112112112112112  -0.0003272906741863201  -0.0003272351591226152  5.55150637049015e-08
0.002122122122122122  -0.0003227070322891835  -0.0003226514945155529  5.553777363058411e-08
0.002132132132132132  -0.0003180068318554598  -0.0003179503765497726  5.645530568720988e-08
0.002142142142142142  -0.0003131918955850505  -0.0003131341857857403  5.770979931023256e-08
0.002152152152152152  -0.0003082640737204171  -0.0003082053985245005  5.867519591658439e-08
0.002162162162162162  -0.0003032252444936924  -0.0003031663635988978  5.888089479459983e-08
0.002172172172172172  -0.0002980773146199666  -0.0002980191511032936  5.81635166730125e-08
0.002182182182182182  -0.0002928222195772867  -0.0002927655301956556  5.668938163111339e-08
0.002192192192192192  -0.0002874619237767677  -0.0002874070762271999  5.484754956778344e-08
0.002202202202202202  -0.0002819984207721896  -0.0002819453522457143  5.306852647531416e-08
0.002212212212212212  -0.0002764337332193877  -0.0002763820809549013  5.165226448639038e-08
0.002222222222222222  -0.000270769912862488  -0.0002707192327069114  5.068015557663664e-08
0.002232232232232232  -0.0002650090404250841  -0.0002649589976423244  5.004278275967666e-08
0.002242242242242242  -0.0002591532254490417  -0.0002591036654640679  4.955998497382279e-08
0.002252252252252252  -0.0002532046060127708  -0.0002531554790212613  4.912699150955158e-08
0.002262262262262262  -0.0002471653484879559  -0.000247116538708388  4.880977956788759e-08
0.002272272272272272  -0.0002410376471627966  -0.0002409888093092203  4.883785357628337e-08
0.002282282282282282  -0.0002348237238494414  -0.0002347742314207504  4.949242869098933e-08
0.002292292292292292  -0.0002285258274746716  -0.0002284748887161184  5.093875855323449e-08
0.002302302302302302  -0.0002221462335590926  -0.0002220931530575662  5.308050152636476e-08
0.002312312312312312  -0.0002156872437256522  -0.0002156317349585158  5.550876713635608e-08
0.002322322322322322  -0.0002091511851602323  -0.0002090936048119911  5.758034824122774e-08
0.002332332332332332  -0.000202540409981296  -0.0002024818043076384  5.860567365762229e-08
0.002342342342342342  -0.0001958572946580876  -0.0001957992145735046  5.808008458297264e-08
0.002352352352352352  -0.0001891042393954882  -0.0001890483681275322  5.587126795600101e-08
0.002362362362362362  -0.0001822836673684384  -0.0001822313774585825  5.228990985589295e-08
0.002372372372372372  -0.0001753980241161479  -0.000175350010133785  4.801398236287178e-08
0.002382382382382382  -0.0001684497767955785  -0.0001684058861857122  4.389060986626381e-08
0.002392392392392392  -0.000161441413425826  -0.0001614007293614817  4.068406434434694e-08
0.002402402402402402  -0.00015437544213612  -0.0001543365859921589  3.885614396109314e-08
0.002412412412412412  -0.0001472543904271928  -0.0001472159392578267  3.845116936611044e-08
0.002422422422422422  -0.0001400808042939859  -0.0001400416857078103  3.911858617561921e-08
0.002432432432432432  -0.0001328572474936458  -0.0001328169894698209  4.025802382488742e-08
0.002442442442442442  -0.0001255863006714183  -0.0001255450697439891  4.123092742921932e-08
0.002452452452452453  -0.0001182705605456997  -0.0001182289954529383  4.1565092761357e-08
0.002462462462462462  -0.0001109126390577099  -0.0001108715527333481  4.108632436175704e-08
0.002472472472472472  -0.0001035151624771109  -0.0001034752213872415  3.994108986940786e-08
0.002482482482482483  -9.608077055265688e-05  -9.604225747037868e-05  3.851308227820411e-08
0.002492492492492492  -8.861211562529448e-05  -8.857484490196775e-05  3.727072332673136e-08
0.002502502502502502  -8.111186173015716e-05  -8.107526034653959e-05  3.660138361757112e-08
0.002512512512512513  -7.358268368563918e-05  -7.354599720922482e-05  3.668647641435292e-08
0.002522522522522522  -6.602726619590852e-05  -6.598981367235093e-05  3.745252355759321e-08
0.002532532532532532  -5.844830291819955e-05  -5.840969798790881e-05  3.860493029074388e-08
0.002542542542542543  -5.084849554741929e-05  -5.080877127731114e-05  3.972427010814574e-08
0.002552552552552552  -4.323055288443454e-05  -4.319016504133211e-05  4.038784310243478e-08
0.002562562562562563  -3.559718989701659e-05  -3.555691309281375e-05  4.0276804202836e-08
0.002572572572572573  -2.795112678057239e-05  -2.791188679795047e-05  3.923998262192035e-08
0.002582582582582582  -2.029508801299546e-05  -2.025778396237799e-05  3.730405061747402e-08
0.002592592592592593  -1.263180140606186e-05  -1.259716301700986e-05  3.463838905200261e-08
0.002602602602602603  -4.96399715426631e-06  -4.93250193308593e-06  3.149522118038071e-08
0.002612612612612612  2.705593120709828e-06  2.733741236761283e-06  2.814811605145454e-08
0.002622622622622623  1.037423732525615e-05  1.039908309780948e-05  2.484577255333505e-08
0.002632632632632633  1.803920385186134e-05  1.806099115406486e-05  2.178730220351856e-08
0.002642642642642642  2.569776254006291e-05  2.571687794522233e-05  1.911540515941524e-08
0.002652652652652653  3.334718563134097e-05  3.336410451132136e-05  1.691887998038662e-08
0.002662662662662663  4.098474873640153e-05  4.099998554253413e-05  1.523680613259727e-08
0.002672672672672672  4.860773178727647e-05  4.862179334690311e-05  1.40615596266354e-08
0.002682682682682683  5.621342000365783e-05  5.622676266566515e-05  1.334266200731784e-08
0.002692692692692693  6.379910484595983e-05  6.381210013516914e-05  1.299528920931103e-08
0.002702702702702703  7.13620849763739e-05  7.137499983285503e-05  1.291485648112489e-08
0.002712712712712713  7.889966720085993e-05  7.891266160380297e-05  1.29944029430445e-08
0.002722722722722723  8.64091674466588e-05  8.642230516170714e-05  1.313771504833725e-08
0.002732732732732733  9.388791167889795e-05  9.390117333427756e-05  1.326165537961547e-08
0.002742742742742743  0.0001013332368913273  0.0001013465229816376  1.328609031032459e-08
0.002752752752752753  0.0001087424919973383  0.0001087556097514797  1.311775414142714e-08
0.002762762762762763  0.0001161130388043148  0.0001161256786458723  1.263984155748965e-08
0.002772772772772773  0.0001234422529477102  0.0001234539723922276  1.171944451742622e-08
0.002782782782782783  0.0001307275248107352  0.0001307377625783134  1.023776757824463e-08
0.002792792792792793  0.0001379662604420899  0.0001379743969960892  8.136553999326833e-09
0.002802802802802803  0.0001451558825120906  0.0001451613461116879  5.46359959729373e-09
0.002812812812812813  0.0001522938311789357  0.0001522962277398551  2.396560919441966e-09
0.002822822822822823  0.0001593775650359288  0.0001593767947175168  -7.703184119766705e-10
0.002832832832832833  0.0001664045619990387  0.0001664008838284012  -3.678170637559869e-09
0.002842842842842843  0.0001733723201943503  0.000173366339505608  -5.980688742260754e-09
0.002852852852852853  0.0001802783588690756  0.0001802709357319442  -7.423137131400744e-09
0.002862862862862863  0.0001871202192561526  0.0001871123193792301  -7.899876922545443e-09
0.002872872872872873  0.0001938954654440878  0.0001938879884250271  -7.477019060728131e-09
0.002882882882882883  0.0002006016852647455  0.0002005953045954448  -6.38066930070064e-09
0.002892892892892893  0.0002072364911206155  0.0002072315296466187  -4.961473996754765e-09
0.002902902902902903  0.0002137975208647539  0.000213793873044705  -3.647820048845521e-09
0.002912912912912913  0.0002202824386182594  0.0002202795458369758  -2.89278128361159e-09
0.002922922922922923  0.0002266889356054672  0.0002266858246873086  -3.110918158548501e-09
0.002932932932932933  0.0002330147309838245  0.000233010132608024  -4.598375800523701e-09
0.002942942942942943  0.0002392575726460685  0.0002392501333236926  -7.439322375924493e-09
0.002952952952952953  0.0002454152380337696  0.0002454038167819169  -1.142125185263831e-08
0.002962962962962963  0.0002514855348940759  0.0002514695348528864  -1.600004118952614e-08
0.002972972972972973  0.0002574663021143937  0.0002574459432301389  -2.035888425482328e-08
0.002982982982982983  0.000263355410441613  0.0002633318279347708  -2.358250684222343e-08
0.002992992992992993  0.0002691507632628823  0.0002691258404625482  -2.492280033408343e-08
0.003003003003003003  0.0002748502944068487  0.0002748262177932548  -2.407661359393959e-08
0.003013013013013013  0.0002804519706052529  0.0002804305963894269  -2.137421582597537e-08
0.003023023023023023  0.0002859538042868784  0.0002859360199156971  -1.778437118128392e-08
0.003033033033033033  0.0002913538367213363  0.0002913391816064655  -1.465511487077492e-08
0.003043043043043043  0.0002966501454678294  0.0002966368503303106  -1.329513751874159e-08
0.003053053053053053  0.0003018408449535985  0.0003018263409385204  -1.450401507810352e-08
0.003063063063063063  0.0003069240872444347  0.0003069058467371613  -1.824050727339743e-08
0.003073073073073073  0.0003118980626603165  0.000311874482992359  -2.357966795755138e-08
0.003083083083083083  0.0003167610004173398  0.0003167319929120945  -2.900750524530886e-08
0.003093093093093093  0.0003215111692565503  0.000321478204987042  -3.296426950827845e-08
0.003103103103103103  0.0003261468780856185  0.0003261124448062682  -3.443327935032537e-08
0.003113113113113113  0.0003306664765345317  0.0003306331407911601  -3.333574337161275e-08
0.003123123123123123  0.0003350683555990222  0.0003350377970438934  -3.055855512872855e-08
0.003133133133133133  0.0003393509481786124  0.0003393233582758823  -2.758990273006232e-08
0.003143143143143143  0.0003435127296297102  0.000343486822459051  -2.590717065919027e-08
0.003153153153153153  0.0003475522183282966  0.0003475258425542112  -2.6375774085435e-08
0.003163163163163163  0.0003514679761729432  0.0003514390558347203  -2.892033822295657e-08
0.003173173173173173  0.0003552586091515334  0.0003552259959128592  -3.261323867421225e-08
0.003183183183183183  0.0003589227677333834  0.0003588866303845265  -3.613734885692197e-08
0.003193193193193193  0.0003624591474843333  0.00036242074067177  -3.840681256329307e-08
0.003203203203203203  0.0003658664894111087  0.0003658274364179607  -3.905299314802772e-08
0.003213213213213213  0.0003691435804748234  0.0003691050337174553  -3.854675736811525e-08
0.003223223223223223  0.0003722892540222342  0.0003722513495432172  -3.790447901700581e-08
0.003233233233233233  0.0003753023901638648  0.000375264257086814  -3.813307705084583e-08
0.003243243243243243  0.0003781819162003161  0.0003781422119480839  -3.970425223223228e-08
0.003253253253253253  0.0003809268070048286  0.0003808844701771406  -4.233682768803922e-08
0.003263263263263263  0.0003835360853845525  0.0003834908786921502  -4.520669240229251e-08
0.003273273273273273  0.0003860088224071068  0.0003859613516019027  -4.747080520410259e-08
0.003283283283283283  0.0003883441377713472  0.000388295332146121  -4.88056252262491e-08
0.003293293293293293  0.0003905412000882747  0.0003904915727271219  -4.962736115278607e-08
0.003303303303303303  0.0003925992271917276  0.0003925484100026933  -5.081718903435142e-08
0.003313313313313313  0.0003945174864078418  0.0003944644322188359  -5.305418900589717e-08
0.003323323323323323  0.0003962952948285313  0.0003962391727647318  -5.612206379945793e-08
0.003333333333333333  0.0003979320195379178  0.0003978733698955594  -5.864964235845422e-08
0.003343343343343343  0.0003994270778578676  0.0003993684914631819  -5.858639468567586e-08
0.003353353353353353  0.0004007799375382414  0.0004007255945174525  -5.434302078889371e-08
0.003363363363363363  0.0004019901169501492  0.0004019440085471409  -4.610840300832333e-08
0.003373373373373373  0.0004030571852657021  0.0004030205761530631  -3.660911263904127e-08
0.003383383383383383  0.000403980762600829  0.0004039500832475316  -3.067935329739702e-08
0.003393393393393393  0.0004047605201541883  0.0004047270377496353  -3.348240455302177e-08
0.003403403403403403  0.000405396180332468  0.0004053482750495733  -4.790528289474408e-08
0.003413413413413413  0.000405887516830724  0.0004058152848592305  -7.223197149354996e-08
0.003423423423423423  0.0004062343547361  0.0004061349864797919  -9.936825630802977e-08
0.003433433433433433  0.0004064365705696539  0.0004063181059920917  -1.18464577562199e-07
0.003443443443443443  0.0004064940923412407  0.000406375253024127  -1.188393171137089e-07
0.003453453453453453  0.0004064068995735178  0.0004063119156828324  -9.498389068541202e-08
0.003463463463463463  0.0004061750233090773  0.0004061243984971838  -5.062481189354977e-08
0.003473473473473473  0.0004057985460967691  0.0004057987812153979  2.351186288306224e-10
0.003483483483483484  0.0004052776019552616  0.0004053141018055146  3.649985025295588e-08
0.003493493493493493  0.0004046123763535696  0.0004046493785400327  3.700218646307367e-08
0.003503503503503503  0.0004038031061222187  0.0004037923516535992  -1.075446861946439e-08
0.003513513513513514  0.0004028500793590565  0.0004027466709016362  -1.034084574203344e-07
0.003523523523523523  0.0004017536353549444  0.0004015342722650502  -2.193630898942298e-07
0.003533533533533533  0.0004005141644724894  0.0004001910568062129  -3.231076662764377e-07
0.003543543543543544  0.0003991321079966815  0.0003987563475273681  -3.757604693133848e-07
0.003553553553553553  0.0003976079580281111  0.0003972591364773292  -3.488215507818897e-07
0.003563563563563563  0.0003959422573407114  0.0003957058488731807  -2.364084675306622e-07
0.003573573573573574  0.0003941355992644831  0.0003940744593774303  -6.113988705282658e-08
0.003583583583583583  0.0003921886277452013  0.0003923180629927744  1.294352475730343e-07
0.003593593593593594  0.0003901020374388717  0.0003903778900827153  2.75852643843652e-07
0.003603603603603604  0.0003878765744339399  0.0003882022984636779  3.257240297379325e-07
0.003613613613613613  0.0003855130376276786  0.0003857657315748401  2.526939471615176e-07
0.003623623623623624  0.0003830122820736702  0.0003830810117713418  6.872969767163055e-08
0.003633633633633634  0.0003803752256512661  0.0003802000127505393  -1.75212900726824e-07
0.003643643643643643  0.0003776028628510822  0.0003772012861653276  -4.01576685754568e-07
0.003653653653653654  0.0003746962919452172  0.0003741674855641078  -5.288063811093664e-07
0.003663663663663664  0.0003716567685087075  0.0003711590215664639  -4.977469422436445e-07
0.003673673673673673  0.000368485809314606  0.0003681920840054319  -2.937253091741089e-07
0.003683683683683684  0.0003651853918869609  0.000365228394783819  4.300289685807293e-08
0.003693693693693694  0.0003617583344925402  0.0003621810442244525  4.227097319123231e-07
0.003703703703703703  0.0003582090121632663  0.0003589364647875331  7.274526242667971e-07
0.003713713713713714  0.0003545446917509838  0.0003553883241380757  8.43632387091957e-07
0.003723723723723724  0.0003507779920186543  0.0003514760944196036  6.981024009492507e-07
0.003733733733733734  0.0003469313520468939  0.0003472200083413021  2.886562944082313e-07
0.003743743743743744  0.0003430449959249462  0.0003427451046900344  -2.998912349118713e-07
0.003753753753753754  0.0003391907447416236  0.0003382895535692704  -9.011911723532133e-07
0.003763763763763764  0.0003354949416022723  0.000334195567147789  -1.299374454483333e-06
0.003773773773773774  0.0003321736922437766  0.0003308841043378504  -1.289587905926165e-06
0.003783783783783784  0.0003295795057071555  0.0003288167356555876  -7.627700515679386e-07
0.003793793793793794  0.0003282439953956854  0.0003284493300967237  2.053347010383443e-07
0.003803803803803804  0.0003288718449609928  0.0003301828627433033  1.311017782310497e-06
0.003813813813813814  0.0003322162397663717  0.0003343169186645171  2.10067889814538e-06
0.003823823823823824  0.0003388137821234073  0.0003410115421187238  2.197759995316469e-06
0.003833833833833834  0.0003487140335123988  0.0003502628365071036  1.54880299470478e-06
0.003843843843843844  0.0003614314517517115  0.0003618968252421961  4.653734904846367e-07
0.003853853853853854  0.0003761684926108899  0.0003755841882254077  -5.843043854821851e-07
0.003863863863863864  0.000392113045143974  0.0003908754996345835  -1.237545509390496e-06
0.003873873873873874  0.0004086198906999682  0.0004072528693182596  -1.36702138170858e-06
0.003883883883883884  0.0004252494657377946  0.0004241902554124221  -1.059210325372547e-06
0.003893893893893894  0.000441729653772059  0.0004412122470442778  -5.174067277811294e-07
0.003903903903903904  0.0004579006294752942  0.0004579407708338812  4.014135858697873e-08
0.003913913913913914  0.000473669829436827  0.0004741213950028576  4.515655660305312e-07
0.003923923923923924  0.0004889822617764434  0.0004896253608809546  6.430991045112055e-07
0.003933933933933934  0.0005038030990058312  0.0005044290728495625  6.259738437312161e-07
0.003943943943943944  0.0005181082087231507  0.0005185779715509096  4.697628277588713e-07
0.003953953953953954  0.000531879253866646  0.0005321449850528943  2.657311862483197e-07
0.003963963963963964  0.0005451012326354977  0.0005451941382906054  9.290565510769629e-08
0.003973973973973974  0.0005577612532634518  0.00055775734547403  -3.907789421805745e-09
0.003983983983983984  0.0005698479112242399  0.0005698277938139165  -2.011741032342373e-08
0.003993993993993994  0.0005813509547683634  0.0005813681701359666  1.721536760314248e-08
0.004004004004004004  0.0005922610649665273  0.0005923279180762615  6.685310973417787e-08
0.004014014014014014  0.0006025697637443563  0.0006026619291939578  9.216544960143243e-08
0.004024024024024024  0.0006122693617388024  0.0006123439191822423  7.455744343990486e-08
0.004034034034034034  0.0006213528056203311  0.0006213706641394652  1.785851913408982e-08
0.004044044044044044  0.0006298136596495332  0.0006297570600007093  -5.659964882399112e-08
0.004054054054054054  0.0006376460618666849  0.0006375252289993949  -1.208328672900466e-07
0.004064064064064064  0.0006448446880079997  0.00064469256619201  -1.521218159897036e-07
0.004074074074074074  0.0006514047214897569  0.00065126331025087  -1.41411238886854e-07
0.004084084084084084  0.0006573218282871142  0.0006572262996944915  -9.552859262277561e-08
0.004094094094094094  0.0006625921358252199  0.0006625589419905204  -3.319383469957068e-08
0.004104104104104104  0.0006672122151901448  0.0006672351313909035  2.291620075872778e-08
0.004114114114114114  0.0006711790661291705  0.0006712336983974573  5.463226828675456e-08
0.004124124124124124  0.0006744901044028607  0.000674544233759911  5.412935705022791e-08
0.004134134134134134  0.0006771431511530364  0.0006771685166372472  2.536548421078113e-08
0.004144144144144144  0.0006791364240065025  0.0006791176216659504  -1.880234055213689e-08
0.004154154154154154  0.0006804685296928118  0.0006804063346684481  -6.219502436373772e-08
0.004164164164164164  0.0006811384579981894  0.0006810472370965733  -9.122090161603306e-08
0.004174174174174174  0.0006811455769127133  0.0006810465774894774  -9.8999423235927e-08
0.004184184184184184  0.0006804896288578718  0.0006804030740772636  -8.655478060811631e-08
0.004194194194194194  0.0006791707279079213  0.0006791095641963595  -6.116371156186969e-08
0.004204204204204204  0.0006771893579396872  0.0006771564299583018  -3.292798138548967e-08
0.004214214214214214  0.0006745463716656991  0.0006745353074543506  -1.10642113485427e-08
0.004224224224224224  0.0006712429905225206  0.0006712417811043997  -1.20941812088108e-09
0.004234234234234234  0.0006672808054030231  0.0006672763850372723  -4.420365750735025e-09
0.004244244244244244  0.0006626617782367317  0.0006626439637694349  -1.781446729682504e-08
0.004254254254254254  0.0006573882444379993  0.0006573519905369486  -3.625390105070798e-08
0.004264264264264264  0.000651462916255185  0.0006514086419632952  -5.427429188985689e-08
0.004274274274274274  0.0006448888870764606  0.0006448212908005812  -6.759627587944565e-08
0.004284284284284284  0.0006376696367529252  0.0006375957431621993  -7.389359072589377e-08
0.004294294294294294  0.0006298090380293709  0.0006297361968340648  -7.284119530616938e-08
0.004304304304304304  0.0006213113641899596  0.0006212456747360898  -6.56894538698027e-08
0.004314314314314314  0.00061218129804157  0.0006121266416204861  -5.465642108392135e-08
0.004324324324324324  0.0006024239423948084  0.0006023815999500173  -4.234244479106759e-08
0.004334334334334334  0.0005920448322175004  0.0005920135903066029  -3.124191089750976e-08
0.004344344344344344  0.0005810499486825718  0.0005810266073578166  -2.334132475517205e-08
0.004354354354354354  0.0005694457353590057  0.0005694259480609179  -1.978729808780819e-08
0.004364364364364364  0.0005572391168454848  0.0005572184566862576  -2.066015922729501e-08
0.004374374374374375  0.0005444375201904142  0.0005444125796335782  -2.494055683602715e-08
0.004384384384384384  0.0005310488995183321  0.0005310181470908177  -3.075242751443032e-08
0.004394394394394394  0.0005170817643236122  0.0005170458768038942  -3.58875197179918e-08
0.004404404404404405  0.000502545212012961  0.0005025067179449562  -3.849406800477198e-08
0.004414414414414414  0.0004874489653324166  0.0004874112578382958  -3.770749412078346e-08
0.004424424424424424  0.0004718034154672856  0.0004717694389140758  -3.397655320974821e-08
0.004434434434434435  0.0004556196716962174  0.0004555907492716292  -2.892242458816261e-08
0.004444444444444444  0.0004389096186651474  0.0004388848803341593  -2.473833098808921e-08
0.004454454454454454  0.0004216859824968573  0.0004216626558811095  -2.332661574783092e-08
0.004464464464464465  0.0004039624071595098  0.000403936910326249  -2.549683326074454e-08
0.004474474474474474  0.0003857535427622479  0.0003857229913131746  -3.055144907329263e-08
0.004484484484484484  0.0003670751476525865  0.000367038693823826  -3.645382876056634e-08
0.004494494494494495  0.0003479442065117629  0.0003479036544231358  -4.055208862712703e-08
0.004504504504504504  0.0003283790668892121  0.0003283384594494374  -4.060743977467481e-08
0.004514514514514514  0.0003083995969151609  0.0003083638587023201  -3.573821284085432e-08
0.004524524524524525  0.0002880273671576413  0.0002880004669030934  -2.69002545479134e-08
0.004534534534534534  0.0002672858597465843  0.0002672691760199377  -1.668372664662392e-08
0.004544544544544544  0.0002462007078610692  0.0002461922488186633  -8.459042405884083e-09
0.004554554554554555  0.0002247999684073228  0.0002247948123718325  -5.156035490271396e-09
0.004564564564564564  0.0002031144299115192  0.0002031063164018778  -8.113509641373938e-09
0.004574574574574574  0.000181177956241269  0.000181161526437575  -1.64298036940539e-08
0.004584584584584585  0.00015902786423267  0.0001590007873681801  -2.70768644899434e-08
0.004594594594594595  0.0001367053293573975  0.000136669559331637  -3.577002576047607e-08
0.004604604604604604  0.0001142558075330374  0.0001142174956405238  -3.831189251363534e-08
0.004614614614614615  9.172945265075313e-05  9.16974995372454e-05  -3.195311350772799e-08
0.004624624624624625  6.918149769827178e-05  6.916519644434056e-05  -1.630125393121907e-08
0.004634634634634634  4.667255240340984e-05  4.667908537024909e-05  6.532966839247238e-09
0.004644644644644645  2.426875258818589e-05  2.430134544294341e-05  3.259285475751346e-08
0.004654654654654655  2.041677766922566e-06  2.098972569915638e-06  5.729480299307186e-08
0.004664664664664664  -1.993206233600437e-05  -1.98552849954868e-05  7.677734051756785e-08
0.004674674674674675  -4.15716783746504e-05  -4.148275909281424e-05  8.891928183615627e-08
0.004684684684684685  -6.279358400841217e-05  -6.269987755805906e-05  9.370645035310511e-08
0.004694694694694694  -8.351336726573251e-05  -8.342048801539015e-05  9.287925034235918e-08
0.004704704704704705  -0.0001036483352972835  -0.0001035592768194253  8.905847785815424e-08
0.004714714714714715  -0.000123120513080947  -0.000123035792364869  8.472071607795793e-08
0.004724724724724724  -0.0001418598562485223  -0.0001417784431527476  8.141309577468399e-08
0.004734734734734735  -0.0001598073318012654  -0.0001597278707418613  7.946105940408567e-08
0.004744744744744745  -0.000176917467856948  -0.0001768392689630995  7.819889384850219e-08
0.004754754754754754  -0.0001931600068526048  -0.0001930834653587725  7.654149383225358e-08
0.004764764764764765  -0.0002085204232608366  -0.0002084468181158247  7.360514501193803e-08
0.004774774774774775  -0.0002229992593413783  -0.0002229301485520317  6.911078934663888e-08
0.004784784784784784  -0.0002366104355093393  -0.0002365469989838587  6.343652548057382e-08
0.004794794794794795  -0.0002493788461318425  -0.0002493214911916472  5.735494019532082e-08
0.004804804804804805  -0.0002613376187822  -0.0002612860001620084  5.161862019162919e-08
0.004814814814814814  -0.000272525391661265  -0.0002724787942548341  4.659740643093036e-08
0.004824824824824825  -0.0002829838761537281  -0.0002829417545336893  4.212162003881196e-08
0.004834834834834835  -0.0002927558580718704  -0.000292718277015568  3.758105630245192e-08
0.004844844844844844  -0.0003018836860996511  -0.0003018514661312361  3.221996841497234e-08
0.004854854854854855  -0.0003104082193615595  -0.0003103827224038047  2.54969577548011e-08
0.004864864864864865  -0.0003183681623625448  -0.0003183507958879014  1.736647464338015e-08
0.004874874874874875  -0.0003257997000709659  -0.000325791318800769  8.381270196909565e-09
0.004884884884884885  -0.0003327363493351071  -0.0003327367610447232  -4.117096160521916e-10
0.004894894894894895  -0.0003392089559184751  -0.0003392166932243853  -7.737305910229288e-09
0.004904904904904905  -0.0003452457826831312  -0.0003452582116457861  -1.242896265491985e-08
0.004914914914914915  -0.0003508726498485587  -0.0003508863850899133  -1.373524135460337e-08
0.004924924924924925  -0.0003561131009937863  -0.000356124617119317  -1.151612553072518e-08
0.004934934934934935  -0.0003609885777647148  -0.0003609948654782099  -6.287713495104364e-09
0.004944944944944945  -0.0003655185932966561  -0.0003655177068204586  8.864761975153033e-10
0.004954954954954955  -0.0003697208984079764  -0.0003697122714940967  8.626913879658873e-09
0.004964964964964965  -0.0003736116378100277  -0.0003735960975523808  1.554025764690693e-08
0.004974974974974975  -0.0003772054949965344  -0.0003771849675379637  2.052745857067948e-08
0.004984984984984985  -0.000380515825783762  -0.0003804927969188381  2.302886492394282e-08
0.004994994994994995  -0.0003835547806395438  -0.0003835316367565546  2.314388298921884e-08
0.005005005005005005  -0.000386333404102025  -0.0003863118308612797  2.157324074529609e-08
0.005015015015015015  -0.0003888617632407288  -0.0003888423281567514  1.943508397744603e-08
0.005025025025025025  -0.0003911490383042795  -0.0003911311012948192  1.793700946025331e-08
0.005035035035035035  -0.000393203583223418  -0.0003931855787183089  1.800450510902607e-08
0.005045045045045045  -0.0003950330159205419  -0.0003950129791427955  2.003677774641954e-08
0.005055055055055055  -0.0003966442887161487  -0.0003966204587296552  2.382998649352441e-08
0.005065065065065065  -0.0003980437524639034  -0.0003980150410786615  2.871138524195363e-08
0.005075075075075075  -0.0003992372149461504  -0.000399203379443716  3.383550243441337e-08
0.005085085085085085  -0.0004002299940244653  -0.0004001914676771136  3.85263473517191e-08
0.005095095095095095  -0.0004010269660975842  -0.0004009844404414217  4.252565616248878e-08
0.005105105105105105  -0.0004016326101278528  -0.0004015865689455413  4.604118231143258e-08
0.005115115115115115  -0.0004020510478097464  -0.000402001475624393  4.957218535336406e-08
0.005125125125125125  -0.0004022860800816464  -0.0004022324928593541  5.358722229229776e-08
0.005135135135135135  -0.0004023412203647727  -0.0004022830202491474  5.820011562534264e-08
0.005145145145145145  -0.0004022197248469834  -0.000402156726117137  6.299872984638329e-08
0.005155155155155155  -0.0004019246200086391  -0.0004018575000198024  6.711998883670829e-08
0.005165165165165165  -0.0004014587276727836  -0.000401389170505125  6.955716765863788e-08
0.005175175175175175  -0.0004008246877988663  -0.0004007551098961433  6.957790272301952e-08
0.005185185185185185  -0.0004000249792419455  -0.0003999579063287252  6.707291322029978e-08
0.005195195195195195  -0.0003990619385774408  -0.0003989992633916025  6.267518583833766e-08
0.005205205205205205  -0.0003979377772711228  -0.000397880194663305  5.75826078177597e-08
0.005215215215215215  -0.0003966545972210891  -0.0003966014530379922  5.314418309690675e-08
0.005225225225225225  -0.0003952144049659857  -0.0003951640290599763  5.037590600941904e-08
0.005235235235235235  -0.0003936191245324568  -0.0003935695167937654  4.960773869136124e-08
0.005245245245245245  -0.000391870609059891  -0.0003918201981372916  5.041092259936136e-08
0.005255255255255255  -0.0003899706514916257  -0.0003899188156920062  5.183579961944539e-08
0.005265265265265265  -0.0003879209941155736  -0.0003878681384369301  5.28556786435065e-08
0.005275275275275275  -0.0003857233373307669  -0.0003856705139029523  5.282342781465438e-08
0.005285285285285285  -0.0003833793475048495  -0.0003833276049242273  5.174258062214544e-08
0.005295295295295295  -0.0003808906641423678  -0.0003808404258187837  5.023832358409461e-08
0.005305305305305305  -0.0003782589063658954  -0.0003782096589041933  4.924746170207554e-08
0.005315315315315315  -0.0003754856787599034  -0.0003754361074962288  4.957126367466933e-08
0.005325325325325325  -0.0003725725766133894  -0.0003725210818873186  5.14947260708094e-08
0.005335335335335335  -0.0003695211907154272  -0.0003694665468305018  5.464388492539517e-08
0.005345345345345345  -0.0003663331116250069  -0.0003662749679312546  5.814369375230959e-08
0.005355355355355355  -0.0003630099335559815  -0.0003629489306021922  6.100295378932453e-08
0.005365365365365365  -0.0003595532577401744  -0.0003594907072887285  6.255045144592641e-08
0.005375375375375375  -0.0003559646956548611  -0.0003559019707745715  6.272488028958266e-08
0.005385385385385385  -0.0003522458716513874  -0.0003521837842290656  6.20874223217693e-08
0.005395395395395395  -0.0003483984255112404  -0.0003483368733174304  6.15521938100304e-08
0.005405405405405406  -0.0003444240145824401  -0.0003443620591131013  6.195546933877817e-08
0.005415415415415415  -0.0003403243157491639  -0.0003402606595355849  6.365621357893453e-08
0.005425425425425425  -0.0003361010270427538  -0.0003360346825844457  6.634445830807755e-08
0.005435435435435436  -0.0003317558692206712  -0.0003316867283341751  6.914088649610231e-08
0.005445445445445445  -0.0003272905870635547  -0.0003272196451777142  7.094188584055297e-08
0.005455455455455455  -0.0003227069503657678  -0.0003226360911538179  7.085921194992456e-08
0.005465465465465466  -0.000318006755038343  -0.0003179381872059651  6.856783237789259e-08
0.005475475475475475  -0.0003131918237637639  -0.0003131274021245287  6.442163923522275e-08
0.005485485485485485  -0.0003082640067834784  -0.0003082047027336278  5.930404985057119e-08
0.005495495495495496  -0.0003032251823398973  -0.0003031708874366675  5.42949032298571e-08
0.005505505505505505  -0.0002980772571367833  -0.0002980269487595611  5.030837722216951e-08
0.005515515515515515  -0.0002928221666456927  -0.0002927743117413428  4.785490434987532e-08
0.005525525525525526  -0.0002874618752899789  -0.0002874148656711198  4.700961885907573e-08
0.005535535535535535  -0.0002819983765981724  -0.0002819508105905372  4.756600763516482e-08
0.005545545545545545  -0.0002764336932324559  -0.0002763844267688333  4.926646362260955e-08
0.005555555555555556  -0.0002707698769479685  -0.000270717904275156  5.197267281245501e-08
0.005565565565565565  -0.0002650090084524788  -0.0002649533286511138  5.567980136504669e-08
0.005575575575575575  -0.0002591531972807477  -0.0002590928291176341  6.036816311357114e-08
0.005585585585585586  -0.0002532045815156187  -0.0002531388024444495  6.577907116922391e-08
0.005595595595595595  -0.0002471653275279284  -0.0002470940750019569  7.12525259715757e-08
0.005605605605605605  -0.0002410376295919538  -0.0002409618837577378  7.574583421596291e-08
0.005615615615615616  -0.000234823709541014  -0.0002347456375319315  7.807200908248888e-08
0.005625625625625626  -0.0002285258162647258  -0.0002284485262990581  7.728996566773471e-08
0.005635635635635635  -0.0002221462253063783  -0.0002220731292093418  7.309609703648077e-08
0.005645645645645646  -0.0002156872382826108  -0.0002156211914436992  6.604683891155627e-08
0.005655655655655656  -0.0002091511823637023  -0.0002090936842265238  5.74981371784548e-08
0.005665665665665665  -0.0002025404096791087  -0.0002024911531866091  4.925649249964254e-08
0.005675675675675676  -0.0001958572967061031  -0.0001958142437757082  4.305293039490263e-08
0.005685685685685686  -0.0001891042436041679  -0.0001890642183574027  4.002524676518832e-08
0.005695695695695695  -0.0001822836735930294  -0.0001822432794957972  4.039409723223075e-08
0.005705705705705706  -0.0001753980321872218  -0.0001753545878039375  4.34443832842931e-08
0.005715715715715716  -0.0001684497865463886  -0.0001684019791629027  4.780738348586825e-08
0.005725725725725725  -0.0001614414246827462  -0.0001613894968049591  5.192787778715417e-08
0.005735735735735736  -0.0001543754547422659  -0.0001543209142928493  5.454044941659341e-08
0.005745745745745746  -0.0001472544041900246  -0.0001471994141291944  5.499006083020436e-08
0.005755755755755755  -0.0001400808190475696  -0.0001400275127160287  5.330633154088408e-08
0.005765765765765766  -0.0001328572630617089  -0.0001328072201315339  5.004293017498687e-08
0.005775775775775776  -0.0001255863168751698  -0.0001255403364426578  4.598043251200878e-08
0.005785785785785785  -0.000118270577211941  -0.0001182287488938183  4.182831812273231e-08
0.005795795795795796  -0.0001109126559973699  -0.0001108746166132031  3.803938416677404e-08
0.005805805805805806  -0.0001035151795156296  -0.0001034803955938048  3.478392182478614e-08
0.005815815815815815  -9.608078750580316e-05  -9.604873355057972e-05  3.205395522344308e-08
0.005825825825825826  -8.861213231457699e-05  -8.858231729432925e-05  2.981502024773847e-08
0.005835835835835836  -8.111187796806669e-05  -8.108376372007118e-05  2.811424799551137e-08
0.005845845845845845  -7.358269929128806e-05  -7.355561035688299e-05  2.708893440506557e-08
0.005855855855855856  -6.602728098148815e-05  -6.600040311108004e-05  2.687787040811073e-08
0.005865865865865866  -5.844831670085625e-05  -5.842082652846279e-05  2.749017239345663e-08
0.005875875875875875  -5.084850814233023e-05  -5.081979972741489e-05  2.870841491533225e-08
0.005885885885885886  -4.323056410629144e-05  -4.320047767888866e-05  3.008642740278273e-08
0.005895895895895896  -3.559719956089708e-05  -3.556614304338373e-05  3.105651751335293e-08
0.005905905905905906  -2.795113470383537e-05  -2.792002598551016e-05  3.110871832520567e-08
0.005915915915915916  -2.029509401102348e-05  -2.026512417365819e-05  2.99698373652858e-08
0.005925925925925926  -1.263180529601427e-05  -1.26040975029744e-05  2.770779303987107e-08
0.005935935935935936  -4.963998752307891e-06  -4.939282020876143e-06  2.471673143174855e-08
0.005945945945945946  2.705593996671821e-06  2.727180777139547e-06  2.158678046772592e-08
0.005955955955955956  1.037424085659365e-05  1.039314856780063e-05  1.89077112069823e-08
0.005965965965965966  1.803921021884924e-05  1.805629002264543e-05  1.707980379618717e-08
0.005975975975975976  2.56977719210874e-05  2.571397122527061e-05  1.61993041832115e-08
0.005985985985985986  3.334719820617081e-05  3.336325264566833e-05  1.605443949752105e-08
0.005995995995995996  4.098476468006757e-05  4.100098988769307e-05  1.622520762549869e-08
0.006006006006006006  4.860775023933355e-05  4.862399474503071e-05  1.624450569715717e-08
0.006016016016016016  5.621344001296666e-05  5.622919576396672e-05  1.575575100005593e-08
0.006026026026026026  6.379912604588589e-05  6.381374394542894e-05  1.461789954304517e-08
0.006036036036036036  7.136210699709392e-05  7.137503435595214e-05  1.292735885821531e-08
0.006046046046046046  7.889968968382923e-05  7.891064685188323e-05  1.095716805399923e-08
0.006056056056056056  8.640919002188028e-05  8.641823629210794e-05  9.046270227659335e-09
0.006066066066066066  9.388793398721951e-05  9.389541562350993e-05  7.481636290422415e-09
0.006076076076076076  0.0001013332585666505  0.0001013396715392702  6.412972619737264e-09
0.006086086086086086  0.0001087425126798557  0.0001087483357709795  5.823091123820148e-09
0.006096096096096096  0.0001161130581379305  0.0001161186131400289  5.55500209842145e-09
0.006106106106106106  0.0001234422705815861  0.0001234476485482298  5.377966643738998e-09
0.006116116116116116  0.000130727540387506  0.0001307326051015615  5.064714055455109e-09
0.006126126126126126  0.0001379662736140574  0.0001379707265820225  4.452967965120225e-09
0.006136136136136136  0.0001451558929312275  0.0001451593675548805  3.474623653008197e-09
0.006146146146146146  0.0001522938385022009  0.0001522959887767247  2.150274523786107e-09
0.006156156156156156  0.0001593775689247926  0.0001593781285852846  5.59660492022206e-10
0.006166166166166166  0.0001664045621184129  0.0001664033679814605  -1.194136952433486e-09
0.006176176176176176  0.0001733723162139481  0.0001733693060236156  -3.010190332484704e-09
0.006186186186186186  0.0001802783504608669  0.0001802735539811906  -4.796479676329526e-09
0.006196196196196196  0.0001871202060947542  0.0001871137452256862  -6.460869067965178e-09
0.006206206206206206  0.0001938954472164005  0.0001938875482778926  -7.898938507862026e-09
0.006216216216216216  0.0002006016616483035  0.0002005926673820049  -8.994266298542261e-09
0.006226226226226226  0.0002072364618228002  0.000207226820453611  -9.641369189209706e-09
0.006236236236236236  0.0002137974855701292  0.0002137876965153295  -9.789054799695445e-09
0.006246246246246246  0.0002202823970327474  0.000220272908573785  -9.488458962411466e-09
0.006256256256256256  0.0002266888874394832  0.0002266799665246634  -8.920914819788434e-09
0.006266266266266266  0.0002330146759562967  0.0002330062926615838  -8.383294712881097e-09
0.006276276276276276  0.0002392575104842371  0.0002392492884355608  -8.222048676338571e-09
0.006286286286286286  0.0002454151684498844  0.0002454064394662716  -8.728983612804001e-09
0.006296296296296296  0.0002514854576370022  0.0002514754251100343  -1.003252696787612e-08
0.006306306306306306  0.0002574662169203242  0.0002574541889773091  -1.202794301511561e-08
0.006316316316316316  0.0002633553170580127  0.0002633409343019253  -1.438275608740781e-08
0.006326326326326326  0.0002691506614409357  0.0002691340328420006  -1.662859893509193e-08
0.006336336336336336  0.000274850186860859  0.0002748318700944903  -1.831676636868161e-08
0.006346346346346346  0.0002804518641903051  0.0002804326796624381  -1.918452786702721e-08
0.006356356356356356  0.0002859536991812109  0.0002859344320075921  -1.926717361876032e-08
0.006366366366366366  0.0002913537330944879  0.0002913348296297179  -1.890346477002305e-08
0.006376376376376376  0.0002966500434626356  0.0002966314239251726  -1.86195374630104e-08
0.006386386386386386  0.0003018407447542377  0.0003018218209113736  -1.892384286414622e-08
0.006396396396396396  0.0003069239890078387  0.0003069039023087299  -2.008669910876512e-08
0.006406406406406407  0.0003118979665262867  0.0003118759730124831  -2.199351380362128e-08
0.006416416416416416  0.0003167609065360157  0.0003167367652458719  -2.414129014380838e-08
0.006426426426426426  0.0003215110777875304  0.0003214852799082403  -2.579787929004977e-08
0.006436436436436437  0.0003261467891608167  0.0003261205098812442  -2.627927957253411e-08
0.006446446446446446  0.0003306663902971079  0.0003306411437529302  -2.524654417771985e-08
0.006456456456456456  0.0003350682722026962  0.0003350453684947045  -2.290370799165305e-08
0.006466466466466467  0.0003393508677299729  0.0003393308640731775  -2.000365679539649e-08
0.006476476476476476  0.000343512652270965  0.000343495016879238  -1.763539172702257e-08
0.006486486486486486  0.0003475521441770439  0.0003475352942306981  -1.684994634581572e-08
0.006496496496496497  0.0003514679053606522  0.0003514496509914435  -1.825436920870581e-08
0.006506506506506506  0.0003552585417805088  0.0003552368116681268  -2.173011238201621e-08
0.006516516516516516  0.0003589227039301106  0.0003588963031518881  -2.640077822248796e-08
0.006526526526526527  0.0003624590873428263  0.0003624281983322913  -3.088901053503994e-08
0.006536536536536536  0.0003658664330448658  0.0003658326407305221  -3.379231434366865e-08
0.006546546546546546  0.0003691435279819145  0.0003691093135957599  -3.421438615460121e-08
0.006556556556556557  0.000372289205493629  0.0003722570544545243  -3.21510391046876e-08
0.006566566566566566  0.0003753023456878125  0.0003752737773918788  -2.856829593370211e-08
0.006576576576576576  0.0003781818758685375  0.0003781567588358846  -2.511703265289716e-08
0.006586586586586587  0.0003809267708991412  0.0003809032051779992  -2.356572114195227e-08
0.006596596596596596  0.000383536053571952  0.000383510904870316  -2.514870163603401e-08
0.006606606606606606  0.0003860087949683703  0.0003859787217580642  -3.007321030612867e-08
0.006616616616616617  0.0003883441147682016  0.0003883067333320744  -3.738143612724452e-08
0.006626626626626626  0.0003905411815864302  0.000390495943797049  -4.523778938117983e-08
0.006636636636636636  0.0003925992132451827  0.0003925476606475186  -5.155259766412333e-08
0.006646646646646647  0.0003945174770710022  0.0003944627528059108  -5.472426509140578e-08
0.006656656656656657  0.0003962952901426985  0.0003962410566203338  -5.423352236473122e-08
0.006666666666666666  0.0003979320195538767  0.0003978811439866734  -5.087556720324111e-08
0.006676676676676677  0.0003994270826103265  0.0003993805365598737  -4.654605045281224e-08
0.006686686686686687  0.0004007799470537246  0.0004007362948549534  -4.365219877119865e-08
0.006696696696696696  0.0004019901312586865  0.0004019457916747495  -4.433958393702158e-08
0.006706706706706707  0.000403057204390075  0.0004030074363322661  -4.976805780888046e-08
0.006716716716716717  0.000403980786553849  0.000403921152959862  -5.96335939870166e-08
0.006726726726726726  0.0004047605489513736  0.0004046885011947873  -7.204775658627843e-08
0.006736736736736737  0.0004053962139748592  0.0004053124146891897  -8.37992856695031e-08
0.006746746746746747  0.00040588755532787  0.000405796589990625  -9.096533724498946e-08
0.006756756756756756  0.0004062343980830141  0.0004061445863799948  -8.981170301924392e-08
0.006766766766766767  0.000406436618754923  0.0004063587282422654  -7.789051265755763e-08
0.006776776776776777  0.0004064941453495294  0.000406438972934168  -5.517241536139202e-08
0.006786786786786786  0.0004064069573905005  0.0004063820256127494  -2.493177775103779e-08
0.006796796796796797  0.0004061750859057704  0.0004061810992877164  6.013381945982246e-09
0.006806806806806807  0.0004057986134422543  0.0004058267362661678  2.812282391348193e-08
0.006816816816816816  0.0004052776740225075  0.0004053089256607136  3.12516382060409e-08
0.006826826826826827  0.0004046124531047808  0.0004046203344968511  7.881392070333178e-09
0.006836836836836837  0.0004038031875020663  0.0004037599018249657  -4.328567710054588e-08
0.006846846846846846  0.0004028501653224102  0.0004027355393739507  -1.146259484595207e-07
0.006856856856856857  0.0004017537258484948  0.0004015645184213753  -1.892074271195288e-07
0.006866866866866867  0.0004005142594298353  0.0004002705252569934  -2.437341728418556e-07
0.006876876876876876  0.0003991322073612145  0.0003988773712070433  -2.54836154171172e-07
0.006886886886886887  0.0003976080617292576  0.0003974007089246669  -2.073528045906702e-07
0.006896896896896897  0.0003959423652924028  0.0003958403491651744  -1.020161272283844e-07
0.006906906906906906  0.0003941357114041504  0.0003941763124447417  4.060104059124556e-08
0.006916916916916917  0.0003921887439765324  0.0003923711536091768  1.824096326444205e-07
0.006926926926926927  0.0003901021576840405  0.0003903793082020139  2.771505179734353e-07
0.006936936936936937  0.0003878766985741918  0.0003881616673415025  2.849687673106473e-07
0.006946946946946947  0.0003855131655787792  0.0003857011524054993  1.879868267201288e-07
0.006956956956956957  0.0003830124137046581  0.0003830137360334263  1.322328768184333e-09
0.006966966966966967  0.0003803753608384145  0.0003801498974187352  -2.254634196792774e-07
0.006976976976976977  0.0003776030014116615  0.0003771840565149227  -4.189448967387827e-07
0.006986986986986987  0.0003746964336470028  0.0003741934814433306  -5.029522036721829e-07
0.006996996996996997  0.0003716569130008041  0.0003712322427611717  -4.246702396324114e-07
0.007007007007007007  0.0003684859469381532  0.0003683085035180164  -1.774434201368396e-07
0.007017017017017017  0.0003651855181505433  0.00036537361763334  1.880994827967077e-07
0.007027027027027027  0.0003617584483896444  0.0003623288078763164  5.7035948667196e-07
0.007037037037037037  0.0003582091118944713  0.0003590502825778738  8.41170683402539e-07
0.007047047047047047  0.0003545447742037128  0.0003554280529300003  8.832787262875183e-07
0.007057057057057057  0.0003507780520154748  0.0003514092861725579  6.31234157083061e-07
0.007067067067067067  0.0003469313813045749  0.0003470352804427588  1.038991381839332e-07
0.007077077077077077  0.0003430449817730415  0.000342462660421004  -5.823213520374303e-07
0.007087087087087087  0.0003391906690296416  0.0003379636078115133  -1.227061218128244e-06
0.007097097097097097  0.0003354947810116005  0.0003339053673662721  -1.589413645328359e-06
0.007107107107107107  0.000332173422603237  0.000330714073233992  -1.459349369245056e-06
0.007117117117117117  0.0003295791143581575  0.0003288306540762514  -7.484602819060279e-07
0.007127127127127127  0.0003282435036405859  0.0003286666429892478  4.231393486618879e-07
0.007137137137137137  0.0003288713296401396  0.0003305656484428304  1.69431880269079e-06
0.007147147147147147  0.0003322158221172033  0.0003347733088366634  2.557486719460074e-06
0.007157157157157157  0.0003388135625150879  0.0003414161811313427  2.602618616254833e-06
0.007167167167167167  0.0003487140207577069  0.000350489128101065  1.775107343358082e-06
0.007177177177177177  0.0003614315662084317  0.0003618513941641928  4.19827955761118e-07
0.007187187187187187  0.0003761686323478364  0.0003752328548306661  -9.357775171703071e-07
0.007197197197197197  0.0003921131394692657  0.0003902526294304546  -1.860510038811057e-06
0.007207207207207207  0.0004086199098420027  0.0004064513386400074  -2.168571201995354e-06
0.007217217217217217  0.0004252494064848287  0.0004233355442858041  -1.913862199024558e-06
0.007227227227227227  0.0004417295236710691  0.0004404291033889463  -1.300420282122775e-06
0.007237237237237237  0.0004579004375449492  0.0004573228039950887  -5.776335498605006e-07
0.007247247247247247  0.0004736695825854773  0.0004737123257784332  4.274319295597198e-08
0.007257257257257257  0.000488981964261694  0.0004894162550586465  4.342907969524931e-07
0.007267267267267267  0.0005038027530146397  0.0005043704330601721  5.676800455324017e-07
0.007277277277277277  0.0005181078151241492  0.0005186010224341238  4.932073099745901e-07
0.007287287287287287  0.000531878812796616  0.0005321843310354449  3.055182388289439e-07
0.007297297297297297  0.0005451007438807801  0.0005452046840550915  1.039401743114458e-07
0.007307307307307307  0.0005577607164707429  0.0005577213563480196  -3.936012272327209e-08
0.007317317317317317  0.0005698473260167195  0.0005697519023052786  -9.542371144091125e-08
0.007327327327327327  0.000581350320794038  0.0005812734989668741  -7.682182716394273e-08
0.007337337337337337  0.0005922604059580356  0.0005922381861077186  -2.221985031700905e-08
0.007347347347347347  0.0006025691165877408  0.000602594091356646  2.497476890518571e-08
0.007357357357357357  0.0006122687276332976  0.000612304008989872  3.528135657444084e-08
0.007367367367367367  0.0006213521856474292  0.0006213550143432056  2.828695776419844e-09
0.007377377377377377  0.0006298130547848587  0.0006297570095131573  -5.604527170144109e-08
0.007387387387387387  0.0006376454729980518  0.0006375324921787152  -1.129808193365851e-07
0.007397397397397397  0.0006448441159419209  0.0006447028033040161  -1.413126379047657e-07
0.007407407407407407  0.0006514041669607221  0.0006512767246657219  -1.274422950002605e-07
0.007417417417417417  0.000657321291964307  0.0006572456217025809  -7.567026172610077e-08
0.007427427427427427  0.0006625916183172136  0.0006625862717949081  -5.346522305503358e-09
0.007437437437437438  0.0006672117170509251  0.000667269409143965  5.76920930399176e-08
0.007447447447447447  0.0006711785878602055  0.0006712700448481942  9.145698798870665e-08
0.007457457457457457  0.0006744896464569783  0.0006745753983061096  8.575184913127594e-08
0.007467467467467468  0.0006771427139367864  0.0006771876728542181  4.495891743172119e-08
0.007477477477477477  0.0006791360078823294  0.0006791211889728677  -1.481890946172966e-08
0.007487487487487487  0.0006804681349808276  0.0006803955701145604  -7.256486626720012e-08
0.007497497497497498  0.0006811380849775367  0.0006810279404818758  -1.101444956608764e-07
0.007507507507507507  0.0006811452258228858  0.0006810270811939773  -1.181446289084736e-07
0.007517517517517517  0.0006804892998995862  0.0006803913789854705  -9.792091411569941e-08
0.007527527527527528  0.000679170421244019  0.000679110763627876  -5.965761614302578e-08
0.007537537537537537  0.0006771890736957641  0.0006771713594796725  -1.771421609159281e-08
0.007547547547547547  0.0006745461099304084  0.0006745608001173331  1.469018692475989e-08
0.007557557557557558  0.0006712427513480961  0.0006712722552250778  2.950387698172005e-08
0.007567567567567567  0.0006672805888054372  0.0006673060154935729  2.542668813573876e-08
0.007577577577577577  0.0006626615841954649  0.0006626685582589157  6.974063450761007e-09
0.007587587587587588  0.0006573880728961568  0.0006573699218546857  -1.815104147117209e-08
0.007597597597597597  0.0006514627671196359  0.0006514206434240423  -4.212369559360076e-08
0.007607607607607607  0.0006448887602173059  0.0006448293959651748  -5.936425213112339e-08
0.007617617617617618  0.0006376695320012679  0.0006376019509975788  -6.758100368914072e-08
0.007627627627627627  0.0006298089551796769  0.0006297414690384611  -6.748614121579542e-08
0.007637637637637637  0.0006213113029971353  0.000621249644919287  -6.165807784838401e-08
0.007647647647647648  0.000612181258220466  0.0006121280581343089  -5.320008615713676e-08
0.007657657657657658  0.0006024239236181282  0.000602379197697288  -4.472592084019122e-08
0.007667667667667667  0.0005920448341151974  0.0005920069249955544  -3.790911964299693e-08
0.007677677677677678  0.0005810499708395245  0.0005810164415505374  -3.352928898707388e-08
0.007687687687687688  0.0005694457773129291  0.0005694140109259278  -3.17663870013328e-08
0.007697697697697697  0.0005572391780826177  0.0005572066978315012  -3.248025111650572e-08
0.007707707707707708  0.0005444376001454307  0.00054440227124677  -3.532889866070255e-08
0.007717717717717718  0.0005310489975666274  0.0005310092612715998  -3.973629502762414e-08
0.007727727727727727  0.0005170818797809163  0.000517037050310402  -4.482947051423491e-08
0.007737737737737738  0.0005025453441250255  0.0005024958656116388  -4.947851338669637e-08
0.007747747747747748  0.0004874491132717698  0.0004873966133634434  -5.249990832643719e-08
0.007757757757757757  0.0004718035783253815  0.0004717506032255828  -5.29750997987086e-08
0.007767767767767768  0.0004556198484734558  0.0004555692937386558  -5.055473480006191e-08
0.007777777777777778  0.0004389098082602008  0.0004388642014015324  -4.560685866840993e-08
0.007787787787787787  0.0004216861836918191  0.0004216470555225451  -3.91281692739315e-08
0.007797797797797798  0.0004039626186110019  0.0004039301793811883  -3.243922981361475e-08
0.007807807807807808  0.0003857537629753491  0.000385726985349895  -2.677762545407652e-08
0.007817817817817818  0.0003670753749649307  0.000367052429957851  -2.294500707971736e-08
0.007827827827827828  0.0003479444390634975  0.000347923301334653  -2.113772884450218e-08
0.007837837837837838  0.000328379302596496  0.0003283582918862157  -2.101071028027006e-08
0.007847847847847847  0.0003083998334330703  0.0003083779067921166  -2.192664095364456e-08
0.007857857857857857  0.0002880276018413423  0.0002880043321542125  -2.326968712976132e-08
0.007867867867867868  0.0002672860895954644  0.0002672614061508799  -2.468344458445319e-08
0.007877877877877878  0.0002462009294772931  0.0002461747967605663  -2.613271672679846e-08
0.007887887887887888  0.0002248001779214723  0.0002247724090274692  -2.776889400309167e-08
0.007897897897897898  0.0002031146229192919  0.0002030849571665601  -2.966575273182902e-08
0.007907907907907907  0.0001811781277305631  0.0001811465768818208  -3.155084874227132e-08
0.007917917917917917  0.0001590280085094752  0.0001589953436520401  -3.266485743507299e-08
0.007927927927927928  0.0001367054399779559  0.000136673605635748  -3.183434220787175e-08
0.007937937937937938  0.0001142558772479419  0.000114228116857586  -2.776039035592374e-08
0.007947947947947948  9.172947338323394e-05  9.17100354624251e-05  -1.943792080884245e-08
0.007957957957957958  6.918146057566575e-05  6.91748991227467e-05  -6.561452919054888e-09
0.007967967967967967  4.667244785772754e-05  4.668268161044856e-05  1.023375272101812e-08
0.007977977977977977  2.426857057208561e-05  2.429796707082884e-05  2.939649874323402e-08
0.007987987987987989  2.041408116175797e-06  2.090169985136231e-06  4.876186896043374e-08
0.007997997997997998  -1.993242937396597e-05  -1.986638465641332e-05  6.604471755265108e-08
0.008008008008008008  -4.157211804941782e-05  -4.149278178810251e-05  7.933626131531178e-08
0.008018018018018018  -6.279407939802397e-05  -6.270649969932465e-05  8.757969869932275e-08
0.008028028028028027  -8.351390561148982e-05  -8.342323149214004e-05  9.067411934978614e-08
0.008038038038038037  -0.000103648901614062  -0.0001035595559579977  8.934565606425566e-08
0.008048048048048049  -0.0001231210907792685  -0.0001230362683401062  8.482243916228664e-08
0.008058058058058058  -0.0001418604280858139  -0.0001417819979666899  7.843011912400102e-08
0.008068068068068068  -0.0001598078810291128  -0.0001597366274535482  7.125357556463248e-08
0.008078078078078078  -0.0001769179794448835  -0.0001768540224986691  6.395694621437052e-08
0.008088088088088087  -0.0001931604685274961  -0.0001931036873792646  5.678114823153544e-08
0.008098098098098097  -0.0002085208261770658  -0.00020847115192672  4.967425034583519e-08
0.008108108108108109  -0.0002229995983227466  -0.0002229571202255264  4.247809722019011e-08
0.008118118118118118  -0.0002366107088251112  -0.0002365756116061905  3.509721892072117e-08
0.008128128128128128  -0.0002493790549374607  -0.0002493514538324602  2.760110500051038e-08
0.008138138138138138  -0.0002613377664068797  -0.000261317524485694  2.024192118571045e-08
0.008148148148148147  -0.000272525482833466  -0.0002725120860943057  1.339673916033813e-08
0.008158158158158157  -0.0002829839163349567  -0.0002829764533661928  7.462968763859244e-09
0.008168168168168169  -0.000292755852922577  -0.0002927531070089833  2.74591359372689e-09
0.008178178178178178  -0.0003018836411239435  -0.0003018842639213356  -6.227973920543313e-10
0.008188188188188188  -0.0003104081396876307  -0.0003104108488419606  -2.709154329908273e-09
0.008198198198198198  -0.0003183680526078722  -0.0003183717902315811  -3.73762370890502e-09
0.008208208208208207  -0.000325799564304825  -0.0003258035709633517  -4.006658526657658e-09
0.008218218218218219  -0.0003327361911048206  -0.0003327399837900503  -3.792685229731755e-09
0.008228228228228229  -0.0003392087782765553  -0.0003392120567345861  -3.27845803076935e-09
0.008238238238238238  -0.0003452455882252342  -0.000345248117146986  -2.528921751805864e-09
0.008248248248248248  -0.000350872440793468  -0.0003508739571409248  -1.516347456831987e-09
0.008258258258258258  -0.000356112879190209  -0.0003561130553773695  -1.761871605641258e-10
0.008268268268268267  -0.0003609883447796356  -0.0003609868091534387  1.535626196840466e-09
0.008278278278278279  -0.0003655183504239082  -0.0003655147408091384  3.6096147697901e-09
0.008288288288288289  -0.0003697206467164059  -0.000369714661761544  5.984954861836412e-09
0.008298298298298298  -0.0003736113781698941  -0.0003736027991565746  8.579013319458696e-09
0.008308308308308308  -0.0003772052281217125  -0.0003771939057198266  1.132240188596052e-08
0.008318318318318318  -0.0003805155522404214  -0.0003805013767139292  1.41755264922161e-08
0.008328328328328327  -0.0003835545008748473  -0.000383537387987622  1.711288722528034e-08
0.008338338338338339  -0.0003863331309561595  -0.0003863130506662081  2.008028995138062e-08
0.008348348348348349  -0.0003888615080946688  -0.0003888385598151287  2.2948279540145e-08
0.008358358358358358  -0.000391148799724621  -0.0003911233056154033  2.549410921774816e-08
0.008368368368368368  -0.0003932033599263491  -0.0003931759220352016  2.743789114748735e-08
0.008378378378378378  -0.0003950328067618723  -0.000395004269262913  2.853749895930218e-08
0.008388388388388388  -0.0003966440926832762  -0.0003966153750652121  2.871761806410049e-08
0.008398398398398399  -0.0003980435686521233  -0.0003980153848445655  2.818380755783157e-08
0.008408408408408409  -0.000399237042544399  -0.0003992095783051747  2.746423922425677e-08
0.008418418418418418  -0.0004002298323268358  -0.0004002024950263534  2.733730048240382e-08
0.008428428428428428  -0.0004010268144598779  -0.0004009981735842577  2.86408756202121e-08
0.008438438438438438  -0.0004016324679846577  -0.0004016004607173211  3.200726733665078e-08
0.008448448448448448  -0.0004020509146535229  -0.0004020133066833416  3.760797018129234e-08
0.008458458458458459  -0.0004022859554563961  -0.0004022409488074053  4.500664899076932e-08
0.008468468468468469  -0.0004023411038778862  -0.0004022879079823079  5.319589557831747e-08
0.008478478478478478  -0.0004022196161373172  -0.0004021587797485173  6.083638879993006e-08
0.008488488488488488  -0.0004019245187453407  -0.0004018578752029534  6.664354238730338e-08
0.008498498498498498  -0.0004014586335663661  -0.0004013888304963091  6.980307005696219e-08
0.008508508508508508  -0.0004008246006001177  -0.0004007543304483836  7.027015173406313e-08
0.008518518518518519  -0.0004000248987121321  -0.0003999560664395119  6.88322726201656e-08
0.008528528528528529  -0.0003990618645027859  -0.0003989949747961412  6.688970664473848e-08
0.008538538538538538  -0.0003979377094585795  -0.0003978717026737245  6.600678485496787e-08
0.008548548548548548  -0.0003966545354934684  -0.0003965871597240092  6.737576945919357e-08
0.008558558558558558  -0.0003952143491587045  -0.0003951429707074369  7.137845126759098e-08
0.008568568568568568  -0.0003936190744779502  -0.0003935416670026077  7.740747534249566e-08
0.008578578578578579  -0.0003918705646448272  -0.0003917865398862356  8.402475859157436e-08
0.008588588588588589  -0.0003899706125621566  -0.0003898811972473374  8.941531481920263e-08
0.008598598598598598  -0.0003879209605688709  -0.0003878289748019831  9.198576688779171e-08
0.008608608608608608  -0.0003857233090287312  -0.0003856324107544481  9.089827428308914e-08
0.008618618618618618  -0.0003833793243410373  -0.0003832929748627602  8.634947827709967e-08
0.008628628628628628  -0.0003808906459985246  -0.0003808111529744946  7.949302402996457e-08
0.008638638638638639  -0.0003782588931444488  -0.0003781868583203067  7.203482414210038e-08
0.008648648648648649  -0.0003754856703393642  -0.0003754200198195827  6.565051978148174e-08
0.008658658658658658  -0.0003725725728818346  -0.0003725111320502726  6.144083156199402e-08
0.008668668668668668  -0.0003695211915837675  -0.0003694615675735715  5.962401019595333e-08
0.008678678678678678  -0.0003663331169881675  -0.0003662735447651335  5.957222303399224e-08
0.008688688688688688  -0.0003630099432911866  -0.0003629497777923199  6.016549886675004e-08
0.008698698698698699  -0.0003595532717575268  -0.0003594929577935495  6.031396397728969e-08
0.008708708708708709  -0.000355964713835096  -0.0003559052773768077  5.943645828835513e-08
0.008718718718718719  -0.0003522458938841281  -0.0003521881892701691  5.770461395900647e-08
0.008728728728728728  -0.0003483984516869456  -0.0003483424929950879  5.595869185766929e-08
0.008738738738738738  -0.0003444240445961669  -0.0003443687099562775  5.533463988936522e-08
0.008748748748748749  -0.0003403243494557903  -0.0003402675912591733  5.675819661699532e-08
0.008758758758758759  -0.0003361010643359571  -0.0003360405505918031  6.051374415395796e-08
0.008768768768768769  -0.0003317559100012923  -0.0003316898469714265  6.606302986584102e-08
0.008778778778778779  -0.0003272906311750548  -0.0003272184447304589  7.218644459586849e-08
0.008788788788788788  -0.0003227069976916071  -0.0003226296079484985  7.738974310862864e-08
0.008798798798798798  -0.0003180068054346099  -0.0003179263903223835  8.041511222639823e-08
0.008808808808808809  -0.0003131918771145688  -0.0003131112177701711  8.06593443977233e-08
0.008818818818818819  -0.0003082640629461645  -0.0003081857173837142  7.834556245027218e-08
0.008828828828828829  -0.0003032252411666527  -0.0003031508436174691  7.439754918359522e-08
0.008838838838838839  -0.0002980773184888905  -0.0002980072353932957  7.008309559476764e-08
0.008848848848848848  -0.0002928222303763462  -0.0002927556546410617  6.657573528443461e-08
0.008858858858858858  -0.0002874619412454775  -0.000287397339397289  6.46018481884514e-08
0.008868868868868869  -0.00028199844464081  -0.0002819341551514899  6.428948932013425e-08
0.008878878878878879  -0.0002764337632005175  -0.0002763685199915104  6.524320900712626e-08
0.008888888888888889  -0.0002707699486749752  -0.0002707031700339742  6.677864100096886e-08
0.008898898898898899  -0.00026500908178293  -0.0002649408833473405  6.819843558950696e-08
0.008908908908908908  -0.000259153272058747  -0.0002590842754017693  6.899665697763721e-08
0.008918918918918918  -0.0002532046575753227  -0.0002531357262711067  6.89313042159692e-08
0.008928928928928929  -0.0002471654046921134  -0.0002470974292378482  6.797545426518413e-08
0.008938938938938939  -0.0002410377076927412  -0.0002409714970965648  6.621059617638466e-08
0.008948948948948949  -0.0002348237883980676  -0.0002347600495463168  6.37388517507663e-08
0.008958958958958959  -0.0002285258957165492  -0.0002284652338860529  6.066183049632736e-08
0.008968968968968968  -0.0002221463051656921  -0.0002220891821313959  5.712303429618727e-08
0.008978978978978978  -0.0002156873183773717  -0.0002156339513009791  5.336707639263258e-08
0.00898898898898899  -0.0002091512625006835  -0.0002091015063614116  4.975613927192231e-08
0.008998998998998999  -0.0002025404896854812  -0.000202493781144791  4.670854069025051e-08
0.009009009009009009  -0.0001958573701066458  -0.0001958128055131812  4.456459346463331e-08
0.009019019019019019  -0.0001891043099722381  -0.000189060843394557  4.346657768105841e-08
0.009029029029029028  -0.0001822837332276711  -0.0001822404705771401  4.326265053098961e-08
0.009039039039039038  -0.0001753980853944514  -0.0001753545432348721  4.354215957924753e-08
0.00904904904904905  -0.0001684498336376343  -0.0001684060581435802  4.377549405409041e-08
0.009059059059059059  -0.0001614414659877248  -0.0001613979586356325  4.350735209233091e-08
0.009069069069069069  -0.0001543754905730045  -0.0001543329694463714  4.252112663314929e-08
0.009079079079079079  -0.0001472544348737439  -0.0001472135331611506  4.090171259329848e-08
0.009089089089089088  -0.0001400808449126244  -0.0001400418749962319  3.896991639248341e-08
0.009099099099099098  -0.0001328572844372258  -0.0001328201629911709  3.712144605488616e-08
0.00910910910910911  -0.000125586334103357  -0.0001255506863460457  3.564775731131303e-08
0.009119119119119119  -0.0001182705906327763  -0.0001182359674137472  3.462321902912449e-08
0.009129129129129129  -0.0001109126659590634  -0.0001108787565439461  3.390941511727231e-08
0.009139139139139139  -0.0001035151863526514  -0.0001034819173274596  3.326902519183088e-08
0.009149149149149148  -9.60807915804536e-05  -9.60482643863689e-05  3.252719408469512e-08
0.009159159159159158  -8.861213397473519e-05  -8.858043990240059e-05  3.169407233459976e-08
0.00916916916916917  -8.111187756625575e-05  -8.108089649825e-05  3.098106800574938e-08
0.009179179179179179  -7.358269718833345e-05  -7.355200144413754e-05  3.069574419590961e-08
0.009189189189189189  -6.602727753501706e-05  -6.599621562842431e-05  3.106190659275376e-08
0.009199199199199199  -5.844831226965317e-05  -5.841626005690412e-05  3.205221274905321e-08
0.009209209209209208  -5.084850308967512e-05  -5.081518294158867e-05  3.332014808645156e-08
0.009219219219219218  -4.323055879284094e-05  -4.319628256474331e-05  3.427622809763282e-08
0.00922922922922923  -3.559719435239836e-05  -3.55629062097735e-05  3.428814262485897e-08
0.009239239239239239  -2.795112996206353e-05  -2.791820375629172e-05  3.292620577181326e-08
0.009249249249249249  -2.029509010133707e-05  -2.026493916951434e-05  3.015093182272917e-08
0.009259259259259259  -1.26318025818007e-05  -1.260544243374753e-05  2.636014805316925e-08
0.009269269269269268  -4.963997598207954e-06  -4.941727278231094e-06  2.227031997685959e-08
0.00927927927927928  2.705593226500572e-06  2.724268670080582e-06  1.867544358001036e-08
0.00928928928928929  1.037423779893985e-05  1.039041509132492e-05  1.617729238506557e-08
0.009299299299299299  1.803920451196995e-05  1.805419613366173e-05  1.499162169178606e-08
0.009309309309309309  2.569776320285809e-05  2.571266560531114e-05  1.490240245304879e-08
0.009319319319319319  3.334718611762759e-05  3.336256130882166e-05  1.53751911940707e-08
0.009329329329329328  4.098474886456111e-05  4.100052657479915e-05  1.577771023803887e-08
0.00933933933933934  4.860773137694453e-05  4.862334794971003e-05  1.561657276549913e-08
0.00934934934934935  5.621341887418017e-05  5.622811753471955e-05  1.469866053937857e-08
0.009359359359359359  6.379910281595733e-05  6.381226449616002e-05  1.316168020268826e-08
0.009369369369369369  7.136208186382739e-05  7.137345574577255e-05  1.137388194516259e-08
0.009379379379379379  7.889966283476413e-05  7.890941696767545e-05  9.754132911316341e-09
0.009389389389389389  8.640916164863868e-05  8.641775190410847e-05  8.590255469790014e-09
0.0093993993993994  9.388790427481171e-05  9.389583153542627e-05  7.92726061456619e-09
0.00940940940940941  0.0001013332277011486  0.0001013407909729739  7.563271825261663e-09
0.009419419419419419  0.0001087424808500463  0.000108749626479381  7.145629334670057e-09
0.009429429429429429  0.0001161130255329639  0.0001161193469719449  6.321438981009308e-09
0.009439439439439439  0.000123442237381227  0.0001234471176637591  4.880282532043409e-09
0.009449449449449449  0.0001307275067803035  0.0001307303422449737  2.835464670160716e-09
0.00945945945945946  0.0001379662397848382  0.0001379666579611337  4.181762954847974e-10
0.00946946946946947  0.0001451558590620068  0.0001451538523161003  -2.006745906490796e-09
0.009479479479479479  0.000152293804777301  0.0001522897374131844  -4.067364116626566e-09
0.009489489489489489  0.0001593775355221051  0.0001593720292070123  -5.506315092795346e-09
0.009499499499499499  0.0001664045292148825  0.0001663982724263856  -6.256788496892185e-09
0.009509509509509509  0.0001733722839863519  0.0001733658325020753  -6.451484276599924e-09
0.00951951951951952  0.0001802783190903324  0.0001802719519620559  -6.36712827644173e-09
0.00952952952952953  0.0001871201757518354  0.000187113848771623  -6.326980212369247e-09
0.009539539539539539  0.0001938954180699831  0.0001938888233892809  -6.594680702210051e-09
0.009549549549549549  0.0002006016338757064  0.0002005943413436203  -7.292532086067369e-09
0.009559559559559559  0.0002072364355803627  0.0002072280671675729  -8.368412789848878e-09
0.009569569569569569  0.0002137974610329534  0.0002137878401678807  -9.620865072684391e-09
0.00957957957957958  0.0002202823743675533  0.0002202715991014285  -1.077526612481097e-08
0.00958958958958959  0.000226688866796494  0.000226677278007569  -1.158878892501547e-08
0.009599599599599599  0.0002330146575003584  0.0002330027060065774  -1.19514937809925e-08
0.009609609609609609  0.000239257494361241  0.000239245546632082  -1.194772915902331e-08
0.009619619619619619  0.0002454151548277911  0.0002454033045879828  -1.185023980831111e-08
0.009629629629629629  0.0002514854466546985  0.0002514734090778872  -1.203757681126358e-08
0.00963963963963964  0.0002574662087296322  0.0002574533561417755  -1.285258785673187e-08
0.00964964964964965  0.0002633553117950854  0.0002633408653828219  -1.444641226354968e-08
0.009659659659659659  0.0002691506592581516  0.0002691339899283596  -1.66693297920387e-08
0.009669669669669669  0.000274850187882816  0.0002748311227302101  -1.906515260594044e-08
0.009679679679679679  0.0002804518685600124  0.0002804308719185004  -2.099664151203849e-08
0.009689689689689689  0.000285953707024517  0.0002859318273426887  -2.187968182825427e-08
0.0096996996996997  0.000291353744539219  0.0002913322932760639  -2.145126315515828e-08
0.00970970970970971  0.0002966500586321356  0.0002966300956475968  -1.996298453876399e-08
0.00971971971971972  0.0003018407637639894  0.0003018225657284919  -1.819803549751821e-08
0.009729729729729729  0.000306924011964916  0.0003069067485274356  -1.726343748043122e-08
0.009739739739739739  0.0003118979935531074  0.0003118797958716677  -1.819768143969782e-08
0.00974974974974975  0.0003167609377500021  0.0003167394132591462  -2.152449085586266e-08
0.00975975975975976  0.0003215111132689151  0.0003214841771548475  -2.693611406763986e-08
0.00976976976976977  0.0003261468290262996  0.0003261135584845479  -3.327054175173913e-08
0.00977977977977978  0.0003306664346380975  0.0003306275860193902  -3.884861870726269e-08
0.009789789789789789  0.0003350683210917543  0.0003350262323890304  -4.208870272394199e-08
0.009799799799799799  0.0003393509212636504  0.000339308747721961  -4.217354168943891e-08
0.00980980980980981  0.0003435127105370055  0.0003434732337785161  -3.947675848936733e-08
0.00981981981981982  0.000347552207243872  0.0003475166971433266  -3.551010054541693e-08
0.00982982982982983  0.0003514679733004419  0.0003514356424279732  -3.233087246870808e-08
0.00983983983983984  0.0003552586146561696  0.0003552270217946925  -3.159286147708801e-08
0.009849849849849849  0.0003589227818174082  0.000358889145684038  -3.363613337024115e-08
0.009859859859859859  0.0003624591702956497  0.0003624220889017892  -3.70813938604421e-08
0.00986986986986987  0.0003658665211082413  0.0003658272630564345  -3.92580518067745e-08
0.00987987987987988  0.000369143621211593  0.0003691061572710254  -3.746394056759013e-08
0.00988988988988989  0.0003722893039250234  0.0003722586681077813  -3.063581724210233e-08
0.0098998998998999  0.000375302449366982  0.0003752817740888215  -2.06752781604729e-08
0.009909909909909909  0.0003781819848220073  0.0003781693809412317  -1.260388077565198e-08
0.009919919919919919  0.0003809268851577019  0.0003809138601461776  -1.302501152425231e-08
0.00992992992992993  0.0003835361731627941  0.0003835091449597605  -2.702820303354149e-08
0.00993993993993994  0.0003860089199069885  0.0003859544046645977  -5.451524239078213e-08
0.00994994994994995  0.0003883442450633756  0.0003882565745518185  -8.767051155715317e-08
0.00995995995995996  0.0003905413172455549  0.0003904296907405966  -1.116265049583309e-07
0.009969969969969969  0.0003925993542691229  0.0003924892991708098  -1.100550983131705e-07
0.009979979979979979  0.0003945176234574888  0.0003944412319062536  -7.639155123517804e-08
0.00998998998998999  0.0003962954418913931  0.0003962655993423767  -2.984254901641824e-08
0.01  0.0003979321766436007  0.0003978985590598861  -3.361758371461451e-08
