1
1000
420001
421000
20001
21000
440001
441000
194
382
573
763
18278
18470
19664
17833
14135
425884
427668
432374
420066
20944
440528
420320
440725
420503
440200
20066
420254
420950
440599
420827
440780
420435
30
624
20416
420120
440976
440104
20325
440888
20239
713
914
539
20561
20695
420161
351
440023
797
467
20168
20860
420226
440444
440631
288
981
20754
20351
7089
857
650
431045
431922
683
20499
20383
429011
20808
430180
428740
10516
10965
429593
431303
431992
10442
11223
420095
420407
440299
429552
20915
737
600
142
7485
440258
430902
432396
440085
434647
49
428812
440580
428337
431155
428845
9244
440144
8783
