1
1000
420001
421000
20001
21000
440001
441000
225
449
673
18312
18538
19763
5837
308152
432654
440918
77
440382
594
440490
440711
351
440250
891
950
440092
440044
420280
440195
420514
420752
440861
440598
20433
420402
440807
176
420122
793
440965
420630
420033
420553
420316
713
440345
440568
20124
20681
420921
480
440461
440279
20891
420980
13019
430208
20640
9257
10061
420859
149
20739
8373
431412
10615
420821
11941
10105
430733
9573
11989
10491
20833
429335
20222
429692
420252
20161
425
440515
430877
15
201
440942
440017
429298
20408
425532
426771
440987
9810
56
20785
20068
420101
440660
420378
429904
652
440618
13177
429468
431237
440363
420575
420694
431444
426966
20140
20297
420734
298
420612
432553
773
432852
429133
335
431006
20476
431083
20725
440328
420498
875
420935
440583
10393
420163
20846
440031
10511
265
12926
9042
431000
428192
431792
538
11672
440181
15977
440421
20263
10711
430593
431353
10276
420463
20877
12753
440107
420842
431633
420806
8431
420365
89
440551
905
420992
420663
10001
237
20930
20235
430118
15777
434830
6163
15957
425023
16695
435375
425649
5226
6316
15893
4412
435475
5744
966
20502
20449
440751
20207
20907
440529
135
420436
420214
20819
440396
440056
440698
420188
390
20080
420045
562
420068
440772
522
440311
113
20605
10863
20010
20797
635
420722
20343
440676
420784
20367
687
440146
20627
20953
420888
20975
10458
826
440220
20562
420010
20657
440167
760
20584
420337
420954
852
614
500
430266
30
440893
420416
420705
420585
20288
11525
288
420480
20991
440121
420307
915
440642
20326
430721
440869
430071
9548
20101
430603
20031
430917
440440
440269
10093
430818
420244
323
420870
420146
980
430289
739
430501
20187
20385
20542
20245
10326
935
420600
430041
10217
462
11000
10143
420540
357
420268
430573
429676
806
440849
440721
429948
20464
20518
10355
420645
10884
430395
204
420445
10794
10246
440739
10627
430175
431426
992
20486
20051
430762
440823
20691
181
20406
20759
382
430976
129
420679
20909
440204
440073
402
420096
420054
10195
430001
430841
440933
440133
20422
10307
440502
163
566
420836
20356
440785
9484
20707
420902
440616
440009
440301
429704
440805
20668
420967
10587
420768
420623
420524
420079
20088
662
20154
430025
430057
419965
10450
440233
10661
111
724
368
420490
430561
9343
420021
440995
9781
10642
440882
509
20574
430383
20173
20113
440837
472
429931
430539
20650
430158
430364
20021
10124
815
440257
10685
7
256
420346
550
440981
20336
9897
440630
431228
9959
20593
20374
420943
431744
440451
20921
65
10868
420193
440318
926
440949
20529
430804
420216
420748
430518
10404
440062
420796
42
420881
420231
9826
432
277
430995
20858
9013
700
20395
781
20555
10912
155
440731
581
20040
428985
420327
864
10282
20773
430108
440901
10185
420455
420392
440474
420293
10608
11032
10729
20276
604
440213
8852
10439
420172
10077
20749
440795
413
431320
420139
848
20608
10050
10419
430204
531
440353
307
440288
640
440686
440432
20814
429621
430095
9475
431253
420958
11167
20510
420087
20195
831
420713
10142
440414
420912
10501
431582
20132
973
8759
11717
20494
11969
489
440669
440542
20870
9562
429665
430269
420423
420896
20005
440098
20940
8240
399122
11301
420654
420760
20716
420591
420685
433335
986
431460
428888
420671
440242
623
11770
420572
103
10701
996
12532
420374
20701
11217
20828
245
9384
432130
20957
20305
9938
731
440482
13647
20227
20442
427152
13841
428785
440081
420005
420470
12597
11365
23
440
440763
8345
440575
440150
20972
20176
20884
440522
6923
7801
7085
427636
209
545
13815
13115
20468
7067
428951
20635
20456
440024
420358
222
420507
13740
420260
944
432875
433403
316
420558
433682
420815
13292
440649
428013
20996
433510
344
440374
426182
440335
743
433492
272
8544
440388
440113
420037
440591
420285
433904
20256
440841
427859
440563
20320
789
440161
420408
440779
440186
431311
434050
6519
881
20899
434433
196
20268
20854
14199
440926
420776
6005
6328
6996
440534
13228
49
420235
428482
6693
427752
427827
20623
433034
15065
426451
440401
440914
20731
420299
420061
14261
420928
434613
20984
185
14568
420800
73
425116
420857
6977
170
440039
20213
6582
20427
420695
440141
15802
20549
396
434279
14101
420156
7656
425604
14417
7467
420531
6724
425872
435005
6287
435347
434187
434862
426374
434247
434166
15947
20791
435087
440745
426423
15000
517
5130
420844
5680
420385
425495
20060
440295
705
434625
13988
6896
455
400000
434709
20049
419001
399001
6555
6910
6209
433965
960
434933
440601
425251
440014
20072
14919
20677
420329
420015
426439
434523
427847
420644
426358
5097
426736
440812
766
440690
420607
440362
141
440755
868
440508
14667
6033
20283
425618
426401
420000
419414
440124
420632
440201
425713
426052
6273
14390
434323
5593
426172
426507
434137
426813
434767
440496
420973
434787
434638
15580
420108
753
435725
440661
440611
20351
420130
434449
13834
434075
434886
6235
434547
420431
6262
15467
420986
420833
7001
93
427777
425568
718
425668
425305
15483
426199
440170
440960
918
426147
20092
435996
440876
20865
14821
906
420083
823
434751
20105
14024
426220
420486
440717
425939
435211
20239
20768
6957
440308
585
14013
15558
420027
426107
14379
366
20947
679
20801
14156
657
15851
618
440705
427000
425387
419
896
20937
420729
118
6629
15333
420204
435303
15271
424349
425075
15001
5881
424547
440974
840
425792
15359
425278
15127
435955
5295
435590
420179
15237
15041
15875
15619
435369
435222
5819
425525
574
15601
15147
425321
15501
435697
425921
20251
425475
435656
5931
435981
5189
435911
425242
420741
425339
425089
15438
435798
5019
5122
15056
5537
5766
15633
435674
15734
435425
425701
420997
15902
440557
15456
15400
435066
420225
20965
5155
425138
425062
440828
375
251
440229
440468
668
425579
440262
434534
15516
5858
15686
5445
435811
425459
15317
5645
435389
435941
5362
5610
435100
425042
425686
425990
435193
420565
20118
435409
495
434895
426834
15204
425416
436178
435924
800
6982
435607
435341
435112
440156
425866
440004
38
20841
20779
20524
435286
435777
20380
15718
20148
5407
20615
20568
420851
5505
5948
420273
648
435568
5488
440634
5176
15079
15758
5429
435258
434018
440854
216
690
435645
420545
15788
599
5709
425515
425891
5845
5395
5749
420312
20808
15136
20416
435971
15746
425597
20166
15091
440273
435868
5970
425658
424909
20535
5785
425260
5735
435487
5333
425164
6112
420875
440888
5311
420352
440906
5054
15705
435664
435845
15295
424003
440445
440085
440457
440990
440818
420788
420071
556
231
425719
425758
425231
20391
425212
5379
811
425639
4
887
282
425805
435121
420949
15349
20035
425369
15858
425588
435464
420115
425101
15544
15933
425030
20181
628
440653
5874
425728
420503
425961
440066
435577
5081
20915
5201
5671
420321
20314
5902
15428
15963
302
20026
15251
435144
5009
15445
435506
435358
425559
420827
420397
20480
435328
5249
425126
5528
420475
15170
440624
15495
435046
341
20016
20645
20579
440683
435823
292
467
5775
15882
435029
5623
20664
420448
408
440427
440369
435242
5568
20200
435161
425286
440405
15184
5000
440129
15473
20331
420198
20696
83
20597
15678
939
440790
5268
440053
20588
435737
425434
20191
331
5047
435690
5352
420151
420580
435714
191
20217
5797
435991
5461
420638
440339
859
16108
15653
20400
15339
420239
61
125
420208
15807
435528
5601
15411
20712
435233
5136
435419
435759
15009
425882
15370
5497
425613
435835
425974
5070
20437
20925
20744
5916
5697
440323
420519
425742
20360
440954
15553
15212
435480
420536
420618
20980
420168
439
420864
20097
434313
16998
5148
440726
425628
20292
5478
5388
435265
15588
5026
425294
15726
420134
420709
954
20754
20673
440076
424676
527
5635
747
425822
420049
435274
440546
425037
361
484
15072
425329
435454
5422
425944
420910
15283
930
5302
261
440175
425853
608
5830
5453
16003
5664
20824
20045
425928
440897
435596
15307
5169
435396
435561
98
15223
6651
5991
420700
440800
6889
425487
15951
440283
440998
5576
589
4512
440767
420779
15909
420427
435059
440208
440137
425552
15770
435382
435199
20735
425408
20489
15984
5809
435782
425380
424468
15085
420810
425541
440238
425017
425223
20686
425899
436037
425183
20347
20301
436438
756
159
435001
435540
435856
20507
440833
440225
15660
440103
15639
420718
440936
440605
436217
436000
420595
16794
420963
106
436296
424765
20721
11
425954
420248
440514
420370
144
16628
420771
900
420442
15191
425840
424998
311
420221
420092
440970
16611
420659
570
424158
436094
504
436702
923
440863
15828
15889
420458
16323
5322
386
837
440378
15520
15161
435497
20058
5400
425313
5339
4216
19
4717
16573
16119
424001
420341
440247
735
420185
682
5281
440538
241
436880
5789
425273
440190
5255
696
5059
20461
440117
420667
435945
20143
15917
440873
440356
424142
15870
420918
420978
420412
420494
5964
5369
440921
435620
420256
15847
425079
420675
420265
440846
440759
5090
440639
20498
425982
436584
475
440694
512
425392
20110
33
420651
15507
5688
420763
819
425798
436011
20472
420893
425935
4706
20231
20275
424009
5103
440978
16243
425444
727
440484
440579
20655
435172
420303
20895
435960
424194
14764
440022
440392
325
435670
420550
425066
425345
436731
420176
20837
20944
424781
20452
20620
20128
998
20960
435898
20077
16993
436816
783
435514
5436
15053
435127
16028
440349
4864
440911
424205
420689
420289
436745
5037
440409
440571
435773
16364
420885
436928
440588
16970
15462
420362
4562
435151
4118
5755
20085
348
440048
420939
440436
440521
420057
435470
911
15423
440735
20850
424501
445
440316
420042
420420
427644
16863
15267
16385
420793
420334
211
542
987
435937
20136
855
440035
5618
15232
578
425682
435105
425915
420756
15432
871
440331
20903
5471
425047
16529
710
4521
436080
16255
845
20631
440776
435649
20886
420451
5179
16710
16353
425245
4943
4730
436839
424236
436680
424111
16603
16564
15132
424428
424095
436290
16036
425748
4815
16488
16405
434181
420075
5534
420381
16783
16593
424481
425696
4586
20064
436630
4357
16278
975
440254
16046
776
420932
20559
436206
20879
642
26
4550
440477
16300
436986
16097
436720
424265
436021
16549
20260
8739
20309
68
20514
436805
167
424464
420970
10150
420561
420277
4196
424364
420905
423849
440666
3804
423877
424608
437555
5231
424573
20601
20003
20987
431376
3886
429529
16396
9223
424661
12693
17752
424300
4953
424188
423625
9413
437444
3001
16330
4074
16479
10317
10998
16141
11538
437070
20412
423724
423828
429566
430922
10748
420603
4986
3014
4290
423131
429214
437227
436915
436306
3492
20157
16450
440028
3771
20340
52
437792
17375
459
3417
10678
319
534
3761
5905
9160
436975
17644
10003
440265
423510
20445
424085
11980
17938
420354
430892
430349
431799
424994
431089
420228
3655
20612
430100
437906
3241
420389
11953
436415
430282
3375
436318
4824
437156
431698
9878
429455
3632
17016
437950
17672
430434
17165
17741
17923
10857
10578
17812
16344
429708
4935
4542
3043
3143
3641
10973
430330
430477
10835
3675
16287
10775
436364
10556
440702
437889
423404
430260
10846
423925
3893
3107
437459
440646
423256
10112
424308
430870
420527
431064
423333
420737
423691
17512
20546
10205
430909
3
3152
269
437502
420127
430959
429167
437115
423397
796
424325
3219
430341
20998
3779
430610
20932
430715
420744
440465
440089
20419
20370
3842
4869
9021
429123
3853
420568
429651
437250
428
3455
437061
440526
423175
423317
430389
423057
429495
420989
430726
420947
20968
17218
10637
424970
16623
17838
9136
440217
20804
423810
10360
430599
3483
440673
424448
20170
423521
20012
17524
431756
420105
3977
440594
440007
440857
420160
430188
437534
431687
429419
440292
437335
10399
10928
20151
437874
20204
17700
20873
423583
17820
17177
10173
437430
969
420467
437519
436615
3277
3206
437133
431659
437492
420064
296
10945
437765
437851
431809
423592
437636
10464
3383
405
434
878
440679
420803
627
982
440783
9028
10336
440928
420144
17662
17689
173
440304
423818
378
10233
17898
437042
437600
437353
423861
430407
430369
440385
440709
46
423283
437826
423707
16007
3185
4441
10722
10788
3833
440069
17196
429767
10426
429671
420117
20728
430304
437052
423787
20553
20271
4920
10506
423031
10181
3598
372
430293
3345
430545
436573
440742
9129
430046
440945
20532
437402
3739
20861
3702
430488
430587
20364
437237
440109
437271
17831
9515
423898
423564
20764
768
284
3557
430471
10964
20184
430198
3613
11070
10993
430009
430140
20280
420200
9592
3960
424354
420511
234
423168
10037
440748
20789
440424
86
4605
440448
20210
437185
420018
393
423732
10251
430822
420726
430242
423270
3064
17123
133
440164
430522
440993
430831
16583
3160
10935
10622
121
440655
440197
423536
17683
437755
423122
420637
665
440867
423653
10378
20566
20950
430147
10901
399
20247
20430
721
437967
16798
10444
17929
440609
17651
248
420111
440096
20916
430883
750
430080
420924
10211
440498
18000
437261
420614
20775
437392
423473
437544
430017
440626
423754
420867
20321
423070
440178
190
80
420848
17032
420484
440984
3793
440505
430275
440815
3501
430054
3305
423949
430864
633
338
420683
420984
440454
420994
430630
440342
420437
440298
3684
440471
17843
420007
17943
440881
424227
17722
138
20055
20389
431642
20795
11906
10098
20705
10264
424491
440956
10667
440418
554
20781
17912
431740
423774
17075
420026
420588
693
4714
20539
423051
452
437920
3424
420295
430780
20402
423211
423412
420152
16730
420854
430969
10119
17714
11312
17866
10805
420830
9349
963
10297
20378
228
3571
946
610
10287
10604
440492
647
437003
20020
20572
20810
420823
440153
420003
440560
355
329
20241
884
20519
440277
440324
440715
957
420915
787
420181
219
420626
10815
437380
516
423905
415
420716
10734
3260
20661
10763
16208
430987
10648
10155
3093
423886
676
423633
431221
20120
16608
420012
4000
440830
16189
492
440550
440939
430980
3126
17441
3661
3527
437141
437706
99
431440
17083
420322
420817
430551
423022
437564
10087
3465
420839
440510
430616
440821
10322
16061
440368
3940
10480
16110
437282
17024
4246
437172
420348
440770
437693
10271
3668
3912
20482
548
20637
17228
420478
17151
440487
17855
523
3927
148
763
437310
20223
20041
430941
423647
10873
10497
440621
17001
430360
10705
560
437013
20327
437202
423801
16247
421
430535
440286
16879
440358
440398
17104
10568
17979
437658
430248
10890
420702
9191
440843
861
423290
430033
621
420405
20994
430557
803
430429
436749
437686
3391
430773
429178
423979
420878
20094
430113
423456
423135
17577
17962
4365
420597
10840
420900
254
3448
834
430899
430232
423957
430162
423384
437738
17414
423375
429511
423149
17771
17885
423432
17616
437860
430316
430578
430856
16535
59
10409
430399
423102
3298
10915
17469
440887
424217
436484
440799
17090
17265
423516
423555
424006
4721
20334
437666
592
420194
3027
17989
423620
440244
440725
420090
17422
436254
440059
20757
423342
423577
658
10682
10331
3994
20145
10201
430325
507
11372
420241
436299
440191
313
3115
10698
20458
20315
440903
423419
431848
20817
430504
20027
420543
437998
17435
430074
37
4849
440127
197
437642
20747
423746
20890
424836
423013
3477
424844
437147
430448
423672
436386
10656
430464
20504
3213
436214
20493
10797
420262
437787
420872
437605
10632
11453
17904
20253
423739
437372
10821
423440
3172
10921
423201
430003
420499
440585
20694
440101
420791
706
20007
20581
420309
810
20353
420890
71
420520
437408
20525
420210
20590
10046
16326
424761
10689
440210
17068
275
990
430955
440441
420040
20670
430625
423546
420462
17596
17676
20825
430226
423988
20719
154
423360
3589
420961
20295
423856
20383
20199
3336
430748
3165
20115
9524
932
420138
10471
10387
10057
440235
3079
437893
466
430926
420649
4404
437550
362
17559
437802
437761
602
3319
440793
10435
828
3967
424238
440479
3327
3266
423641
430256
20649
420097
420030
430998
420952
436026
17955
430992
10583
671
487
420998
430415
423932
11783
10531
430730
424155
440159
431345
3877
17181
20688
423601
17304
436818
420220
3192
17498
430837
12541
410
10744
17291
11240
20643
420533
17275
20912
437167
4139
440079
420165
17476
420394
179
424894
420976
3086
430104
420368
420656
10830
440555
10008
423251
437452
304
3752
17158
420582
17338
424795
20977
20425
430813
20036
497
423680
901
440223
430022
9598
420765
423711
423665
10081
10612
20106
423035
430308
921
420731
440961
420783
440810
440259
17049
430913
4508
17258
429789
20935
431038
440313
440931
440531
3285
423530
420400
429127
20844
430170
259
16973
437510
437871
20164
17570
440049
20082
440923
440184
909
20438
20286
10108
17357
20682
16491
440730
437580
431422
440018
440143
420813
3223
94
420051
10984
430936
423698
440852
20699
20396
436194
3727
440373
420942
430028
17779
420773
440003
420609
471
20073
280
715
3051
3580
3349
10064
3692
440909
20752
20769
430571
10713
3436
10486
437833
437231
437465
437901
16791
16995
3637
3040
20832
437525
437588
