t  x_1  x_2  x_3
0  0  7.285642348829984e-13  7.285642348829984e-13
1.001001001001001e-05  3.147836452469165e-05  -5.29740113532482e-06  -3.677576566001647e-05
2.002002002002002e-05  0.0001201852056523064  7.045361920138104e-05  -4.973158645092535e-05
3.003003003003003e-05  0.0002661064866542891  0.0002217534931667188  -4.435299348757031e-05
4.004004004004004e-05  0.0004692191179276979  0.0004431629790412804  -2.60561388864175e-05
5.005005005005005e-05  0.0007294909606487422  0.0007294909610012573  3.525151091171574e-13
6.006006006006006e-05  0.001046880831858132  0.001075967129928223  2.908629807009074e-05
7.007007007007007e-05  0.001421338510977443  0.001478392858371427  5.705434739398398e-05
8.008008008008008e-05  0.001852804747755517  0.001933264405258096  8.045965750257881e-05
9.009009009009009e-05  0.002341211271643546  0.002437863673550373  9.665240190682729e-05
0.0001001001001001001  0.002886480802597375  0.002990313071230885  0.0001038322686335094
0.0001101101101101101  0.003488527063305448  0.003589592546344806  0.0001010654830393581
0.0001201201201201201  0.004147254792840221  0.004235518491661135  8.826369882091421e-05
0.0001301301301301301  0.004862559761731363  0.004928685908100135  6.612614636877269e-05
0.0001401401401401401  0.005634328788457359  0.005670376854841123  3.60480663837634e-05
0.0001501501501501501  0.006462439757354236  0.006462439757692285  3.380490332105524e-13
0.0001601601601601602  0.007346761637937553  0.007307145496882308  -3.961614105524487e-05
0.0001701701701701702  0.008287154505634857  0.008207027294718719  -8.0127210916138e-05
0.0001801801801801802  0.009283469563926334  0.009164712191625075  -0.0001187573723012581
0.0001901901901901902  0.01033554916788726  0.01018275231132183  -0.0001527968565654299
0.0002002002002002002  0.01144322684913293  0.01126346414373345  -0.0001797627053994819
0.0002102102102102102  0.01260632734215731  0.01240878367118727  -0.0001975436709700379
0.0002202202202202202  0.01382466661206651  0.01362014441024846  -0.000204522201818047
0.0002302302302302302  0.01509805188369629  0.01489838427807951  -0.0001996676056167795
0.0002402402402402402  0.01642628167211538  0.01624368575817202  -0.0001825959139433592
0.0002502502502502502  0.01780914581450569  0.01765555214074468  -0.0001535936737610093
0.0002602602602602602  0.01924642550341521  0.01913282076522425  -0.0001136047381909561
0.0002702702702702703  0.02073789332138067  0.02067371226456844  -6.418105681222849e-05
0.0002802802802802803  0.02228331327690902  0.02227591293839316  -7.400338515855392e-06
0.0002902902902902903  0.02388244084181995  0.02393668563261281  5.424479079286018e-05
0.0003003003003003003  0.02553502298993501  0.02565300295883611  0.0001179799689010955
0.0003103103103103103  0.02724079823711502  0.02742169553527497  0.0001808972981599544
0.0003203203203203203  0.02899949668263143  0.02923960705175601  0.0002401103691245798
0.0003303303303303303  0.03081084005187353  0.03110374764386559  0.000292907591992065
0.0003403403403403403  0.03267454174037972  0.0330114371034141  0.0003368953630343841
0.0003503503503503503  0.03459030685918361  0.03496043002607099  0.0003701231668873789
0.0003603603603603604  0.03655783228147592  0.03694901600539303  0.0003911837239171101
0.0003703703703703704  0.03857680669056524  0.03897608935841279  0.0003992826678475489
0.0003803803803803804  0.0406469106291386  0.04104118459323037  0.0003942739640917722
0.0003903903903903904  0.04276781654980624  0.04314447578228234  0.0003766592324760953
0.0004004004004004004  0.04493918886693064  0.04528674006269676  0.0003475511957661132
0.0004104104104104104  0.04716068400972121  0.04746928754577741  0.000308603536056197
0.0004204204204204204  0.04943195047660429  0.04969386190949817  0.0002619114328938771
0.0004304304304304304  0.05175262889082761  0.05196251761043134  0.0002098887196037291
0.0004404404404404404  0.054122352057337  0.05427748108753241  0.0001551290301954125
0.0004504504504504505  0.05654074502086422  0.05664100426827216  0.0001002592474079397
0.0004604604604604604  0.05900742512526453  0.05905521913123091  4.779400596637701e-05
0.0004704704704704705  0.06152200207405755  0.06152200207468446  6.269082475363064e-13
0.0004804804804804805  0.06408407799218503  0.06404285621159139  -4.122178059363935e-05
0.0004904904904904905  0.06669324748896349  0.06661881863998739  -7.442884897609914e-05
0.0005005005005005005  0.06934909772222742  0.06925039820067075  -9.869952155666661e-05
0.0005105105105105105  0.07205120846365366  0.07193754735212192  -0.0001136611115317432
0.0005205205205205205  0.07479915216525285  0.0746796696334128  -0.0001194825318400483
0.0005305305305305305  0.07759249402701332  0.07747566193445717  -0.0001168320925561545
0.0005405405405405405  0.08043079206571009  0.08032398856170982  -0.0001068035040002746
0.0005505505505505506  0.08331359718482022  0.08322278200056582  -9.08151842543975e-05
0.0005605605605605605  0.08624045324559805  0.08616996346854941  -7.048977704864068e-05
0.0005705705705705706  0.08921089713923908  0.08916337504605762  -4.752209318145684e-05
0.0005805805805805806  0.09222445886015838  0.09220091423598714  -2.354462417124281e-05
0.0005905905905905905  0.09528066158035273  0.09528066158071367  3.609473830934462e-13
0.0006006006006006006  0.09837902172485329  0.09840099227960958  2.197055475629262e-05
0.0006106106106106106  0.10151904904824  0.1015606636782672  4.161463002722021e-05
0.0006206206206206207  0.1047002467122061  0.1047588719926587  5.862528045259829e-05
0.0006306306306306306  0.1079221113641586  0.1079952736377771  7.31622736185461e-05
0.0006406406406406406  0.1111841332168891  0.1112699688131369  8.583559624782133e-05
0.0006506506506506507  0.1144857961291988  0.114583447595479  9.765146628018528e-05
0.0006606606606606606  0.1178265776875969  0.1179365013834025  0.0001099236958056055
0.0006706706706706706  0.1212059492889383  0.1213301050624589  0.000124155773520554
0.0006806806806806807  0.1246233762240541  0.1247652774721838  0.0001419012481296555
0.0006906906906906907  0.1280783177623687  0.1282429295555013  0.0001646117931325963
0.0007007007007007007  0.1315702272374404  0.1317637108245382  0.0001934835870978091
0.0007107107107107107  0.1350985521334613  0.1353278653045992  0.0002293131711379182
0.0007207207207207207  0.1386627341726641  0.1389351079867224  0.0002723738140582854
0.0007307307307307307  0.1422622094036601  0.1425845318843304  0.0003223224806702951
0.0007407407407407407  0.1458964082906469  0.1462745541889925  0.000378145898345561
0.0007507507507507507  0.1495647558035121  0.1500029077303541  0.0004381519268419898
0.0007607607607607608  0.1532666715088237  0.1537666812225399  0.0005000097137162207
0.0007707707707707707  0.1570015696616202  0.1575624085958056  0.0005608389341854036
0.0007807807807807808  0.1607688592981067  0.1613862044822739  0.0006173451841671729
0.0007907907907907908  0.1645679443290899  0.1652339396352113  0.0006659953061214086
0.0008008008008008008  0.1683982236343142  0.1691014471080294  0.0007032234737152088
0.0008108108108108108  0.1722590911574892  0.172984747470377  0.0007256563128877624
0.0008208208208208208  0.1761499360021698  0.1768802794564713  0.0007303434543015075
0.0008308308308308308  0.1800701425283544  0.1807851213633459  0.0007149788349915254
0.0008408408408408408  0.1840190904498146  0.1846971882880593  0.0006780978382447123
0.0008508508508508508  0.1879961549321891  0.1886153910654353  0.0006192361332462426
0.0008608608608608609  0.1920007066917251  0.1925397444364282  0.000539037744703097
0.0008708708708708709  0.1960321120947416  0.1964714145679932  0.0004393024732515793
0.0008808808808808808  0.2000897332577568  0.2004126992816706  0.0003229660239138232
0.0008908908908908909  0.2041729281482312  0.2043669383107391  0.0001940101625078905
0.0009009009009009009  0.208281050685963  0.208338355074508  5.730438854495423e-05
0.0009109109109109108  0.212413450845068  0.2123318358016078  -8.161504346021475e-05
0.0009209209209209209  0.216569474756521  0.2163526560014475  -0.0002168187550734557
0.0009309309309309309  0.2207484648112727  0.2204061680121136  -0.0003422967991591197
0.000940940940940941  0.2249497597638533  0.2244974663973544  -0.0004522933664989626
0.0009509509509509509  0.2291726948364764  0.2286310501229748  -0.0005416447135015712
0.0009609609609609609  0.2334166018235995  0.2328105015301511  -0.0006061002934483473
0.000970970970970971  0.2376808091968757  0.2370382020260031  -0.0006426071708726389
0.0009809809809809809  0.2419646422104793  0.241315103114233  -0.0006495390962463488
0.0009909909909909911  0.2462674230067609  0.2456405689157763  -0.0006268540909845632
0.001001001001001001  0.2505884708977981  0.2500123027226885  -0.000576168175109637
0.001011011011011011  0.2549271034500696  0.2544263657343216  -0.0005007377157479342
0.001021021021021021  0.2592826324633855  0.2588772909417337  -0.0004053415216518363
0.001031031031031031  0.2636543686925663  0.2633582896534438  -0.0002960790391225432
0.001041041041041041  0.2680416203112637  0.2678615426129156  -0.0001800776983481578
0.001051051051051051  0.2724436930179605  0.2723785623415318  -6.513067642865966e-05
0.001061061061061061  0.2768598901415814  0.2769006087005776  4.071855899623333e-05
0.001071071071071071  0.2812895127466654  0.281419135838254  0.0001296230915885932
0.001081081081081081  0.2857318597377981  0.2859262461094714  0.0001943863716732941
0.001091091091091091  0.2901862279631201  0.290415125238445  0.0002288972753249352
0.001101101101101101  0.294651912316638  0.2948804332089411  0.0002285208923031301
0.001111111111111111  0.2991282058389673  0.2993186270261923  0.0001904211872249539
0.001121121121121121  0.3036143998161485  0.3037281946608986  0.0001137948447501036
0.001131131131131131  0.3081097838760443  0.3081097838769515  9.072187445724467e-13
0.001141141141141141  0.3126136460817811  0.3124662151671896  -0.0001474309145914621
0.001151151151151151  0.3171252730215186  0.3168023743222863  -0.0003228986992323546
0.001161161161161161  0.3216439498937838  0.3211249868487502  -0.0005189630450336269
0.001171171171171171  0.3261689605873788  0.3254422832469575  -0.0007266773404213667
0.001181181181181181  0.3306995877547467  0.3297635705841417  -0.0009360171706050413
0.001191191191191191  0.3352351128774205  0.3340987315030909  -0.001136381374329587
0.001201201201201201  0.3397748163219028  0.3384576764339689  -0.001317139887933916
0.001211211211211211  0.3443179773840688  0.3428497780680619  -0.001468199316006835
0.001221221221221221  0.3488638743197577  0.3472833187918289  -0.001580555527928795
0.001231231231231231  0.3534117843587839  0.3517649818106389  -0.001646802548144977
0.001241241241241241  0.3579609836991272  0.3562994148553857  -0.001661568843741468
0.001251251251251251  0.3625107474773408  0.3608888919708145  -0.001621855506526271
0.001261261261261261  0.3670603497106429  0.3655330938891087  -0.001527255821534235
0.001271271271271271  0.3716090632050811  0.3702290213223262  -0.001380041882754923
0.001281281281281281  0.3761561594233924  0.3749710483717905  -0.001185111051601961
0.001291291291291291  0.3807009083047408  0.3797511156388583  -0.0009497926658824651
0.001301301301301301  0.3852425780273476  0.3845590549016681  -0.000683523125679486
0.001311311311311311  0.3897804347031741  0.3893830298504908  -0.0003974048526833029
0.001321321321321321  0.3943137419920655  0.3942100707970454  -0.000103671195020083
0.001331331331331331  0.39884176062048  0.3990266758282235  0.0001849152077435523
0.001341341341341341  0.4033637477872288  0.4038194469386404  0.0004556991514116371
0.001351351351351351  0.4078789564358052  0.40857572743851  0.0006967710027047658
0.001361361361361361  0.412386634369236  0.4132842065572504  0.000897572188014395
0.001371371371371371  0.4168860231794762  0.417935458688389  0.001049435508912788
0.001381381381381381  0.4213763569585708  0.4225223880445378  0.001146031085967003
0.001391391391391391  0.4258568607537054  0.4270405545045859  0.00118369375088051
0.001401401401401401  0.4303267487220656  0.4314883627051616  0.001161613983095944
0.001411411411411411  0.4347852219345433  0.4358671038507286  0.001081881916185357
0.001421421421421421  0.4392314657697108  0.4401808475900352  0.0009493818203243909
0.001431431431431431  0.4436646468306748  0.4444361894634486  0.0007715426327738473
0.001441441441441441  0.4480839093078388  0.4486418671080848  0.0005579578002459784
0.001451451451451451  0.4524883707000421  0.4528082655389351  0.0003198948388929979
0.001461461461461461  0.4568771167949814  0.4569468376288742  6.972083389283901e-05
0.001471471471471471  0.4612491957975752  0.4610694703511547  -0.0001797254464204756
0.001481481481481481  0.4656036114821143  0.4651878300434102  -0.000415781438704077
0.001491491491491492  0.4699393152309508  0.469312720775471  -0.0006265944554797453
0.001501501501501501  0.4742551968099105  0.4734534888800059  -0.0008017079299045826
0.001511511511511511  0.4785500737190425  0.4776175037857398  -0.0009325699333027071
0.001521521521521522  0.4828226789481943  0.4818097408356617  -0.001012938112532613
0.001531531531531532  0.4870716469615727  0.4860324858820153  -0.001039161079557427
0.001541541541541541  0.4912954977362812  0.4902851745536834  -0.001010323182597805
0.001551551551551552  0.4954926186891872  0.4945643716230577  -0.0009282470661294839
0.001561561561561562  0.4996612443486796  0.498863888214913  -0.0007973561337665802
0.001571571571571571  0.5037994336666762  0.5031750271914155  -0.0006244064752607414
0.001581581581581582  0.5079050449281689  0.5074869403757872  -0.0004181045523816707
0.001591591591591592  0.5119757083067844  0.5117870755504798  -0.0001886327563046519
0.001601601601601602  0.5160087962436336  0.5160616869653767  5.289072174308185e-05
0.001611611611611612  0.5200013920017736  0.5202963803327715  0.0002949883309978363
0.001621621621621622  0.5239502569787785  0.5244766623350393  0.0005264053562608062
0.001631631631631632  0.5278517976534783  0.5285884654224456  0.0007366677689673029
0.001641641641641642  0.5317020334054325  0.5326186210971424  0.0009165876917098803
0.001651651651651652  0.5354965668778652  0.5365552587491924  0.001058691871327233
0.001661661661661662  0.5392305590484864  0.5403881122640274  0.001157553215541007
0.001671671671671672  0.5428987117070755  0.5441087225675784  0.001210010860502875
0.001681681681681682  0.5464952605754363  0.5477105308154665  0.001215270240030208
0.001691691691691692  0.5500139827826694  0.5511888635491887  0.001174880766519282
0.001701701701701702  0.5534482227394015  0.5545408174510953  0.001092594711693762
0.001711711711711712  0.5567909405260967  0.5577650570606139  0.0009741165345171776
0.001721721721721722  0.5600347865902736  0.560861543433914  0.0008267568436404193
0.001731731731731732  0.5631722057020202  0.5638312152416471  0.0006590095396269424
0.001741741741741742  0.5661955716355407  0.5666756457996146  0.0004800741640739181
0.001751751751751752  0.5690973518785856  0.569396700059878  0.0002993481812924026
0.001761761761761762  0.5718702988781995  0.5719962146118852  0.0001259157336856997
0.001771771771771772  0.5745076611081813  0.5744757213545181  -3.193975366322377e-05
0.001781781781781782  0.577003403947876  0.5768362319417389  -0.0001671720061370285
0.001791791791791792  0.5793524274870071  0.5790780954725255  -0.0002743320144815709
0.001801801801801802  0.5815507664778126  0.5812009367330896  -0.0003498297447229737
0.001811811811811812  0.5835957572569422  0.5832036767271651  -0.0003920805297771279
0.001821821821821822  0.585486157882834  0.5850846317248973  -0.0004015261579366491
0.001831831831831832  0.5872222110031216  0.5868416819401311  -0.0003805290629904645
0.001841841841841842  0.5888056437461399  0.5884724964967393  -0.0003331472494005894
0.001851851851851852  0.5902396045609303  0.5899747978790597  -0.0002648066818705663
0.001861861861861862  0.5915285425639092  0.5913466467161564  -0.0001818958477527444
0.001871871871871872  0.5926780397417588  0.5925867266907153  -9.131305104348453e-05
0.001881881881881882  0.593694609651672  0.5936946096509247  -7.472911178751929e-13
0.001891891891891892  0.5945854777177023  0.5946709824625656  8.550474486324067e-05
0.001901901901901902  0.5953583578687628  0.5955178198835039  0.0001594620147411518
0.001911911911911912  0.5960212384222627  0.5962384913171236  0.0002172528948608532
0.001921921921921922  0.5965821872947513  0.5968377936420405  0.0002556063472891612
0.001931931931931932  0.5970491833691042  0.5973219071019088  0.000272723732804625
0.001941941941941942  0.5974299776559171  0.5976982760455036  0.0002682983895865299
0.001951951951951952  0.5977319851073215  0.5979754210554241  0.0002434359481026105
0.001961961961961962  0.5979622057736287  0.598162693085479  0.0002004873118502948
0.001971971971971972  0.5981271724958113  0.5982699838183111  0.0001428113224998251
0.001981981981981982  0.5982329214556671  0.5983074088141773  7.448735851023347e-05
0.001991991991991992  0.598284981555454  0.5982849815555031  4.918287999089443e-14
0.002002002002002002  0.5982883777581015  0.5982122967519969  -7.608100610456692e-05
0.002012012012012012  0.5982476460704664  0.598098240386379  -0.0001494056840873892
0.002022022022022022  0.5981668640239248  0.597950742099626  -0.0002161219242988732
0.002032032032032032  0.598049669398237  0.5977765826516142  -0.0002730867466228526
0.002042042042042042  0.5978992956230794  0.5975812656302461  -0.0003180299928333685
0.002052052052052052  0.5977186045917761  0.5973689585341352  -0.0003496460576408733
0.002062062062062062  0.5975101194878574  0.5971425040640681  -0.0003676154237892693
0.002072072072072072  0.597276056699623  0.5969034982443824  -0.0003725584552406458
0.002082082082082082  0.5970183561914004  0.5966524280638652  -0.00036592812753522
0.002092092092092092  0.5967387099321074  0.5963888579684449  -0.0003498519636625508
0.002102102102102102  0.5964385881595421  0.5961116519029594  -0.0003269362565826439
0.002112112112112112  0.596119263391146  0.5958192158835849  -0.0003000475075610742
0.002122122122122122  0.5957818321872105  0.5955097453324436  -0.0002720868547668731
0.002132132132132132  0.5954272347381574  0.5951814616472778  -0.0002457730908795863
0.002142142142142142  0.5950562723905429  0.5948328237047812  -0.0002234486857617402
0.002152152152152152  0.5946696232522818  0.5944627020986711  -0.0002069211536106508
0.002162162162162162  0.5942678560304712  0.5940705066712676  -0.0001973493592035691
0.002172172172172172  0.593851442259552  0.5936562612153152  -0.0001951810442367696
0.002182182182182182  0.5934207670750377  0.5932206228694291  -0.0002001442056085434
0.002192192192192192  0.59297613868166  0.5927648473197187  -0.0002112913619413126
0.002202202202202202  0.5925177966558989  0.5922907044882563  -0.0002270921676426063
0.002212212212212212  0.5920459192122784  0.5918003524597372  -0.0002455667525412819
0.002222222222222222  0.591560629551832  0.591296179886457  -0.0002644496653749773
0.002232232232232232  0.5910620013999186  0.5907806290020775  -0.0002813723978410954
0.002242242242242242  0.5905500638300172  0.5902560122539046  -0.0002940515761126195
0.002252252252252252  0.5900248054597186  0.5897243357255831  -0.0003004697341354445
0.002262262262262262  0.5894861780958324  0.5891871418019243  -0.0002990362939080393
0.002272272272272272  0.5889340998967834  0.5886453819278453  -0.0002887179689380348
0.002282282282282282  0.5883684581126321  0.5880993282011077  -0.0002691299115243906
0.002292292292292292  0.5877891114561014  0.5875485297395975  -0.0002405817165038737
0.002302302302302302  0.5871958921514577  0.5869918167718039  -0.0002040753796538342
0.002312312312312312  0.5865886077028588  0.5864273521773883  -0.0001612555254705272
0.002322322322322322  0.5859670424185016  0.5858527271153638  -0.0001143153031377686
0.002332332332332332  0.5853309587228692  0.5852650945097772  -6.586421309207058e-05
0.002342342342342342  0.5846800982854122  0.5846613317826239  -1.876650278831438e-05
0.002352352352352352  0.5840141829907969  0.5840382223814846  2.403939068773564e-05
0.002362362362362362  0.5833329157729388  0.583392644553568  5.972878062920906e-05
0.002372372372372372  0.5826359813325757  0.5827217554090234  8.577407644771995e-05
0.002382382382382382  0.5819230467559765  0.5820231587071172  0.0001001119511406801
0.002392392392392392  0.581193762050506  0.5812950459131755  0.000101283862669499
0.002402402402402402  0.580447760611299  0.5805363017597618  8.854114846279515e-05
0.002412412412412412  0.5796846596317031  0.5797465678857454  6.190825404228661e-05
0.002422422422422422  0.5789040604692446  0.5789262606474491  2.220017820453446e-05
0.002432432432432432  0.5781055489775915  0.5780765421109607  -2.900686663076524e-05
0.002442442442442442  0.5772886958144817  0.5771992460300164  -8.944978446534524e-05
0.002452452452452453  0.5764530567344616  0.5762967633298401  -0.0001562934046214215
0.002462462462462462  0.5755981728749628  0.5753718939879071  -0.0002262788870557308
0.002472472472472472  0.5747235710435731  0.5744276741339754  -0.0002958969095976371
0.002482482482482483  0.5738287640139104  0.5734671885537632  -0.0003615754601471455
0.002492492492492492  0.5729132508370181  0.5724933795263544  -0.0004198713106636776
0.002502502502502502  0.5719765171750399  0.5715088629765789  -0.0004676541984610649
0.002512512512512513  0.5710180356632905  0.5705157623520156  -0.0005022733112748368
0.002522522522522522  0.5700372663067629  0.5695155694477768  -0.0005216968589860649
0.002532532532532532  0.5690336569166486  0.5685090396957218  -0.0005246172209268929
0.002542542542542543  0.5680066435921425  0.567496127311976  -0.0005105162801665175
0.002552552552552552  0.5669556512524989  0.566475963353624  -0.0004796878988748698
0.002562562562562563  0.5658800942238374  0.5654468771947896  -0.000433217029047861
0.002572572572572573  0.5647793768849297  0.5644064594740388  -0.0003729174108909605
0.002582582582582582  0.5636528943755901  0.5633516623039173  -0.0003012320716727634
0.002592592592592593  0.5625000333710127  0.5622789304797206  -0.0002211028912921797
0.002602602602602603  0.5613201729245388  0.5611843559165454  -0.0001358170079934773
0.002612612612612612  0.5601126853810979  0.5600638464054435  -4.883897565444162e-05
0.002622622622622623  0.5588769373626339  0.558913299266169  3.636190353506485e-05
0.002632632632632633  0.5576122908262638  0.5577287704991802  0.0001164796729163919
0.002642642642642642  0.55631810419502  0.5565066305330538  0.0001885263380337898
0.002652652652652653  0.5549937335603347  0.5552436988032675  0.0002499652429328592
0.002662662662662663  0.5536385339544134  0.5539373507249803  0.0002988167705668676
0.002672672672672672  0.5522518606897853  0.5525855924874357  0.000333731797650394
0.002682682682682683  0.5508330707623788  0.551187100981322  0.0003540302189432021
0.002692692692692693  0.5493815243134337  0.5497412282318341  0.0003597039184004558
0.002702702702702703  0.5478965861445716  0.5482479716924155  0.0003513855478438632
0.002712712712712713  0.5463776272794525  0.5467079135667247  0.0003302862872721635
0.002722722722722723  0.5448240265644002  0.5451221339198535  0.0002981073554533253
0.002732732732732733  0.5432351722994456  0.5434921035373597  0.0002569312379140376
0.002742742742742743  0.5416104638905105  0.5418195633518111  0.0002090994613006547
0.002752752752752753  0.5399493135125384  0.5401063976512693  0.0001570841387309452
0.002762762762762763  0.538251147772851  0.5383545082624864  0.0001033604896354401
0.002772772772772773  0.5365154093633564  0.5365656964788883  5.028711553189957e-05
0.002782782782782783  0.5347415586898946  0.5347415586898545  -4.007905118896815e-14
0.002792792792792793  0.5329290754667874  0.5328834005931173  -4.567487367002077e-05
0.002802802802802803  0.5310774602645113  0.5309921735285676  -8.52867359436571e-05
0.002812812812812813  0.5291862359986171  0.5290684350557694  -0.0001178009428477456
0.002822822822822823  0.5272549493482332  0.5271123343525318  -0.0001426149957014511
0.002832832832832833  0.5252831720930475  0.525123621630821  -0.0001595504622264876
0.002842842842842843  0.523270502358273  0.523101679399498  -0.0001688229587749612
0.002852852852852853  0.5212165657580096  0.5210455723269424  -0.0001709934310671901
0.002862862862862863  0.5191210164283895  0.5189541115854315  -0.0001669048429580045
0.002872872872872873  0.516983537943059  0.516825929005565  -0.0001576089374939471
0.002882882882882883  0.5148038441049142  0.5146595561044955  -0.0001442880004186575
0.002892892892892893  0.5125816796092835  0.5124535031231633  -0.0001281764861201795
0.002902902902902903  0.510316820575322  0.5102063335260234  -0.0001104870492986132
0.002912912912912913  0.5080090749438746  0.5079167300210669  -9.234492280774109e-05
0.002922922922922923  0.5056582827415546  0.5055835489245758  -7.473381697875592e-05
0.002932932932932933  0.5032643162123545  0.5032058606467826  -5.845556557182441e-05
0.002942942942942943  0.5008270798195491  0.5007829750274171  -4.41047921320159e-05
0.002952952952952953  0.4983465101220255  0.4983144513058264  -3.205881619916529e-05
0.002962962962962963  0.4958225755304931  0.4958000934198098  -2.24821106832862e-05
0.002972972972972973  0.4932552759501807  0.4932399321980324  -1.53437521483446e-05
0.002982982982982983  0.4906446423175939  0.4906341966865673  -1.044563102658991e-05
0.002992992992992993  0.4879907360398715  0.4879832773606653  -7.45867920620702e-06
0.003003003003003003  0.485293647055222  0.4852876842677131  -5.962787508917433e-06
0.003013013013013013  0.4825534939850845  0.4825480032339781  -5.490751106396186e-06
0.003023023023023023  0.4797704284785237  0.4797648531453406  -5.57533318312764e-06
0.003033033033033033  0.476944626607809  0.4769388470241329  -5.779583676090994e-06
0.003043043043043043  0.4740762909853747  0.4740705591615453  -5.731823829402405e-06
0.003053053053053053  0.4711656498226665  0.4711605000029492  -5.149819717331638e-06
0.003063063063063063  0.4682129559604287  0.4682090998427063  -3.856117722467189e-06
0.003073073073073073  0.4652184858797238  0.4652167017352812  -1.784144442629199e-06
0.003083083083083083  0.4621825387024227  0.4621835633698569  1.024667434235127e-06
0.003093093093093093  0.4591054351893068  0.4591098670747426  4.431885435751681e-06
0.003103103103103103  0.4559875167432588  0.4559957366413427  8.219898083916544e-06
0.003113113113113113  0.4528291444242579  0.4528412592476694  1.211482341145764e-05
0.003123123123123123  0.4496306979821416  0.4496465105686377  1.581258649607786e-05
0.003133133133133133  0.4463925749123155  0.4464115810174839  1.900610516841761e-05
0.003143143143143143  0.4431151895388593  0.4431366011416603  2.1411602800947e-05
0.003153153153153153  0.4397989721286723  0.4398217643527496  2.279222407725046e-05
0.003163163163163163  0.4364443680395608  0.4364673454501332  2.297741057233349e-05
0.003173173173173173  0.4330518369045843  0.433073713779827  2.187687524268789e-05
0.003183183183183183  0.4296218518541988  0.4296413402743774  1.948842017862606e-05
0.003193193193193193  0.4261548987772191  0.4261707980886298  1.589931141071643e-05
0.003203203203203203  0.4226514756210998  0.422662756974605  1.128135350525472e-05
0.003213213213213213  0.4191120917314797  0.4191179719595549  5.880228075239025e-06
0.003223223223223223  0.4155372672306316  0.4155372672311098  4.782285678572862e-13
0.003233233233233233  0.4119275324339722  0.4119215164247424  -6.016009229781183e-06
0.003243243243243243  0.4082834273035843  0.4082716206703579  -1.180663322641884e-05
0.003253253253253253  0.4046055009373865  0.4045884858597094  -1.70150776771516e-05
0.003263263263263263  0.4008943110924731  0.400873000562489  -2.131052998410876e-05
0.003273273273273273  0.3971504237408794  0.3971260159347882  -2.440780609119786e-05
0.003283283283283283  0.393374412656013  0.3933483287658739  -2.608389013908363e-05
0.003293293293293293  0.389566859027888  0.3895406685570719  -2.619047081608983e-05
0.003303303303303303  0.3857283511053048  0.3857036892603873  -2.466184491745071e-05
0.003313313313313313  0.3818594838629726  0.3818379659553079  -2.151790766463657e-05
0.003323323323323323  0.3779608586918451  0.3779439964541205  -1.686223772462414e-05
0.003333333333333333  0.3740330831107024  0.3740222075166313  -1.087559407103589e-05
0.003343343343343343  0.3700767704972613  0.3700729651002899  -3.805396971423569e-06
0.003353353353353353  0.3660925398370775  0.3660965878571945  4.048020116942386e-06
0.003363363363363363  0.3620810154886477  0.3620933629452042  1.234745655653846e-05
0.003373373373373373  0.3580428269631327  0.3580635631431308  2.073617999803767e-05
0.003383383383383383  0.3539786087172626  0.3540074642315923  2.885551432968425e-05
0.003393393393393393  0.3498889999580985  0.3499253616710026  3.636171290405388e-05
0.003403403403403403  0.3457746444583818  0.3458175856992189  4.294124083714657e-05
0.003413413413413413  0.3416361903812957  0.3416845141324971  4.832375120134014e-05
0.003423423423423423  0.3374742901136283  0.3375265823408611  5.229222723285298e-05
0.003433433433433433  0.3332896001063182  0.3333442900663132  5.468995999496906e-05
0.003443443443443443  0.3290827807215287  0.3291382049708267  5.542424929805279e-05
0.003453453453453453  0.3248544960854488  0.3249089629995404  5.446691409161097e-05
0.003463463463463463  0.3206054139460765  0.3206572658147557  5.185186867923131e-05
0.003473473473473473  0.3163362055353745  0.3163838757141038  4.767017872925328e-05
0.003483483483483484  0.3120475454352293  0.3120896085446033  4.206310937404645e-05
0.003493493493493493  0.3077401114466148  0.3077753251934297  3.521374681492162e-05
0.003503503503503503  0.303414584461611  0.3034419222488534  2.733778724234304e-05
0.003513513513513514  0.2990716483378049  0.2990903224128149  1.867407500999452e-05
0.003523523523523523  0.2947119897747449  0.2947214651774953  9.475402750425133e-06
0.003533533533533533  0.2903362981921326  0.2903362981923224  1.898481372109018e-13
0.003543543543543544  0.2859452656094584  0.2859357696427595  -9.495966698858105e-06
0.003553553553553553  0.2815395865268901  0.2815208218303445  -1.876469654560342e-05
0.003563563563563563  0.277119957807167  0.2770923860333093  -2.757177385770415e-05
0.003573573573573574  0.2726870785583285  0.2726513786056804  -3.56999526481272e-05
0.003583583583583583  0.2682416500171477  0.2681986981729159  -4.295184423180887e-05
0.003593593593593594  0.2637843754331101  0.2637352237223334  -4.915171077668479e-05
0.003603603603603604  0.259315959952865  0.2592618133154123  -5.414663745267889e-05
0.003613613613613613  0.2548371105050032  0.254779303161243  -5.780734376015229e-05
0.003623623623623624  0.2503485356851347  0.2502885067782675  -6.002890686718221e-05
0.003633633633633634  0.2458509456411885  0.2457902140304495  -6.073161073899547e-05
0.003643643643643643  0.241345051958828  0.24128518987099  -5.98620878380085e-05
0.003653653653653654  0.236831567547043  0.2367741727248259  -5.739482221708836e-05
0.003663663663663664  0.2323112065237889  0.232257872508623  -5.333401516588454e-05
0.003673673673673673  0.2277846841016765  0.2277369684018428  -4.771569983372248e-05
0.003683683683683684  0.2232527164737385  0.2232121065407379  -4.060993300064597e-05
0.003693693693693694  0.2187160206991639  0.2186838979039001  -3.212279526382256e-05
0.003703703703703703  0.2141753145890986  0.2141529166846648  -2.23979044337852e-05
0.003713713713713714  0.2096313165924041  0.2096196994889142  -1.161710348987488e-05
0.003723723723723724  0.2050847456814519  0.2050847456814195  -3.24462678946702e-14
0.003733733733733734  0.2005363212379162  0.2005485191817518  1.219794383558459e-05
0.003743743743743744  0.1959867629385718  0.1960114519392731  2.468900070132229e-05
0.003753753753753754  0.191436790641115  0.1914739492442026  3.715860308764474e-05
0.003763763763763764  0.1868871242699993  0.1869363969128292  4.927264282986177e-05
0.003773773773773774  0.1823384837023062  0.1823991702748592  6.0686572553037e-05
0.003783783783783784  0.177791588653683  0.1778626447582992  7.105610461619061e-05
0.003793793793793794  0.173247158564285  0.1733272077441224  8.004917983744919e-05
0.003803803803803804  0.1687059124848421  0.1687932712516778  8.735876683568788e-05
0.003813813813813814  0.1641685689627689  0.1642612849084675  9.271594569856823e-05
0.003823823823823824  0.1596358459283979  0.1597317485986443  9.590267024633947e-05
0.003833833833833834  0.1551084605813017  0.1552052241322183  9.676355091656208e-05
0.003843843843843844  0.1505871292767798  0.1506823452775038  9.521600072398551e-05
0.003853853853853854  0.1460725674124349  0.1461638255229789  9.12581105440291e-05
0.003863863863863864  0.1415654893149509  0.1416504630117437  8.497369679277833e-05
0.003873873873873874  0.1370666081270283  0.1371431421828274  7.653405579904904e-05
0.003883883883883884  0.1325766356945368  0.132642831804052  6.619610951522081e-05
0.003893893893893894  0.1280962824538432  0.1281505792195566  5.429676571339082e-05
0.003903903903903904  0.1236262573193957  0.1236675008365158  4.124351712012087e-05
0.003913913913913914  0.1191672675715296  0.1191947690436882  2.750147215856147e-05
0.003923923923923924  0.1147200187445386  0.1147335959518712  1.357720733255463e-05
0.003933933933933934  0.1102852145150564  0.1102852145149687  -8.767986336977174e-14
0.003943943943943944  0.1058635565906764  0.1058508577590797  -1.269883159671359e-05
0.003953953953953954  0.1014557445989368  0.1014317369595469  -2.400763938995021e-05
0.003963963963963964  0.09706247597661057  0.09702901971349639  -3.345626311417049e-05
0.003973973973973974  0.092684445859345  0.0926438088932406  -4.063696610440148e-05
0.003983983983983984  0.08832234697166969  0.08827712347983942  -4.522349183026797e-05
0.003993993993993994  0.08397686951738066  0.0839298822215228  -4.698729585786432e-05
0.004004004004004004  0.07964870178937726  0.07960289097707188  -4.581081230538298e-05
0.004014014014014014  0.07533852907759309  0.07529683446270033  -4.169461489275661e-05
0.004024024024024024  0.07104703233163212  0.07101227294067916  -3.475939095295977e-05
0.004034034034034034  0.06677489058360617  0.06674964418248459  -2.524640112157306e-05
0.004044044044044044  0.06252277980313062  0.06250927079953274  -1.350900359788076e-05
0.004054054054054054  0.0582913727903719  0.05829137278993895  -4.329522851342915e-13
0.004064064064064064  0.05408133906959871  0.05409608489443832  1.474582483960984e-05
0.004074074074074074  0.04989334478323084  0.0499234781214889  3.013333825806208e-05
0.004084084084084084  0.04572805258644979  0.04577358457984458  4.553199339479147e-05
0.004094094094094094  0.04158612154235004  0.04164642457060853  6.030302825849043e-05
0.004104104104104104  0.03746820701764363  0.03754203475268608  7.382773504244211e-05
0.004114114114114114  0.03337496057896736  0.03346049610677442  8.553552780705964e-05
0.004124124124124124  0.02930702988980587  0.02940196038731629  9.493049751042523e-05
0.004134134134134134  0.02526505860798078  0.0253666737842868  0.0001016151763060212
0.004144144144144144  0.02124968628384573  0.02135499661100909  0.0001053103271633632
0.004154154154154154  0.01726154825905708  0.01736741797963281  0.000105869720575729
0.004164164164164164  0.01330127556605674  0.01340456464049994  0.0001032890744432028
0.004174174174174174  0.009369494828251557  0.009467203408791836  9.770858054027921e-05
0.004184184184184184  0.005466828160820395  0.005556236893228533  8.940873240813763e-05
0.004194194194194194  0.001593893072306811  0.001672692557469519  7.879948516270802e-05
0.004204204204204204  -0.00224869763308389  -0.002182294539555269  6.640309352862151e-05
0.004214214214214214  -0.006060335952468769  -0.006007504659537703  5.283129293106627e-05
0.004224224224224224  -0.009840418780464022  -0.009801661001351774  3.875777911224731e-05
0.004234234234234234  -0.01358834800463437  -0.0135634608056171  2.488719901726742e-05
0.004244244244244244  -0.01730353060011692  -0.01729160853634351  1.192206377341118e-05
0.004254254254254254  -0.02098537872346432  -0.02098484958539075  5.291380735655826e-07
0.004264264264264264  -0.02463330980563453  -0.02464200287750774  -8.693071873209363e-06
0.004274274274274274  -0.02824674664420202  -0.02826199076956745  -1.524412536542397e-05
0.004284284284284284  -0.03182511749466261  -0.03184386472474976  -1.874723008715024e-05
0.004294294294294294  -0.03536785616090234  -0.03538682541848993  -1.896925758759077e-05
0.004304304304304304  -0.03887440208478954  -0.03889023616970338  -1.583408491384608e-05
0.004314314314314314  -0.04234420043487608  -0.04235362890178238  -9.428466906304112e-06
0.004324324324324324  -0.04577670219416861  -0.04577670219425471  -8.61047344535848e-14
0.004334334334334334  -0.04917136424701538  -0.04915931136640721  1.205288060817516e-05
0.004344344344344344  -0.05252764946503186  -0.05250145094389575  2.619852113611154e-05
0.004354354354354354  -0.05584502679208821  -0.05580323024989625  4.179654219196166e-05
0.004364364364364364  -0.05912297132834769  -0.05906484322549119  5.81281028565056e-05
0.004374374374374375  -0.06236096441330809  -0.06228653391455666  7.443049875142244e-05
0.004384384384384384  -0.06555849370786813  -0.06546855928489925  8.993442296888199e-05
0.004394394394394394  -0.06871505327539819  -0.06861115125175653  0.000103902023641661
0.004404404404404405  -0.07183014366179624  -0.0717144798285118  0.0001156638332844434
0.004414414414414414  -0.07490327197450883  -0.07477861932430371  0.0001246526502051148
0.004424424424424424  -0.07793395196050931  -0.0778035193814415  0.0001304325790678074
0.004434434434434435  -0.08092170408326452  -0.08078898242692767  0.0001327216563368483
0.004444444444444444  -0.08386605559858232  -0.08373464880787358  0.0001314067907087352
0.004454454454454454  -0.08676654062942614  -0.08663999049473761  0.0001265501346885273
0.004464464464464465  -0.08962270023963016  -0.08950431380106957  0.0001183864385605887
0.004474474474474474  -0.09243408250651104  -0.09232677109419632  0.0001073114123147229
0.004484484484484484  -0.09520024259237214  -0.09510638099300166  9.386159937048444e-05
0.004494494494494495  -0.09792074281489054  -0.09784205608650538  7.868672838515223e-05
0.004504504504504504  -0.1005951527163762  -0.1005326367805257  6.251593585053505e-05
0.004514514514514514  -0.1032230491318726  -0.1031769295351906  4.611959668197885e-05
0.004524524524524525  -0.1058040162561189  -0.1057737474855562  3.026877056269694e-05
0.004534534534534534  -0.1083376457093387  -0.1083219512780223  1.56944313164098e-05
0.004544544544544544  -0.110823536601858  -0.1108204879167128  3.048685145209951e-06
0.004554554554554555  -0.1132612955975362  -0.1132684254836007  -7.129886064466406e-06
0.004564564564564564  -0.115650536976002  -0.1156649818033576  -1.444482735560304e-05
0.004574574574574574  -0.117990882693685  -0.1180095454206828  -1.866272699775628e-05
0.004584584584584585  -0.1202819624436335  -0.1203016876749415  -1.972523130801263e-05
0.004594594594594595  -0.1225234137141045  -0.1225411651223925  -1.775140828795541e-05
0.004604604604604604  -0.1247148818459254  -0.1247279120977266  -1.303025180117434e-05
0.004614614614614615  -0.126856020088609  -0.1268620237425177  -6.003653908737139e-06
0.004624624624624625  -0.1289464896552189  -0.1289437303817095  2.759273509428395e-06
0.004634634634634634  -0.1309859597759752  -0.1309733646080725  1.259516790275139e-05
0.004644644644644645  -0.1329741077505913  -0.1329513228790393  2.278487155199516e-05
0.004654654654654655  -0.1349106189993326  -0.1348780237474171  3.259525191548485e-05
0.004664664664664664  -0.1367951871127929  -0.1367538650703927  4.132204240017701e-05
0.004674674674674675  -0.1386275139003763  -0.1385791826164233  4.833128395301256e-05
0.004684684684684685  -0.140407309437477  -0.140354212446188  5.309699128897005e-05
0.004694694694694694  -0.1421342921113568  -0.1420790592401118  5.523287124503673e-05
0.004704704704704705  -0.1438081886657008  -0.1437536724403257  5.451622537513967e-05
0.004714714714714715  -0.1454287342438553  -0.1453778316370938  5.090260676146596e-05
0.004724724724724724  -0.1469956724307349  -0.1469511421157733  4.453031496165494e-05
0.004734734734734735  -0.1485087552933942  -0.1484730409130201  3.571438037411334e-05
0.004744744744744745  -0.1499677434202575  -0.1499428131202858  2.493029997172047e-05
0.004754754754754754  -0.1513724059590012  -0.1513596175906018  1.278836839943565e-05
0.004764764764764765  -0.1527225206530788  -0.1527225206531632  -8.434919429589627e-14
0.004774774774774775  -0.1540178738768897  -0.1540305359693709  -1.266209248115824e-05
0.004784784784784784  -0.1552582606695799  -0.1552826682973742  -2.440762779434835e-05
0.004794794794794795  -0.1564434847674729  -0.1564779586902562  -3.447392278327355e-05
0.004804804804804805  -0.1575733586351225  -0.1576155285568911  -4.216992176855894e-05
0.004814814814814814  -0.1586477034949876  -0.1586946200594463  -4.691656445873771e-05
0.004824824824824825  -0.1596663493557194  -0.1597146305256827  -4.82811699632768e-05
0.004834834834834835  -0.1606291350390574  -0.1606751388807871  -4.600384172973038e-05
0.004844844844844844  -0.1615359082053341  -0.1615759225563727  -4.001435103861972e-05
0.004854854854854855  -0.1623865253775776  -0.1624169638809717  -3.043850339404242e-05
0.004864864864864865  -0.1631808519642147  -0.163198445550978  -1.759358676334255e-05
0.004874874874874875  -0.1639187622803668  -0.1639207354136886  -1.973133321758747e-06
0.004884884884884885  -0.1646001395677363  -0.1645843614111689  1.577815656736425e-05
0.004894894894894895  -0.1652248760130812  -0.1651899780899133  3.489792316788143e-05
0.004904904904904905  -0.1657928727652742  -0.1657383265810846  5.454618418956891e-05
0.004914914914914915  -0.1663040399509439  -0.1662301903126357  7.384963830822655e-05
0.004924924924924925  -0.1667582966886948  -0.1666663489702077  9.194771848713978e-05
0.004934934934934935  -0.1671555711019057  -0.1670475333045895  0.0001080377973162183
0.004944944944944945  -0.1674958003301019  -0.1673743833329102  0.0001214169971917034
0.004954954954954955  -0.1677789305389017  -0.1676474122632201  0.0001315182756815581
0.004964964964964965  -0.1680049169285353  -0.1678669781417378  0.0001379387867974646
0.004974974974974975  -0.1681737237409323  -0.168033264742972  0.0001404589979603355
0.004984984984984985  -0.1682853242653807  -0.1681462726965436  0.0001390515688371174
0.004994994994994995  -0.1683397008427527  -0.1682058212282735  0.0001338796144791654
0.005005005005005005  -0.1683368420095157  -0.1682115602901884  0.0001252817193273525
0.005015015015015015  -0.1682767482180831  -0.1681629922371615  0.0001137559809216149
0.005025025025025025  -0.1681594318366302  -0.1680595016846796  9.993015195056132e-05
0.005035035035035035  -0.1679849114286898  -0.167900391708772  8.451971991782492e-05
0.005045045045045045  -0.1677532146090214  -0.1676849242196489  6.829038937247733e-05
0.005055055055055055  -0.1674643780392418  -0.167412362123711  5.201591553077867e-05
0.005065065065065065  -0.1671184474220236  -0.1670820108306191  3.643659140453726e-05
0.005075075075075075  -0.1667154774938641  -0.1666932567420354  2.222075182867211e-05
0.005085085085085085  -0.1662555320164247  -0.1662456005801017  9.931436323051823e-06
0.005095095095095095  -0.1657386837664412  -0.165738683766639  -1.97758476261356e-13
0.005105105105105105  -0.1651650145242086  -0.1651723065059311  -7.29198172250145e-06
0.005115115115115115  -0.164534615060642  -0.1645464367520085  -1.182169136654254e-05
0.005125125125125125  -0.1638475851229131  -0.1638612097997568  -1.362467684370983e-05
0.005135135135135135  -0.1631040334186679  -0.1631169188006744  -1.288538200647227e-05
0.005145145145145145  -0.1623040775988261  -0.1623139970541046  -9.919455278534217e-06
0.005155155155155155  -0.1614478442389653  -0.1614529933765809  -5.149137615623189e-06
0.005165165165165165  -0.1605354688192933  -0.1605345422514082  9.265678851122505e-07
0.005175175175175175  -0.1595670957032116  -0.1595593307198215  7.764983390140534e-06
0.005185185185185185  -0.158542878114473  -0.1585280641196049  1.481399486816248e-05
0.005195195195195195  -0.1574629781129373  -0.1574414327811859  2.154533175144357e-05
0.005205205205205205  -0.1563275665689292  -0.1563000816722184  2.748489671083876e-05
0.005215215215215215  -0.1551368231362019  -0.1551045847306177  3.223840558419511e-05
0.005225225225225225  -0.1538909362235111  -0.1538554252823502  3.551094116094333e-05
0.005235235235235235  -0.1525901029648031  -0.1525529835123239  3.711945247916737e-05
0.005245245245245245  -0.1512345291880235  -0.1511975314787023  3.699770932119595e-05
0.005255255255255255  -0.149824429382549  -0.1497892356716044  3.519371094462542e-05
0.005265265265265265  -0.1483600266652504  -0.1483281666310158  3.186003423458206e-05
0.005275275275275275  -0.1468415527451883  -0.1468143147074129  2.723803777543443e-05
0.005285285285285285  -0.1452692478869506  -0.1452476106817865  2.16372051641267e-05
0.005295295295295295  -0.1436433608726373  -0.1436279496936653  1.54111789720246e-05
0.005305305305305305  -0.1419641489624956  -0.1419552167617374  8.932200758177133e-06
0.005315315315315315  -0.1402318778542135  -0.1402293121416341  2.565712579449819e-06
0.005325325325325325  -0.1384468216408807  -0.1384501748323427  -3.353191462024396e-06
0.005335335335335335  -0.1366092627676192  -0.1366178027311004  -8.53996348115782e-06
0.005345345345345345  -0.1347194919868937  -0.1347322682121403  -1.277622524656352e-05
0.005355355355355355  -0.132777808312504  -0.1327937282547346  -1.591994223065774e-05
0.005365365365365365  -0.1307845189722765  -0.1308024286532154  -1.790968093887124e-05
0.005375375375375375  -0.1287399393594496  -0.1287587022560391  -1.876289658950259e-05
0.005385385385385385  -0.1266443929827723  -0.126662961607407  -1.85686246346739e-05
0.005395395395395395  -0.1244982114153145  -0.124515686731667  -1.74753163524749e-05
0.005405405405405406  -0.1223017342420046  -0.1223174091304569  -1.567488845226339e-05
0.005415415415415415  -0.1200553090058974  -0.1200686932962456  -1.338429034816735e-05
0.005425425425425425  -0.1177592911531835  -0.1177701171871996  -1.082603401611482e-05
0.005435435435435436  -0.1154140439769479  -0.1154222531486521  -8.209171704215423e-06
0.005445445445445445  -0.1130199385596886  -0.1130256507007483  -5.712141059738274e-06
0.005455455455455455  -0.1105773537145996  -0.1105808224442174  -3.46872961774769e-06
0.005465465465465466  -0.1080866759256333  -0.1080882340881249  -1.558162491616111e-06
0.005475475475475475  -0.105548299286349  -0.1055482992862316  1.173783292784947e-13
0.005485485485485485  -0.1029626254375557  -0.1029613796040898  1.2458334659321e-06
0.005495495495495496  -0.1003300635037612  -0.1003277895579241  2.2739458371418e-06
0.005505505505505505  -0.09765103002844104  -0.09764780630104196  3.223727399082055e-06
0.005515515515515515  -0.09492594890812762  -0.09492168317831948  4.265729808147767e-06
0.005525525525525526  -0.09215525132533332  -0.09214966610468918  5.58522064414424e-06
0.005535535535535535  -0.08933937568033851  -0.08933201150373268  7.364176605823003e-06
0.005545545545545545  -0.08647876752181488  -0.08646900443245426  9.763089360625976e-06
0.005555555555555556  -0.08357387947632824  -0.08356097549633695  1.290397999129111e-05
0.005565565565565565  -0.08062517117672176  -0.08060831523756161  1.68559391601486e-05
0.005575575575575575  -0.07763310918939562  -0.07761148485903184  2.162433036377587e-05
0.005585585585585586  -0.07459816694047952  -0.07457102238664465  2.714455383487357e-05
0.005595595595595595  -0.07152082464091432  -0.07148754369884396  3.328094207036281e-05
0.005605605605605605  -0.06840156921049485  -0.06836173821127853  3.983099921632538e-05
0.005615615615615616  -0.0652408942007985  -0.06519435937094187  4.653482985662871e-05
0.005625625625625626  -0.06203929971710393  -0.06198621048592087  5.308923118306497e-05
0.005635635635635635  -0.05879729233926489  -0.0587381267596435  5.916557962138552e-05
0.005645645645645646  -0.0555153850415531  -0.05545095465671589  6.443038483720798e-05
0.005655655655655656  -0.05219409711148974  -0.0521255299511337  6.856716035604643e-05
0.005665665665665665  -0.04883395406767591  -0.0487626559064162  7.129816125971133e-05
0.005675675675675676  -0.04543548757665469  -0.04536308307007367  7.240450658101832e-05
0.005685685685685686  -0.04199923536877911  -0.04192749206313532  7.174330564378717e-05
0.005695695695695695  -0.03852574115312317  -0.03845648059636292  6.926055676025056e-05
0.005705705705705706  -0.03501555453146851  -0.03495055566655932  6.499886490918955e-05
0.005715715715715716  -0.03146923091132189  -0.03141013157760938  5.909933371250203e-05
0.005725725725725725  -0.02788733141805338  -0.02783553405287633  5.179736517705452e-05
0.005735735735735736  -0.02427042280610514  -0.02422701032632838  4.34124797767596e-05
0.005745745745745746  -0.02061907736931218  -0.02058474470680483  3.433266250735256e-05
0.005755755755755755  -0.01693387285034482  -0.01690887875084177  2.499409950305551e-05
0.005765765765765766  -0.01321539234931898  -0.01319953488712666  1.585746219232194e-05
0.005775775775775776  -0.009464224231503029  -0.009456842086460469  7.382145042559782e-06
0.005785785785785785  -0.005680962034242128  -0.005680962034330187  -8.805976781101066e-14
0.005795795795795796  -0.001866204373036074  -0.001872114209665026  -5.909836628951786e-06
0.005805805805805806  0.001979445153164047  0.001969401674158438  -1.004347900560856e-05
0.005815815815815815  0.005855378057485521  0.005843187268694243  -1.219078879127842e-05
0.005825825825825826  0.009760981061384455  0.009748732392306527  -1.22486690779279e-05
0.005835835835835836  0.01369563619170422  0.01368540788848999  -1.022830321423425e-05
0.005845845845845845  0.01765872087845775  0.0176524650399387  -6.255838519046014e-06
0.005855855855855856  0.02164960805329931  0.02164904162848366  -5.664248156518614e-07
0.005865865865865866  0.025667666248792  0.02567417434701003  6.50809821803322e-06
0.005875875875875875  0.0297122596982961  0.02972681687027218  1.455717197608106e-05
0.005885885885885886  0.03378274843655445  0.03380586256027691  2.311412372246746e-05
0.005895895895895896  0.03787848840098262  0.03791017049600347  3.168209502085739e-05
0.005905905905905906  0.04199883153354457  0.0420385933193529  3.976178580833434e-05
0.005915915915915916  0.0461431258833201  0.04619000528116771  4.687939784761563e-05
0.005925925925925926  0.05031071570964375  0.05036332885785716  5.261314821340679e-05
0.005935935935935936  0.05450094158585755  0.05455755840208395  5.661681622640136e-05
0.005945945945945946  0.05871314050366076  0.05877177946428825  5.863896062748702e-05
0.005955955955955956  0.0629466459780158  0.0630051826876499  5.85367096340994e-05
0.005965965965965966  0.06720078815259077  0.06725707150266734  5.628335007656915e-05
0.005975975975975976  0.0714748939057598  0.07152686321617567  5.196931041587249e-05
0.005985985985985986  0.07576828695710358  0.07581408348230556  4.579652520197985e-05
0.005995995995995996  0.08008028797440904  0.08011835453047227  3.806655606322651e-05
0.006006006006006006  0.08441021571460455  0.08443937788905669  2.916217445213254e-05
0.006016016016016016  0.08875738461051981  0.08877691265628888  1.952804576907385e-05
0.006026026026026026  0.09312110610425245  0.09313075062646463  9.644522212179374e-06
0.006036036036036036  0.09750068973514403  0.097500689734926  -2.180339242485729e-13
0.006046046046046046  0.1018954425327051  0.1018865073835791  -8.935149126046427e-06
0.006056056056056056  0.1063046691262696  0.1062879351738067  -1.673395246289122e-05
0.006066066066066066  0.1107276718550076  0.1107046364889992  -2.303536600845035e-05
0.006076076076076076  0.1151637508783183  0.1151361881638727  -2.756271444555314e-05
0.006086086086086086  0.1196122042865621  0.1195820672299027  -3.013705665942668e-05
0.006096096096096096  0.1240723282120918  0.1240416434055725  -3.06848065192572e-05
0.006106106106106106  0.1285434169406482  0.1285141776567907  -2.923928385747954e-05
0.006116116116116116  0.1330247630229764  0.132998826789339  -2.593623363739139e-05
0.006126126126126126  0.1375156573867783  0.137494653680938  -2.100370584026678e-05
0.006136136136136136  0.1420153894488762  0.1420006424445392  -1.474700433695686e-05
0.006146146146146146  0.1465232472276385  0.1465157175349865  -7.529692652025188e-06
0.006156156156156156  0.1510385174556034  0.1510387656080111  2.481524077335706e-07
0.006166166166166166  0.1555604856923019  0.1555686587974001  8.173105098208122e-06
0.006176176176176176  0.1600884364372891  0.1601042780396522  1.584160236306476e-05
0.006186186186186186  0.1646216532432945  0.1646445350934646  2.28818501700756e-05
0.006196196196196196  0.1691594188295475  0.1691883920215314  2.897319198394421e-05
0.006206206206206206  0.1737010151951967  0.1737348770824843  3.386188728757289e-05
0.006216216216216216  0.1782457237328607  0.1782830962224899  3.737248962923378e-05
0.006226226226226226  0.182792825342228  0.1828322396389578  3.941429672982277e-05
0.006236236236236236  0.1873416005437459  0.1873815831984373  3.998265469137841e-05
0.006246246246246246  0.1918913295923174  0.1919304848007623  3.915520844491316e-05
0.006256256256256256  0.1964412925910516  0.1964783760846924  3.708349364084373e-05
0.006266266266266266  0.200990769604969  0.2010247501298961  3.398052492706305e-05
0.006276276276276276  0.2055390407746942  0.2055691460382783  3.010526358407373e-05
0.006286286286286286  0.2100853864300763  0.2101111314264606  2.574499638430261e-05
0.006296296296296296  0.2146290872037771  0.2146502839641506  2.119676037354301e-05
0.006306306306306306  0.2191694241446605  0.2191861731067281  1.674896206760312e-05
0.006316316316316316  0.2237056788311166  0.2237183431201551  1.266428903851091e-05
0.006326326326326326  0.2282371334841594  0.2282462983887648  9.16490460539654e-06
0.006336336336336336  0.2327630710803474  0.2327694918130381  6.420732690665121e-06
0.006346346346346346  0.2372827754644276  0.2372873168988804  4.541434452803861e-06
0.006356356356356356  0.241795531461718  0.2417991038867445  3.57242502652122e-06
0.006366366366366366  0.2463006249901137  0.2463041200139623  3.495023848554268e-06
0.006376376376376376  0.2507973431717347  0.2508015737460908  4.230574356112182e-06
0.006386386386386386  0.2552849744441175  0.2552906225722856  5.648128168056488e-06
0.006396396396396396  0.2597628086708856  0.2597703837611529  7.575090267331053e-06
0.006406406406406407  0.2642301372518613  0.2642399473043303  9.810052469028108e-06
0.006416416416416416  0.2686862532324843  0.2686983901771346  1.213694465035386e-05
0.006426426426426426  0.2731304514125052  0.273144790984934  1.433957242880091e-05
0.006436436436436437  0.2775620284538122  0.277578244084469  1.621563065679066e-05
0.006446446446446446  0.2819802829872675  0.2819978723244124  1.758933714485211e-05
0.006456456456456456  0.2863845157184646  0.2864028376758199  1.832195735529396e-05
0.006466466466466467  0.2907740295322349  0.2907923491708122  1.831963857729102e-05
0.006476476476476476  0.2951481295957102  0.2951656677658899  1.753817017968728e-05
0.006486486486486486  0.2995061234597755  0.2995221079426953  1.598448291978416e-05
0.006496496496496497  0.3038473211587124  0.303861036073697  1.371491498464161e-05
0.006506506506506506  0.308171035307735  0.3081818657799028  1.083047216776656e-05
0.006516516516516516  0.3124765811982011  0.3124840506802783  7.469482077249179e-06
0.006526526526526527  0.3167632768901101  0.3167670750873078  3.798197197701914e-06
0.006536536536536536  0.3210304433016224  0.32103044330168  5.762057497804562e-14
0.006546546546546546  0.3252774042951366  0.3252736682242698  -3.736070866733332e-06
0.006556556556556557  0.3295034867594816  0.3294962600178802  -7.22674160141823e-06
0.006566566566566566  0.3337080206877606  0.3336977155125081  -1.030517525252295e-05
0.006576576576576576  0.3378903392502389  0.3378775089830022  -1.283026723669645e-05
0.006586586586586587  0.3420497788617097  0.342035084809131  -1.469405257870093e-05
0.006596596596596596  0.3461856792425712  0.3461698523903809  -1.582685219031488e-05
0.006606606606606606  0.3502973834729297  0.3502811835373169  -1.619993561285948e-05
0.006616616616616617  0.3543842380388263  0.3543684123934806  -1.582564534569064e-05
0.006626626626626626  0.3584455928696801  0.3584308377825048  -1.475508717524443e-05
0.006636636636636636  0.36248080136593  0.3624677277332997  -1.307363263031158e-05
0.006646646646646647  0.3664892204158057  0.3664783258088143  -1.089460699138511e-05
0.006656656656656657  0.3704702103999626  0.3704618587726901  -8.35162727252925e-06
0.006666666666666666  0.3744231351827517  0.3744175450634733  -5.590119278420236e-06
0.006676676676676677  0.3783473620887325  0.3783446035272153  -2.758561517157698e-06
0.006686686686686687  0.3822422618629439  0.3822422618629564  1.249000902703301e-14
0.006696696696696696  0.3861072086133857  0.3861097642883254  2.555674939730412e-06
0.006706706706706707  0.3899415797340926  0.3899463779977126  4.798263619987253e-06
0.006716716716716717  0.3937447558070776  0.3937513980869776  6.642279900048731e-06
0.006726726726726726  0.3975161204814629  0.3975241507265188  8.030245055912211e-06
0.006736736736736737  0.4012550603279141  0.4012639944850213  8.934157107176599e-06
0.006746746746746747  0.4049609646667233  0.4049703198226631  9.355155939749782e-06
0.006756756756756756  0.4086332253676891  0.4086425468807391  9.321513049997954e-06
0.006766766766766767  0.4122712366201342  0.4122801217939688  8.885173834627391e-06
0.006776776776776777  0.4158743946714363  0.415882511820478  8.11714904169758e-06
0.006786786786786786  0.419442097532665  0.4194491996402798  7.102107614842534e-06
0.006796796796796797  0.422973744650054  0.4229796771967289  5.93254667491383e-06
0.006806806806806807  0.4264687365413488  0.4264734394545029  4.70291315407545e-06
0.006816816816816816  0.4299264743964048  0.429929978429211  3.504032806189716e-06
0.006826826826826827  0.4333463596418577  0.4333487777921016  2.418150243932438e-06
0.006836836836836837  0.436727793470152  0.4367293082997207  1.514829568727283e-06
0.006846846846846846  0.4400701763339271  0.4400710242258089  8.478918818166647e-07
0.006856856856856857  0.4433729074073373  0.4433733608930568  4.5348571947601e-07
0.006866866866866867  0.4466353840168403  0.4466357333309573  3.493141170207714e-07
0.006876876876876876  0.4498570010448817  0.4498575360093645  5.349644827679079e-07
0.006886886886886887  0.4530371503109335  0.4530381435420492  9.932311156868323e-07
0.006896896896896897  0.4561752199355688  0.4561769122005271  1.692264958275125e-06
0.006906906906906906  0.4592705936945903  0.4592731820475644  2.588352974119967e-06
0.006916916916916917  0.4623226503715152  0.4623262794829089  3.629111393732565e-06
0.006926926926926927  0.4653307631183577  0.465335519995259  4.75687690126847e-06
0.006936936936936937  0.4682942988361837  0.4683002109173595  5.912081175785122e-06
0.006946946946946947  0.4712126175885732  0.4712196540228571  7.036434283902437e-06
0.006956956956956957  0.4740850720628152  0.4740931478186204  8.075755805247997e-06
0.006966966966966967  0.4769110070953804  0.4769199894488076  8.982353427222645e-06
0.006976976976976977  0.4796897592798379  0.4796994761440199  9.716864181941176e-06
0.006986986986986987  0.4824206566769387  0.4824309062130827  1.024953614398028e-05
0.006996996996996997  0.4851030186480495  0.48511357959875  1.05609507004556e-05
0.007007007007007007  0.4877361523431616  0.4877467980514544  1.064570829284461e-05
0.007017017017017017  0.4903193617058972  0.4903298650049248  1.050329902757552e-05
0.007027027027027027  0.4928519420457613  0.4928620852434273  1.014319766601268e-05
0.007037037037037037  0.495333179522066  0.4953427644663673  9.584944301310738e-06
0.007047047047047047  0.4977623534156094  0.4977712088468649  8.855431255450075e-06
0.007057057057057057  0.5001387371867086  0.5001467246804059  7.987493697236836e-06
0.007067067067067067  0.5024615998150344  0.502468618203563  7.018388528678976e-06
0.007077077077077077  0.5047302074386927  0.5047361956550285  5.988216335794938e-06
0.007087087087087087  0.5069438253064653  0.5069487636291975  4.938322732184197e-06
0.007097097097097097  0.509101720052619  0.5091056297652601  3.90971264108142e-06
0.007107107107107107  0.5112031622982977  0.5112061038000485  2.941501750841624e-06
0.007117117117117117  0.5132474295771908  0.5132494990068638  2.069429672957313e-06
0.007127127127127127  0.5152338095760569  0.5152351340333844  1.324457327478434e-06
0.007137137137137137  0.5171616036727232  0.5171623351524586  7.314797353386027e-07
0.007147147147147147  0.5190301307457916  0.5190304389338593  3.08188067621451e-07
0.007157157157157157  0.5208387312213457  0.5208387953489839  6.412763819962919e-08
0.007167167167167167  0.5225867713129871  0.5225867713127741  -2.130517984255675e-13
0.007177177177177177  0.5242736474026891  0.5242737546675215  1.07264832349685e-07
0.007187187187187187  0.5258987905015887  0.5258991585957969  3.680942082251448e-07
0.007197197197197197  0.5274616707223511  0.5274624264517668  7.557294157134464e-07
0.007207207207207207  0.5289618016884075  0.5289630369610454  1.235272637956086e-06
0.007217217217217217  0.5303987448006264  0.5304005097351333  1.764934506875981e-06
0.007227227227227227  0.5317721132791285  0.5317744110071343  2.297728005751232e-06
0.007237237237237237  0.5330815758971962  0.5330843594689709  2.783571774744864e-06
0.007247247247247247  0.534326860325902  0.534330032061617  3.171735714957435e-06
0.007257257257257257  0.5355077560121615  0.5355111695448853  3.41353272381717e-06
0.007267267267267267  0.5366241165195018  0.536627581640757  3.465121255152859e-06
0.007277277277277277  0.5376758612697664  0.5376791515427768  3.290273010381206e-06
0.007287287287287287  0.5386629766350983  0.5386658395703828  2.862935284508872e-06
0.007297297297297297  0.5395855163424802  0.5395876857576847  2.16941520447822e-06
0.007307307307307307  0.540443601167432  0.5404448111863522  1.210018920283495e-06
0.007317317317317317  0.5412374179087617  0.5412374179087091  -5.262457136723242e-14
0.007327327327327327  0.5419672176518964  0.5419657873514458  -1.430300450522282e-06
0.007337337337337337  0.5426333133438028  0.542630277150329  -3.036193473859861e-06
0.007347347347347347  0.5432360767172155  0.5432313164330713  -4.76028414420071e-06
0.007357357357357357  0.5437759346153834  0.5437693996394365  -6.534975946936861e-06
0.007367367367367367  0.5442533647803425  0.5442450790335123  -8.285746830205554e-06
0.007377377377377377  0.5446688911774512  0.5446589561433894  -9.935034061769876e-06
0.007387387387387387  0.545023078936382  0.5450116724055718  -1.140653081022069e-05
0.007397397397397397  0.5453165289937605  0.5453038993531012  -1.262964065928962e-05
0.007407407407407407  0.5455498725251712  0.5455363287022259  -1.354382294527223e-05
0.007417417417417417  0.545723765254386  0.5457096627116064  -1.410254277967038e-05
0.007427427427427427  0.5458388817255927  0.5458246051706015  -1.42765549911994e-05
0.007437437437437438  0.5458959096203111  0.5458818533421926  -1.405627811845722e-05
0.007447447447447447  0.5458955441949591  0.5458820911326495  -1.345306230959853e-05
0.007457457457457457  0.545838482907927  0.5458259836919325  -1.249921599455472e-05
0.007467467467467468  0.5457254202969436  0.5457141735617856  -1.124673515795482e-05
0.007477477477477477  0.5455570431588069  0.545547278399948  -9.764758858943345e-06
0.007487487487487487  0.5453340260745271  0.5453258902128172  -8.135861709890335e-06
0.007497497497497498  0.5450570273138905  0.5450505759388553  -6.451375035188001e-06
0.007507507507507507  0.544726685144685  0.5447218791443978  -4.806000287183032e-06
0.007517517517517517  0.54434361456348  0.5443403225272081  -3.292036271917986e-06
0.007527527527527528  0.5439084044571832  0.5439064108773802  -1.993579803016843e-06
0.007537537537537537  0.5434216151976133  0.5434206341247634  -9.810728499592969e-07
0.007547547547547547  0.5428837766651874  0.5428834701028875  -3.065622998787987e-07
0.007557557557557558  0.5422953866925305  0.5422953866926109  8.038014698286133e-14
0.007567567567567567  0.5416569099143269  0.5416568430547305  -6.685959641483663e-08
0.007577577577577577  0.5409687770061052  0.5409682897458733  -4.872602319405672e-07
0.007587587587587588  0.5402313842917528  0.5402301675900415  -1.216701711270751e-06
0.007597597597597597  0.5394450936973406  0.5394429052911797  -2.188406160952283e-06
0.007607607607607607  0.5386102330272995  0.5386069158664185  -3.317160880977887e-06
0.007617617617617618  0.5377270965379249  0.5377225920867545  -4.504451170395107e-06
0.007627627627627627  0.5367959457826281  0.5367903011986013  -5.644584026853749e-06
0.007637637637637637  0.5358170107031328  0.5358103792724255  -6.631430707337849e-06
0.007647647647647648  0.5347904909409793  0.5347831255764786  -7.36536450074432e-06
0.007657657657657658  0.533716557343986  0.5337087973940361  -7.759949949948108e-06
0.007667667667667667  0.5325953536429628  0.5325876056975268  -7.747945436009651e-06
0.007677677677677678  0.5314269982745478  0.5314197120610585  -7.286213489221538e-06
0.007687687687687688  0.5302115863269254  0.5302052271260667  -6.359200858785385e-06
0.007697697697697697  0.528949191586004  0.5289442108523258  -4.980733678161542e-06
0.007707707707707708  0.5276398686604943  0.5276366746812294  -3.193979264848323e-06
0.007717717717717718  0.5262836551653571  0.5262825856234979  -1.069541859188838e-06
0.007727727727727727  0.5248805739439605  0.5248818721610605  1.298217100043075e-06
0.007737737737737738  0.5234306353103099  0.5234344317400627  3.796429752789265e-06
0.007747747747747748  0.5219338392936872  0.5219401395265606  6.300232873401868e-06
0.007757757757757757  0.5203901778690255  0.5203988580104207  8.680141395212004e-06
0.007767767767767768  0.5187996371573984  0.5188104469854252  1.080982802681429e-05
0.007777777777777778  0.5171621995820179  0.5171747733981208  1.257381610286767e-05
0.007787787787787787  0.515477845966244  0.515491720565833  1.387459958901438e-05
0.007797797797797798  0.5137465575611959  0.5137611962914406  1.463873024465379e-05
0.007807807807807808  0.5119683179917127  0.5119831394683954  1.4821476682636e-05
0.007817817817817818  0.5101431151105748  0.5101575248604336  1.440974985889021e-05
0.007827827827827828  0.5082709427521429  0.5082843658498362  1.342309769325478e-05
0.007837837837837838  0.5063518023777819  0.5063637150735105  1.191269572864417e-05
0.007847847847847847  0.5043857046067292  0.5043956629970957  9.958390366548997e-06
0.007857857857857857  0.5023726706273293  0.5023803346007847  7.663973455418471e-06
0.007867867867867868  0.5003127334848835  0.5003178844737678  5.150988884317087e-06
0.007877877877877878  0.4982059392436065  0.4982084907035201  2.551459913624488e-06
0.007887887887887888  0.4960523480214528  0.4960523480215721  1.192934639959731e-13
0.007897897897897898  0.4938520348978365  0.4938496607103949  -2.374187441589459e-06
0.007907907907907907  0.4916050906953946  0.4916006357799582  -4.454915436380436e-06
0.007917917917917917  0.4893116226381076  0.4893054768999758  -6.145738131846379e-06
0.007927927927927928  0.4869717548891013  0.486964379517476  -7.375371625317761e-06
0.007937937937937938  0.4845856289724101  0.4845775275017708  -8.1014706392879e-06
0.007947947947947948  0.4821534040838492  0.4821450915526905  -8.312531158682912e-06
0.007957957957957958  0.4796752572968558  0.4796672294844262  -8.027812429589609e-06
0.007967967967967967  0.4771513836698124  0.4771440883682501  -7.29530156229341e-06
0.007977977977977977  0.4745819962618577  0.474575808386334  -6.187875523755437e-06
0.007987987987987989  0.4719673260645893  0.4719625281364055  -4.79792818380842e-06
0.007997997997997998  0.4693076218573173  0.4693043910194933  -3.230837823997579e-06
0.008008008008008008  0.4666031464383831  0.4666015522754968  -1.594162886253692e-06
0.008018018018018018  0.463854186182042  0.4638541861820934  5.140332604014475e-14
0.008028028028028027  0.461061042614507  0.4610624929200555  1.45030554848935e-06
0.008038038038038037  0.4582240329677522  0.4582267046328238  2.671665071563023e-06
0.008048048048048049  0.4553434906633874  0.4553470902584448  3.59959505741303e-06
0.008058058058058058  0.4524197648711002  0.4524239587967928  4.193925692619338e-06
0.008068068068068068  0.4494532200427545  0.4494576607804417  4.44073768718356e-06
0.008078078078078078  0.4464442354284086  0.4464485878357047  4.352407296071004e-06
0.008088088088088087  0.4433932045799728  0.4433971703545207  3.965774547920464e-06
0.008098098098098097  0.4403005348477448  0.4403038734232418  3.338575497058294e-06
0.008108108108108109  0.4371666468745163  0.4371691912704204  2.544395904136021e-06
0.008118118118118118  0.4339919740914808  0.4339936406051245  1.666513643638901e-06
0.008128128128128128  0.4307769622195607  0.4307777532804713  7.910609106098754e-07
0.008138138138138138  0.4275220687793205  0.4275220687794589  1.383893000195258e-13
0.008148148148148147  0.4242277626121294  0.4242271270196223  -6.355925071255264e-07
0.008158158158158157  0.4208945234147305  0.420893461965124  -1.061449606487574e-06
0.008168168168168169  0.4175228412889878  0.4175215964711333  -1.244817854462177e-06
0.008178178178178178  0.4141132163081241  0.4141120387140489  -1.177594075141286e-06
0.008188188188188188  0.4106661581004217  0.4106652804454046  -8.776550170508379e-07
0.008198198198198198  0.4071821854510114  0.4071817971923242  -3.882586872561156e-07
0.008208208208208207  0.4036618259220606  0.4036620503899122  2.244678515284093e-07
0.008218218218218219  0.4001056154914263  0.4001064913034301  8.75812003808818e-07
0.008228228228228229  0.3965140982096343  0.3965155664715025  1.468261868198262e-06
0.008238238238238238  0.3928878258747793  0.3928897242982548  1.898423475532596e-06
0.008248248248248248  0.3892273577248666  0.3892294223366635  2.06461179691475e-06
0.008258258258258258  0.3855332601469286  0.3855351347571603  1.874610231711316e-06
0.008268268268268267  0.3818061064021858  0.3818073594710976  1.253068911744037e-06
0.008278278278278279  0.3780464763664014  0.3780466243985385  1.480321371594151e-07
0.008288288288288289  0.3742549562846077  0.3742534924121403  -1.463872467355465e-06
0.008298298298298298  0.3704321385392101  0.3704285645806845  -3.573958525571186e-06
0.008308308308308308  0.3665786214306366  0.3665724814255776  -6.140005058941078e-06
0.008318318318318318  0.3626950089695347  0.3626859220439312  -9.08692560352975e-06
0.008328328328328327  0.3587819106796707  0.3587696010816409  -1.2309598029836e-05
0.008338338338338339  0.354839941410559  0.3548242636746518  -1.567773590727128e-05
0.008348348348348349  0.3508697211590464  0.3508506786189803  -1.90425400661276e-05
0.008358358358358358  0.3468718748989547  0.3468496301410733  -2.224475788137337e-05
0.008368368368368368  0.342847032418067  0.3428219087367909  -2.512368127610687e-05
0.008378378378378378  0.3387958281616626  0.3387683016151252  -2.752654653742637e-05
0.008388388388388388  0.3347189010819634  0.3346895833163897  -2.93177655736887e-05
0.008398398398398399  0.3306168944928036  0.3305865070692355  -3.03874235680901e-05
0.008408408408408409  0.3264904559289523  0.3264597974221251  -3.065850682720805e-05
0.008418418418418418  0.3223402370095821  0.3223101446009517  -3.009240863038887e-05
0.008428428428428428  0.3181668933052975  0.318138200961387  -2.869234391050801e-05
0.008438438438438438  0.313971084208364  0.3139445797645793  -2.650444378471395e-05
0.008448448448448448  0.3097534728056562  0.3097298563810026  -2.361642465353864e-05
0.008458458458458459  0.3055147257540047  0.3054945718737606  -2.015388024412257e-05
0.008468468468468469  0.3012555131575773  0.3012392387733704  -1.627438420687133e-05
0.008478478478478478  0.296976508447013  0.2969643487201844  -1.215972682860889e-05
0.008488488488488488  0.2926783882600568  0.2926703815442016  -8.006715855268798e-06
0.008498498498498498  0.2883618323234215  0.2883578152553796  -4.01706804187274e-06
0.008508508508508508  0.2840275233357172  0.2840271363698021  -3.869659150335103e-07
0.008518518518518519  0.2796761468512429  0.2796788499719807  2.703120737801434e-06
0.008528528528528529  0.2753083911644942  0.2753134889301673  5.097765673089949e-06
0.008538538538538538  0.270924947195239  0.2709316217303522  6.674535113215807e-06
0.008548548548548548  0.2665265083740564  0.2665338584782089  7.350104152537007e-06
0.008558558558558558  0.26211377052822  0.2621208547280072  7.084199787177337e-06
0.008568568568568568  0.2576874317678595  0.2576933129273903  5.881159530762847e-06
0.008578578578578579  0.2532481923723184  0.2532519814051341  3.789032815726401e-06
0.008588588588588589  0.248796754676651  0.2487976509848768  8.963082258062194e-07
0.008598598598598598  0.2443338229582011  0.2443311494325986  -2.673525602542304e-06
0.008608608608608608  0.2398601033232125  0.2398533340916101  -6.769231602421488e-06
0.008618618618618618  0.2353763035934715  0.2353650831445712  -1.12204489003398e-05
0.008628628628628628  0.2308831331929103  0.2308672860365435  -1.58471563667939e-05
0.008638638638638639  0.2263813030342012  0.2263608336253456  -2.046940885561122e-05
0.008648648648648649  0.2218715254052722  0.2218466086421292  -2.49167631430347e-05
0.008658658658658658  0.2173545138557768  0.2173254770173237  -2.90368384531503e-05
0.008668668668668668  0.2128309830835075  0.2127982805637669  -3.270251974063498e-05
0.008678678678678678  0.2083016488207036  0.208265831425882  -3.581739482155788e-05
0.008688688688688688  0.2037672277203321  0.2037289085846864  -3.831913564572575e-05
0.008698698698698699  0.1992284372422682  0.1991882565731805  -4.018066908767493e-05
0.008708708708708709  0.1946859955394472  0.1946445864240462  -4.140911540098657e-05
0.008718718718718719  0.190140621343927  0.1900985787274181  -4.204261650891938e-05
0.008728728728728728  0.1855930338529476  0.1855508885401758  -4.214531277180189e-05
0.008738738738738738  0.1810439526149164  0.1810021517774856  -4.180083743082763e-05
0.008748748748748749  0.1764940974153969  0.1764529926235066  -4.110479189026184e-05
0.008758758758758759  0.1719441881630949  0.171904031439  -4.015672409493631e-05
0.008768768768768769  0.1673949447758117  0.1673558926126417  -3.905216316998916e-05
0.008778778778778779  0.1628470870664558  0.1628092118099431  -3.787525651269275e-05
0.008788788788788788  0.1583013346290588  0.1582646421225058  -3.669250655294332e-05
0.008798798798798798  0.153758406724861  0.1537228586879496  -3.554803691138697e-05
0.008808808808808809  0.1492190221684496  0.1491845614577131  -3.446071073651136e-05
0.008818818818818819  0.1446838992139632  0.1446504759152423  -3.342329872091376e-05
0.008828828828828829  0.1401537554414259  0.1401213516828938  -3.240375853208466e-05
0.008838838838838839  0.1356293076431714  0.1355979591010427  -3.13485421287174e-05
0.008848848848848848  0.1311112717103994  0.1310810839980634  -3.018771233598283e-05
0.008858858858858858  0.1266003625198805  0.1265715210014293  -2.884151845120031e-05
0.008868868868868869  0.1220972938208272  0.1220700658379233  -2.72279829039157e-05
0.008878878878878879  0.1176027781219488  0.1175775071532342  -2.527096871458856e-05
0.008888888888888889  0.1131175265786979  0.113094618415996  -2.290816270190954e-05
0.008898898898898899  0.1086422488807338  0.108622150488965  -2.009839176879413e-05
0.008908908908908908  0.1041776531396366  0.1041608254043306  -1.682773530597981e-05
0.008918918918918918  0.09972444577684285  0.0997113318259208  -1.311395092204459e-05
0.008928928928928929  0.09528333141187546  0.09527432257069306  -9.008841182406302e-06
0.008938938938938939  0.09085501275084824  0.09085041444152524  -4.5983093230062e-06
0.008948948948948949  0.08644019047526473  0.08644019047526658  1.845745778439323e-15
0.008958958958958959  0.0820395631311599  0.08204420455328135  4.64142212144858e-06
0.008968968968968968  0.07765382701857385  0.07766298816602375  9.161147449907037e-06
0.008978978978978978  0.07328367608136477  0.0732970589784596  1.33828970948352e-05
0.00898898898898899  0.06892980179740724  0.06894693070664629  1.712890923905031e-05
0.008998998998998999  0.064592893069191  0.06461312372764447  2.023065845346839e-05
0.009009009009009009  0.06027363776329604  0.06029617576364937  2.253800035332404e-05
0.009019019019019019  0.05597271796855863  0.0559966519644264  2.393399586777395e-05
0.009029029029029028  0.0516908140317397  0.0517151537204353  2.433968869559877e-05
0.009039039039039038  0.04742860346711434  0.04745232559521474  2.372212810040214e-05
0.00904904904904905  0.04318676067291841  0.04320885986439699  2.20991914785737e-05
0.009059059059059059  0.03896595682465412  0.03898549827290942  1.954144825529885e-05
0.009069069069069069  0.0347668597688866  0.03478303078565941  1.617101677280769e-05
0.009079079079079079  0.03059013391756605  0.03060229127552876  1.215735796271031e-05
0.009089089089089088  0.02643644014290364  0.02644415028227212  7.710139368479613e-06
0.009099099099099098  0.02230643567279678  0.02230950515410622  3.069481309441596e-06
0.00910910910910911  0.0182007739868557  0.01819926804985231  -1.505937003386942e-06
0.009119119119119119  0.01412010471299353  0.01411435242161605  -5.75229137747546e-06
0.009129129129129129  0.01006507352462974  0.01005565871316556  -9.414811464176359e-06
0.009139139139139139  0.006036322038551032  0.00602406006623681  -1.226197231422258e-05
0.009149149149149148  0.00203448771336836  0.002020388860265453  -1.409885310290704e-05
0.009159159159159158  -0.001939796251340195  -0.001954575121394478  -1.477887005428341e-05
0.00916916916916917  -0.005885901015218003  -0.005900114180861974  -1.421316564397066e-05
0.009179179179179179  -0.009803202196619296  -0.009815579241991362  -1.237704537206639e-05
0.009189189189189189  -0.01369107997141916  -0.01370039299467435  -9.313023255186348e-06
0.009199199199199199  -0.017548919171081  -0.0175540493817345  -5.130210653497141e-06
0.009209209209209208  -0.02137610937998367  -0.02137610937998608  -2.411265631607762e-15
0.009219219219219218  -0.02517204503201759  -0.02516619323126288  5.851800754710229e-06
0.00922922922922923  -0.02893612550640151  -0.02892396949400579  1.215601239571915e-05
0.009239239239239239  -0.03266775522269768  -0.0326491414748686  1.86137478290771e-05
0.009249249249249249  -0.03636634373507133  -0.03634143176007801  2.491197499331771e-05
0.009259259259259259  -0.04003130582570492  -0.04000056569493807  3.074013076685006e-05
0.009269269269269268  -0.04366206159739792  -0.04362625472899257  3.580686840534697e-05
0.00927927927927928  -0.04725803656531991  -0.04721818057268175  3.985599263816447e-05
0.00928928928928929  -0.05081866174790959  -0.05077598108055269  4.268066735690218e-05
0.009299299299299299  -0.05434337375689947  -0.05429923868919436  4.413506770510611e-05
0.009309309309309309  -0.05783161488646821  -0.05778747210318966  4.414278327854321e-05
0.009319319319319319  -0.06128283320148106  -0.06124013174850874  4.270145297232547e-05
0.009329329329329328  -0.06469648262481635  -0.0646565993034577  3.988332135865247e-05
0.00933933933933934  -0.06807202302377049  -0.06803619137723654  3.583164653395143e-05
0.00934934934934935  -0.07140892029552351  -0.07137816718407207  3.075311145143977e-05
0.009359359359359359  -0.07470664645164747  -0.0746817398123666  2.490663928086945e-05
0.009369369369369369  -0.07796467970165305  -0.0779460904854357  1.858921621734899e-05
0.009379379379379379  -0.08118250453554214  -0.08117038502752551  1.211950801663364e-05
0.009389389389389389  -0.08435961180538291  -0.08435379161553276  5.82018985015309e-06
0.0093993993993994  -0.08749549880586178  -0.08749549880571117  1.506156310782103e-13
0.00940940940940941  -0.09058966935383712  -0.09059473281216431  -5.063458327181358e-06
0.009419419419419419  -0.09364163386683665  -0.09365077303169182  -9.139164855176407e-06
0.009429429429429429  -0.09665090944053314  -0.09666296492127575  -1.205548074260931e-05
0.009439439439439439  -0.09961701992514599  -0.09963072946370141  -1.370953855542312e-05
0.009449449449449449  -0.1025394960007768  -0.1025535686690052  -1.407266822837927e-05
0.00945945945945946  -0.1054178752516761  -0.1054310667682831  -1.319151660701678e-05
0.00946946946946947  -0.1082517022394127  -0.1082628870276802  -1.118478826750424e-05
0.009479479479479479  -0.1110405285749265  -0.1110487643509711  -8.235776044557275e-06
0.009489489489489489  -0.1137839129894833  -0.1137884941005273  -4.581111044038577e-06
0.009499499499499499  -0.1164814214044934  -0.1164819177867101  -4.963822167330934e-07
0.009509509509509509  -0.1191326270001872  -0.1191289064727327  3.720527454453837e-06
0.00951951951951952  -0.1217371102831602  -0.1217293428747238  7.767408436415435e-06
0.00952952952952953  -0.1242944591527425  -0.1242831032333733  1.13559193692242e-05
0.009539539539539539  -0.1268042689662064  -0.1267900400377468  1.422892845961976e-05
0.009549549549549549  -0.1292661426027897  -0.1292499666553782  1.617594741151751e-05
0.009559559559559559  -0.1316796905265327  -0.1316626448015629  1.704572496977197e-05
0.009569569569569569  -0.1340445308479103  -0.1340277756162149  1.675523169542004e-05
0.00957957957957958  -0.1363602893842619  -0.1363449949111865  1.529447307543896e-05
0.00958958958958959  -0.1386265997189916  -0.138613872892237  1.272682675459991e-05
0.009599599599599599  -0.1408431032595502  -0.1408339183854575  9.184874092710293e-06
0.009609609609609609  -0.1430094492941706  -0.1430045873334032  4.861960767404971e-06
0.009619619619619619  -0.1451252950473614  -0.1451252950474234  -6.203371150093062e-14
0.009629629629629629  -0.1471903057341434  -0.1471954314755179  -5.125741374484294e-06
0.00963963963963964  -0.1492041546130209  -0.1492143785426249  -1.022392960398077e-05
0.00964964964964965  -0.1511665230376804  -0.1511815284895406  -1.500545186017277e-05
0.009659659659659659  -0.1530771005074103  -0.1530963020581519  -1.920155074161545e-05
0.009669669669669669  -0.1549355847162306  -0.1549581653698148  -2.258065358423655e-05
0.009679679679679679  -0.1567416816007241  -0.1567666444141536  -2.496281342945217e-05
0.009689689689689689  -0.1584951053865671  -0.1585213362021951  -2.623081562799778e-05
0.0096996996996997  -0.1601955786337455  -0.1602219158461652  -2.633721241973586e-05
0.00970970970970971  -0.1618428322804529  -0.1618681390702215  -2.530678976855882e-05
0.00971971971971972  -0.1634366056856648  -0.1634598399556807  -2.323427001593714e-05
0.009729729729729729  -0.1649766466703783  -0.1649969240275916  -2.027735721329971e-05
0.009739739739739739  -0.1664627115575135  -0.1664793570967913  -1.664553927782642e-05
0.00974974974974975  -0.1678945652104697  -0.1679071505739197  -1.258536345000172e-05
0.00975975975975976  -0.1692719810703305  -0.1692803442030358  -8.363132705274667e-06
0.00976976976976977  -0.1705947411917122  -0.1705989873824172  -4.246190705020636e-06
0.00977977977977978  -0.1718626362772479  -0.1718631203566338  -4.840793858817971e-07
0.009789789789789789  -0.1730754657107041  -0.1730727566106409  2.709100063225112e-06
0.009799799799799799  -0.1742330375887242  -0.1742278677698967  5.169818827477357e-06
0.00980980980980981  -0.175335168751192  -0.175328372166599  6.796584593043997e-06
0.00981981981981982  -0.176381684810213  -0.1763741280409528  7.556769260147478e-06
0.00982982982982983  -0.1773724201777077  -0.1773649320415726  7.488136135130885e-06
0.00983983983983984  -0.1783072180916115  -0.1783005233520802  6.694739531354355e-06
0.009849849849849849  -0.1791859306406791  -0.1791805933701211  5.337270558014584e-06
0.009859859859859859  -0.1800084187878883  -0.1800048004500725  3.618337815786132e-06
0.00986986986986987  -0.1807745523924389  -0.1807727888000334  1.763592405445991e-06
0.00987987987987988  -0.1814842102303452  -0.1814842102298412  5.040412531798211e-13
0.00988988988988989  -0.1821372800136165  -0.1821387470968049  -1.46708318843336e-06
0.0098998998998999  -0.1827336584080244  -0.1827361345180948  -2.476110070426252e-06
0.009909909909909909  -0.1832732510494532  -0.1832761797367942  -2.928687341058334e-06
0.009919919919919919  -0.1837559725588308  -0.1837587764338472  -2.803875016360591e-06
0.00992992992992993  -0.184181746555638  -0.1841839118287042  -2.165273066234707e-06
0.00993993993993994  -0.1845505056699944  -0.1845516645495452  -1.158879550766656e-06
0.00994994994994995  -0.1848621915533177  -0.1848621915531409  1.768307722471718e-13
0.00995995995995996  -0.1851167548875566  -0.1851157027472521  1.052140304519389e-06
0.009969969969969969  -0.1853141553929945  -0.1853124224802792  1.732912715268764e-06
0.009979979979979979  -0.1854543618346223  -0.1854525376328427  1.824201779604406e-06
0.00998998998998999  -0.1855373520270814  -0.1855361326888923  1.219338189112351e-06
0.01  -0.1855631128381736  -0.1855631128380838  8.981704269217516e-14
