t  x_1  x_2
0  0.000213628300444106  0.0003523779439039911
1.001001001001001e-05  0.0008740206542573053  0.0009696248384456865
2.002002002002002e-05  0.001591508171022606  0.001639405240581414
3.003003003003003e-05  0.002365977323375039  0.002371062521989147
4.004004004004004e-05  0.003197305567911353  0.003170776287142459
5.005005005005005e-05  0.004085361364579916  0.004041850561887899
6.006006006006006e-05  0.005030004197494106  0.00498509846862972
7.007007007007007e-05  0.006031084597165928  0.00599929736619188
8.008008008008008e-05  0.007088444164156343  0.007081686455307919
9.009009009009009e-05  0.008201915594138531  0.008228478417471673
0.0001001001001001001  0.009371322704370091  0.009435357621231062
0.0001101101101101101  0.01059648046157016  0.01069793982317534
0.0001201201201201201  0.01187719501119677  0.01201217184273831
0.0001301301301301301  0.01321326370812029  0.01337465429211761
0.0001401401401401401  0.01460447514868718  0.01478287569738246
0.0001501501501501501  0.01605060920417015  0.01623535206030841
0.0001601601601601602  0.01755143705559856  0.01773167168322227
0.0001701701701701702  0.01910672122996376  0.01927245057225432
0.0001801801801801802  0.02071621563779458  0.02085920877062573
0.0001901901901901902  0.02237966561209431  0.02249418206079722
0.0002002002002002002  0.02409680794863716  0.02418008665512811
0.0002102102102102102  0.02586737094761327  0.02591985640521647
0.0002202202202202202  0.02769107445662073  0.02771637275848066
0.0002302302302302302  0.02956762991499159  0.02957220710268819
0.0002402402402402402  0.03149674039945111  0.03148939339518775
0.0002502502502502502  0.033478100671099  0.03346924613911569
0.0002602602602602602  0.03551139722370592  0.03551223516364251
0.0002702702702702703  0.03759630833332026  0.03761792440387298
0.0002802802802802803  0.03973250410917142  0.03978497734702208
0.0002902902902902903  0.04191964654586991  0.04201122725479235
0.0003003003003003003  0.04415738957688707  0.04429380599300101
0.0003103103103103103  0.04644537912931414  0.04662932150560131
0.0003203203203203203  0.04878325317988373  0.04901407102580028
0.0003303303303303303  0.05117064181225334  0.05144427496950117
0.0003403403403403403  0.05360716727553695  0.05391631546200674
0.0003503503503503503  0.05609244404407303  0.05642696342989943
0.0003603603603603604  0.05862607887842767  0.05897357926620034
0.0003703703703703704  0.06120767088761365  0.06155427408287022
0.0003803803803803804  0.06383681159252423  0.06416802135819955
0.0003903903903903904  0.06651308499056362  0.0668147121626388
0.0004004004004004004  0.06923606762147204  0.06949515092736697
0.0004104104104104104  0.07200532863432464  0.0722109925617789
0.0004204204204204204  0.07482042985571177  0.07496462544645566
0.0004304304304304304  0.0776809258590572  0.07775900819736201
0.0004404404404404404  0.08058636403511035  0.08059747084992885
0.0004504504504504505  0.08353628466354905  0.08348349316935892
0.0004604604604604604  0.08653022098572932  0.08642047395772511
0.0004704704704704705  0.08956769927853349  0.08941150552612184
0.0004804804804804805  0.09264823892932858  0.0924591669171087
0.0004904904904904905  0.09577135251201011  0.09556534797444094
0.0005005005005005005  0.09893654586412573  0.09873111426816032
0.0005105105105105105  0.1021433181650668  0.1019566201397192
0.0005205205205205205  0.1053911620153116  0.1052410740665017
0.0005305305305305305  0.108679563516704  0.1085827573060277
0.0005405405405405405  0.1120080023537782  0.1119790935854005
0.0005505505505505506  0.1153759518760681  0.1154267646138731
0.0005605605605605605  0.1187828791814541  0.1189218636885264
0.0005705705705705706  0.1222282452004727  0.1224600776248474
0.0005805805805805806  0.1257115047816144  0.1260368859540146
0.0005905905905905905  0.1292321067775756  0.1296477656645723
0.0006006006006006006  0.1327894941324711  0.1332883898750113
0.0006106106106106106  0.1363831039699747  0.136954809634753
0.0006206206206206207  0.1400123676823768  0.140643609387543
0.0006306306306306306  0.1436767110205396  0.1443520285602886
0.0006406406406406406  0.1473755541847868  0.1480780439650433
0.0006506506506506507  0.1511083119166058  0.1518204101517498
0.0006606606606606606  0.1548743935912835  0.1555786573655174
0.0006706706706706706  0.1586732033113348  0.1593530491548253
0.0006806806806806807  0.1625041400007838  0.1631445038331727
0.0006906906906906907  0.1663665975002789  0.1669544858386574
0.0007007007007007007  0.1702599646629888  0.1707848743900225
0.0007107107107107107  0.1741836254513033  0.1746378177046927
0.0007207207207207207  0.1781369590342915  0.1785155814579989
0.0007307307307307307  0.1821193398859376  0.1824203999643482
0.0007407407407407407  0.1861301378840913  0.1863543379881985
0.0007507507507507507  0.1901687184101577  0.1903191700488709
0.0007607607607607608  0.194234442449517  0.194316282758893
0.0007707707707707707  0.1983266666925826  0.1983466041457709
0.0007807807807807808  0.2024447436366069  0.2024105622171442
0.0007907907907907908  0.2065880216880613  0.2065080732907789
0.0008008008008008008  0.2107558452657551  0.2106385589407754
0.0008108108108108108  0.2149475549044799  0.214800988928995
0.0008208208208208208  0.219162487359341  0.218993946173386
0.0008308308308308308  0.2233999757106382  0.2232157088062885
0.0008408408408408408  0.2276593494693095  0.2274643436906194
0.0008508508508508508  0.2319399346829683  0.2317378054087113
0.0008608608608608609  0.236241054042417  0.2360340346860674
0.0008708708708708709  0.2405620269887089  0.2403510505484662
0.0008808808808808808  0.2449021698207008  0.2446870310710954
0.0008908908908908909  0.2492607958030454  0.2490403784302501
0.0009009009009009009  0.2536372152746605  0.2534097650256166
0.0009109109109109108  0.2580307357576036  0.2577941585884754
0.0009209209209209209  0.2624406620663319  0.2621928255128913
0.0009309309309309309  0.2668662964173547  0.2666053128993052
0.000940940940940941  0.2713069385391955  0.2710314110670127
0.0009509509509509509  0.2757618857826703  0.275471099429469
0.0009609609609609609  0.2802304332314395  0.2799244796172895
0.000970970970970971  0.2847118738127699  0.2843917004818481
0.0009809809809809809  0.2892054984084831  0.2888728801552527
0.0009909909909909911  0.2937105959660497  0.2933680305546336
0.001001001001001001  0.2982264537852888  0.2978769896268701
0.001011011011011011  0.3027523586075275  0.3023993662640724
0.001021021021021021  0.3072875926018513  0.3069345020987981
0.001031031031031031  0.3118314380887401  0.31148145343175
0.001041041041041041  0.3163831760093613  0.3160389953149591
0.001051051051051051  0.3209420860358762  0.3206056484522393
0.001061061061061061  0.3255074466811709  0.3251797280697138
0.001071071071071071  0.3300785354079548  0.3297594123771372
0.001081081081081081  0.334654628736927  0.3343428268696122
0.001091091091091091  0.3392350023538267  0.3389281393241668
0.001101101101101101  0.3438189312150924  0.3435136594303194
0.001111111111111111  0.3484056896517606  0.3480979362138981
0.001121121121121121  0.3529945514712398  0.3526798461712205
0.001131131131131131  0.3575847900564767  0.3572586651585282
0.001141141141141141  0.3621756784619653  0.3618341176995637
0.001151151151151151  0.3667664895058922  0.3664063984816464
0.001161161161161161  0.3713564958576502  0.370976162260263
0.001171171171171171  0.3759449701197273  0.3755444802971403
0.001181181181181181  0.3805311849028591  0.3801127635047739
0.001191191191191191  0.3851144128930665  0.3846826547381705
0.001201201201201201  0.3896939269089266  0.3892558948736188
0.001211211211211211  0.3942689999471714  0.3938341693984819
0.001221221221221221  0.3988389052142739  0.3984189439588443
0.001231231231231231  0.4034029161412601  0.4030112986868725
0.001241241241241241  0.4079603063784987  0.4076117718322708
0.001251251251251251  0.4125103497665135  0.4122202233734429
0.001261261261261261  0.4170523202782794  0.4168357287304178
0.001271271271271271  0.4215854919273938  0.4214565113856066
0.001281281281281281  0.4261091386357457  0.4260799213689356
0.001291291291291291  0.4306225340528643  0.430702464047934
0.001301301301301301  0.4351249513179621  0.4353198807783955
0.001311311311311311  0.4396156627538322  0.4399272798244058
0.001321321321321321  0.4440939394800103  0.44451931269556
0.001331331331331331  0.4485590509303231  0.4490903879864143
0.001341341341341341  0.4530102642572498  0.4536349120685513
0.001351351351351351  0.457446843602678  0.4581475437681364
0.001361361361361361  0.4618680492109811  0.4626234486815972
0.001371371371371371  0.4662731363564463  0.4670585381544571
0.001381381381381381  0.4706613540522705  0.4714496781743726
0.001391391391391391  0.4750319435032497  0.4757948546482605
0.001401401401401401  0.4793841362580825  0.480093283603341
0.001411411411411411  0.4837171520103247  0.4843454577039227
0.001421421421421421  0.4880301959894154  0.488553123981474
0.001431431431431431  0.4923224558743922  0.4927191915805
0.001441441441441441  0.4965930981533168  0.496847572405556
0.001451451451451451  0.5008412638408871  0.5009429615811597
0.001461461461461461  0.5050660634551375  0.5050105683527214
0.001471471471471471  0.50926657114189  0.509055811123711
0.001481481481481481  0.5134418178228009  0.5130839927076848
0.001491491491491492  0.5175907832297538  0.517099973244538
0.001501501501501501  0.5217123866757861  0.5211078585768856
0.001511511511511511  0.5258054764011642  0.5251107211426849
0.001521521521521522  0.5298688173240933  0.5291103686771002
0.001531531531531532  0.5339010770202284  0.5331071732424528
0.001541541541541541  0.5379008097559703  0.5370999696469534
0.001551551551551552  0.5418664384099087  0.5410860282227798
0.001561561561561562  0.5457962341389684  0.545061102567501
0.001571571571571571  0.5496882936846211  0.5490195484974332
0.001581581581581582  0.5535405142764509  0.5529545062983241
0.001591591591591592  0.5573505661815534  0.5568581347954004
0.001601601601601602  0.5611158630770405  0.5607218829053191
0.001611611611611612  0.5648335305979791  0.5645367824061654
0.001621621621621622  0.5685003736432556  0.568293744836445
0.001631631631631632  0.5721128433154327  0.571983845622637
0.001641641641641642  0.5756670047331625  0.5755985798946873
0.001651651651651652  0.5791585073868842  0.5791300766478907
0.001661661661661662  0.5825825602022323  0.5825712611020126
0.001671671671671672  0.5859339140100341  0.5859159586527474
0.001681681681681682  0.5892068546585048  0.5891589379584031
0.001691691691691692  0.5923952104805884  0.5922958946987035
0.001701701701701702  0.5954923781600853  0.5953233814572223
0.001711711711711712  0.5984913711116923  0.5982386925957139
0.001721721721721722  0.601384894169781  0.6010397156958553
0.001731731731731732  0.6041654475353073  0.6037247630281138
0.001741741741741742  0.6068254614485866  0.6062923974121445
0.001751751751751752  0.6093574608897909  0.6087412667080788
0.001761761761761762  0.611754256815598  0.6110699601180842
0.001771771771771772  0.6140091572173952  0.6132768974651129
0.001781781781781782  0.6161161879906533  0.6153602599412706
0.001791791791791792  0.6180703107301831  0.6173179675650631
0.001801801801801802  0.6198676226725406  0.6191477050308158
0.001811811811811812  0.6215055236080367  0.620846994112526
0.001821821821821822  0.6229828360080738  0.6224133073342322
0.001831831831831832  0.6242998678823615  0.6238442147423602
0.001841841841841842  0.6254584126600798  0.6251375532623735
0.001851851851851852  0.626461686019394  0.6262916065945575
0.001861861861861862  0.6273142052234854  0.6273052829268562
0.001871871871871872  0.6280216213126587  0.6281782779656593
0.001881881881881882  0.628590517793663  0.6289112118232216
0.001891891891891892  0.6290281909249709  0.6295057301792883
0.001901901901901902  0.6293424263435712  0.6299645625222238
0.001911911911911912  0.6295412849372591  0.6302915332057705
0.001921921921921922  0.6296329080437969  0.6304915241067851
0.001931931931931932  0.6296253488064831  0.6305703908003708
0.001941941941941942  0.6295264333237971  0.6305348370546903
0.001951951951951952  0.6293436524513319  0.6303922549148033
0.001961961961961962  0.6290840829464303  0.6301505395940884
0.001971971971971972  0.6287543351485276  0.6298178896366095
0.001981981981981982  0.6283605235170538  0.6294026033220539
0.001991991991991992  0.6279082559986826  0.6289128820552753
0.002002002002002002  0.6274026373555831  0.6283566505681099
0.002012012012012012  0.6268482841366266  0.6277414021892374
0.002022022022022022  0.6262493551402677  0.6270740754372967
0.002032032032032032  0.6256095701315615  0.6263609658631702
0.002042042042042042  0.6249322452285548  0.6256076745677287
0.002052052052052052  0.6242203257029337  0.6248190924124393
0.002062062062062062  0.623476418793389  0.6239994167084404
0.002072072072072072  0.6227028256068791  0.6231521953116761
0.002082082082082082  0.6219015714764849  0.622280391664657
0.002092092092092092  0.6210744343764638  0.6213864634936198
0.002102102102102102  0.6202229711729308  0.6204724476349394
0.002112112112112112  0.6193485416209155  0.6195400437629097
0.002122122122122122  0.6184523301137647  0.6185906906696995
0.002132132132132132  0.6175353652565249  0.6176256299964197
0.002142142142142142  0.6165985373779577  0.6166459539100836
0.002152152152152152  0.6156426141216833  0.6156526349705155
0.002162162162162162  0.6146682542698383  0.6146465382207361
0.002172172172172172  0.613676019956984  0.6136284172029943
0.002182182182182182  0.6126663874294994  0.6125988970199396
0.002192192192192192  0.6116397564993125  0.6115584486685344
0.002202202202202202  0.6105964588319328  0.6105073595217116
0.002212212212212212  0.6095367651981785  0.6094457050550803
0.002222222222222222  0.6084608918079948  0.6083733266789026
0.002232232232232232  0.6073690058335551  0.6072898198557953
0.002242242242242242  0.6062612302182685  0.6061945356830983
0.002252252252252252  0.6051376478579193  0.6050865978194095
0.002262262262262262  0.6039983052308565  0.6039649352163361
0.002272272272272272  0.6028432155454103  0.6028283296358696
0.002282282282282282  0.6016723614648731  0.6016754755650439
0.002292292292292292  0.6004856974634292  0.6005050489480145
0.002302302302302302  0.5992831518598841  0.5993157802724084
0.002312312312312312  0.5980646285708071  0.5981065270040389
0.002322322322322322  0.5968300086194239  0.5968763402248991
0.002332332332332332  0.5955791514325607  0.5956245206099886
0.002342342342342342  0.5943118959539779  0.5943506595056165
0.002352352352352352  0.5930280615992253  0.5930546618690609
0.002362362362362362  0.591727449074244  0.5917367490512364
0.002372372372372372  0.5904098410774706  0.5903974407957426
0.002382382382382382  0.5890750029030378  0.5890375172761148
0.002392392392392392  0.5877226829608018  0.5876579633870707
0.002402402402402402  0.5863526132274451  0.5862598987291201
0.002412412412412412  0.5849645096413219  0.5848444977409583
0.002422422422422422  0.5835580724527991  0.5834129050876575
0.002432432432432432  0.5821329865405724  0.5819661517506156
0.002442442442442442  0.5806889217039253  0.5805050771960381
0.002452452452452453  0.5792255329397807  0.5790302625613338
0.002462462462462462  0.5777424607130761  0.5775419790447528
0.002472472472472472  0.5762393312283155  0.5760401546330989
0.002482482482482483  0.5747157567097191  0.5745243610589444
0.002492492492492492  0.5731713356968805  0.572993821526408
0.002502502502502502  0.5716056533627005  0.5714474383901743
0.002512512512512513  0.570018281859712  0.5698838386655504
0.002522522522522522  0.5684087807008427  0.5683014341566516
0.002532532532532532  0.5667766971801873  0.5666984920966265
0.002542542542542543  0.5651215668390733  0.5650732116244883
0.002552552552552552  0.5634429139823837  0.5634238011664493
0.002562562562562563  0.5617402522496339  0.5617485518847792
0.002572572572572573  0.5600130852450476  0.5600459027529309
0.002582582582582582  0.5582609072302452  0.5583144935230924
0.002592592592592593  0.5564832038828984  0.5565532027588137
0.002602602602602603  0.554679453123831  0.5547611692002623
0.002612612612612612  0.5528491260148184  0.552937795877117
0.002622622622622623  0.5509916877283918  0.5510827375535022
0.002632632632632633  0.5491065985904058  0.5491958731524643
0.002642642642642642  0.547193315195214  0.5472772657494512
0.002652652652652653  0.5452512915926205  0.5453271134150606
0.002662662662662663  0.5432799805447553  0.5433456946709294
0.002672672672672672  0.5412788348501585  0.541333312494288
0.002682682682682683  0.539247308731432  0.5392902407287959
0.002692692692692693  0.5371848592817686  0.5372166763995274
0.002702702702702703  0.5350909479646807  0.5351127008756349
0.002712712712712713  0.532965042160362  0.5329782520508286
0.002722722722722723  0.5308066167510681  0.5308131088658952
0.002732732732732733  0.5286151557369633  0.5286168885742218
0.002742742742742743  0.5263901538731616  0.5263890562374003
0.002752752752752753  0.5241311183177711  0.5241289451343074
0.002762762762762763  0.5218375702802222  0.5218357860467294
0.002772772772772773  0.5195090466585054  0.5195087428922828
0.002782782782782783  0.5171451016536125  0.5171469518339857
0.002792792792792793  0.5147453083492444  0.5147495609218636
0.002802802802802803  0.5123092602447107  0.5123157674192023
0.002812812812812813  0.5098365727291456  0.509844850294262
0.002822822822822823  0.5073268844853788  0.5073361958249268
0.002832832832832833  0.5047798588123603  0.504789314883243
0.002842842842842843  0.5021951848556447  0.5022038511260017
0.002852852852852853  0.4995725787363516  0.499579580042768
0.002862862862862863  0.4969117845699899  0.4969163994690974
0.002872872872872873  0.4942125753677019  0.4942143127820236
0.002882882882882883  0.4914747538138485  0.4914734064786919
0.002892892892892893  0.4886981529151276  0.4886938241703851
0.002902902902902903  0.485882636517995  0.4858757392028651
0.002912912912912913  0.4830280996926468  0.4830193281182135
0.002922922922922923  0.4801344689833119  0.4801247470069159
0.002932932932932933  0.4772017025261733  0.477192112501891
0.002942942942942943  0.4742297900376801  0.4742214887381943
0.002952952952952953  0.4712187526773888  0.4712128810999514
0.002962962962962963  0.4681686427907864  0.4681662370300093
0.002972972972972973  0.4650795435387073  0.4650814536338088
0.002982982982982983  0.4619515684209174  0.4619583912977095
0.002992992992992993  0.4587848607024055  0.4587968921154834
0.003003003003003003  0.4555795914616868  0.4555968015866529
0.003013013013013013  0.4523359597295462  0.452357991847529
0.003023023023023023  0.4490541968174881  0.4490803846283898
0.003033033033033033  0.4457345577056185  0.4457639721932306
0.003043043043043043  0.4423773231451945  0.4424088347145358
0.003053053053053053  0.4389827987051079  0.4390151528338824
0.003063063063063063  0.4355513137899312  0.4355832145380081
0.003073073073073073  0.4320832206388232  0.4321134159180667
0.003083083083083083  0.4285788933140325  0.4286062558282479
0.003093093093093093  0.4250387266871415  0.42506232490362
0.003103103103103103  0.4214631354305308  0.4214822897836407
0.003113113113113113  0.4178525530207814  0.4178668737119192
0.003123123123123123  0.4142074307599781  0.4142168349131383
0.003133133133133133  0.4105282368200971  0.4105329442625904
0.003143143143143143  0.4068154553149304  0.4068159637818663
0.003153153153153153  0.4030695854031872  0.4030666273898919
0.003163163163163163  0.3992911404256813  0.3992856251411036
0.003173173173173173  0.3954806470789207  0.3954735919074723
0.003183183183183183  0.391638644626639  0.3916311011211762
0.003193193193193193  0.3877656841502941  0.3877586638219319
0.003203203203203203  0.3838623278390341  0.383856732881513
0.003213213213213213  0.3799291483190759  0.3799257119144303
0.003223223223223223  0.3759667280221433  0.3759659680792681
0.003233233233233233  0.3719756585921168  0.3719778477275165
0.003243243243243243  0.3679565403288531  0.3679616936907456
0.003253253253253253  0.3639099816678066  0.3639178629251433
0.003263263263263263  0.3598365986939814  0.3598467432465013
0.003273273273273273  0.3557370146884665  0.355748767997767
0.003283283283283283  0.3516118597058001  0.3516244276686184
0.003293293293293293  0.3474617701802978  0.347474277738114
0.003303303303303303  0.3432873885594918  0.3432989422880106
0.003313313313313313  0.3390893629626776  0.3390991132581527
0.003323323323323323  0.3348683468628399  0.3348755455080499
0.003333333333333333  0.3306249987899956  0.3306290481445763
0.003343343343343343  0.32635998205423  0.3263604728132754
0.003353353353353353  0.3220739644867004  0.3220706998396403
0.003363363363363363  0.3177676181970095  0.3177606232239831
0.003373373373373373  0.313441619345371  0.3134311355342695
0.003383383383383383  0.3090966479281357  0.309083113713183
0.003393393393393393  0.3047333875753465  0.3047174067157759
0.003403403403403403  0.3003525253590588  0.3003348257250977
0.003413413413413413  0.2959547516112515  0.2959361374952951
0.003423423423423423  0.2915407597503168  0.291522061127713
0.003433433433433433  0.2871112461151143  0.2870932683338439
0.003443443443443443  0.2826669098057336  0.2826503869985634
0.003453453453453453  0.2782084525301654  0.2781940076347475
0.003463463463463463  0.2737365784561393  0.2737246921304639
0.003473473473473473  0.2692519940675157  0.2692429840676261
0.003483483483483484  0.2647554080246678  0.2647494198015239
0.003493493493493493  0.2602475310282537  0.2602445394864077
0.003503503503503503  0.255729075686027  0.2557288972672332
0.003513513513513514  0.2512007563822226  0.251203069962943
0.003523523523523523  0.2466632891491783  0.246667663705058
0.003533533533533533  0.2421173915408875  0.2421233181754782
0.003543543543543544  0.2375637825081807  0.2375707082806143
0.003553553553553553  0.2330031822753554  0.2330105432999156
0.003563563563563563  0.228436312217998  0.2284435637327449
0.003573573573573574  0.2238638947418348  0.2238705362353929
0.003583583583583583  0.2192866531624787  0.2192922471599534
0.003593593593593594  0.2147053115859148  0.2147094952999522
0.003603603603603604  0.2101205947896517  0.2101230844696491
0.003613613613613613  0.205533228104393  0.2055338165363391
0.003623623623623624  0.2009439372962027  0.2009424854537756
0.003633633633633634  0.1963534484490888  0.1963498727426544
0.003643643643643643  0.1917624878478978  0.1917567447233814
0.003653653653653654  0.187171781861579  0.1871638516486423
0.003663663663663664  0.1825820568266958  0.182571928714828
0.003673673673673673  0.1779940389311813  0.1779816987728282
0.003683683683683684  0.1734084540983677  0.1733938764115477
0.003693693693693694  0.1688260278711827  0.1688091729756216
0.003703703703703703  0.1642474852966063  0.1642283019991218
0.003713713713713714  0.1596735508102849  0.1596519845056259
0.003723723723723724  0.155104948121379  0.1550809536336804
0.003733733733733734  0.1505424000976054  0.1505159581027723
0.003743743743743744  0.1459866286504846  0.1459577641306413
0.003753753753753754  0.1414383546208075  0.1414071555394138
0.003763763763763764  0.1368982976643154  0.1368649319350128
0.003773773773773774  0.1323671761376136  0.1323319050055408
0.003783783783783784  0.1278457069843501  0.1278088931396959
0.003793793793793794  0.1233346056215958  0.1232967147119178
0.003803803803803804  0.1188345858265477  0.1187961804937392
0.003813813813813814  0.1143463596234741  0.1143080857399151
0.003823823823823824  0.1098706371709788  0.1098332025370098
0.003833833833833834  0.1054081266495546  0.1053722729983943
0.003843843843843844  0.1009595341494953  0.1009260038510304
0.003853853853853854  0.09652556355909786  0.09649506286377352
0.003863863863863864  0.09210691645326041  0.09208007744895889
0.003873873873873874  0.08770429198243579  0.08768163562259711
0.003883883883883884  0.08331838676199811  0.08330028934250944
0.003893893893893894  0.0789498947619803  0.07893656007966493
0.003903903903903904  0.07459950719726442  0.07459094632047791
0.003913913913913914  0.07026791241818682  0.07026393256212514
0.003923923923923924  0.06595579580160622  0.06595599925564072
0.003933933933933934  0.06166383964247327  0.06166763308572623
0.003943943943943944  0.05739272304583434  0.05739933694859158
0.003953953953953954  0.05314312181939289  0.05315163901176461
0.003963963963963964  0.04891570836656809  0.04892510029720096
0.003973973973973974  0.04471115158009546  0.04472032033464818
0.003983983983983984  0.0405301167361873  0.04053794055762889
0.003993993993993994  0.03637326538925997  0.03637864526764552
0.004004004004004004  0.0322412559858798  0.03224316015227449
0.004014014014014014  0.0281347427779962  0.02813224849852691
0.004024024024024024  0.02405437449121334  0.0240467053902958
0.004034034034034034  0.02000079675123471  0.01998735029449939
0.004044044044044044  0.0159746509447562  0.01595501853109167
0.004054054054054054  0.01197657411798548  0.01195055217261927
0.004064064064064064  0.008007198875850566  0.007974790923014259
0.004074074074074074  0.004067153281890397  0.004028563502034264
0.004084084084084084  0.0001570607588904371  0.0001126799898203976
0.004094094094094094  -0.003722460009758323  -0.003772074512381877
0.004104104104104104  -0.007570795177965571  -0.007624944662428109
0.004114114114114114  -0.01138733583406475  -0.01144520799207329
0.004124124124124124  -0.01517147809714093  -0.01523217637603646
0.004134134134134134  -0.0189226232126138  -0.01898519599819483
0.004144144144144144  -0.02264017764693778  -0.02270364605831147
0.004154154154154154  -0.02632355318155031  -0.02638693653493128
0.004164164164164164  -0.02997216700593263  -0.03003450536259233
0.004174174174174174  -0.03358544180980044  -0.03364581538578459
0.004184184184184184  -0.03716280587449416  -0.03722035142357966
0.004194194194194194  -0.04070369316341202  -0.04075761771816865
0.004204204204204204  -0.0442075434115687  -0.04425713595586356
0.004214214214214214  -0.04767380221426648  -0.04771844394825891
0.004224224224224224  -0.05110192111479094  -0.05114109495309641
0.004234234234234234  -0.05449135769121368  -0.05452465751213916
0.004244244244244244  -0.05784157564220434  -0.05786871559236102
0.004254254254254254  -0.06115204487189846  -0.06117286875420257
0.004264264264264264  -0.06442224157374989  -0.06443673203346476
0.004274274274274274  -0.06765164831344435  -0.06765993522249296
0.004284284284284284  -0.07083975411074712  -0.07084212127414811
0.004294294294294294  -0.07398605452035727  -0.07398294362245915
0.004304304304304304  -0.07709005171172922  -0.0770820623076774
0.004314314314314314  -0.08015125454784858  -0.08013913892315185
0.004324324324324324  -0.08316917866292516  -0.08315383052207466
0.004334334334334334  -0.08614334653905034  -0.08612578276188065
0.004344344344344344  -0.08907328758174296  -0.08905462267833546
0.004354354354354354  -0.09195853819440961  -0.09193995157557977
0.004364364364364364  -0.09479864185170896  -0.09478133858128422
0.004374374374374375  -0.09759314917177425  -0.09757831543244815
0.004384384384384384  -0.1003416179873183  -0.1003303730346861
0.004394394394394394  -0.1030436134156005  -0.1030369602588635
0.004404404404404405  -0.1056987079272406  -0.1056974853264559
0.004414414414414414  -0.1083064814138589  -0.1083113199771967
0.004424424424424424  -0.1108665212545382  -0.1108778064325319
0.004434434434434435  -0.1133784223811393  -0.1133962669730114
0.004444444444444444  -0.1158417873423666  -0.1158660157484192
0.004454454454454454  -0.1182562263666678  -0.1182863722605493
0.004464464464464465  -0.1206213574239084  -0.12065667580781
0.004474474474474474  -0.1229368062858141  -0.1229763000667725
0.004484484484484484  -0.1252022065851814  -0.1252446669345242
0.004494494494494495  -0.1274171998738489  -0.1274612587517571
0.004504504504504504  -0.1295814356794193  -0.1296256280966553
0.004514514514514514  -0.1316945715607038  -0.1317374044552022
0.004524524524524525  -0.1337562731619118  -0.1337962972576723
0.004534534534534534  -0.135766214265552  -0.1358020949799688
0.004544544544544544  -0.1377240768440502  -0.1377546602598543
0.004554554554554555  -0.1396295511100688  -0.1396539212325595
0.004564564564564564  -0.1414823355655234  -0.1414998595385954
0.004574574574574574  -0.1432821370492873  -0.1432924956802832
0.004584584584584585  -0.1450286707835799  -0.1450318725908936
0.004594594594594595  -0.1467216604190223  -0.1467180384029168
0.004604604604604604  -0.1483608380783664  -0.1483510294660716
0.004614614614614615  -0.1499459443988777  -0.149930854659736
0.004624624624624625  -0.1514767285733754  -0.1514574819621271
0.004634634634634634  -0.1529529483899152  -0.1529308280896907
0.004644644644644645  -0.1543743702701146  -0.1543507518243777
0.004654654654654655  -0.1557407693061106  -0.1557170513893477
0.004664664664664664  -0.1570519292961465  -0.1570294659716977
0.004674674674674675  -0.1583076427787813  -0.1582876812016518
0.004684684684684685  -0.1595077110657124  -0.1594913381410102
0.004694694694694694  -0.160651944273219  -0.1606400450950626
0.004704704704704705  -0.1617401613522017  -0.1617333913818439
0.004714714714714715  -0.1627721901168316  -0.1627709620714926
0.004724724724724724  -0.1637478672717942  -0.1637523526626289
0.004734734734734735  -0.164667038438127  -0.1646771826888653
0.004744744744744745  -0.1655295581776457  -0.1655451073493445
0.004754754754754754  -0.1663352900159588  -0.166355826427389
0.004764764764764765  -0.1670841064640581  -0.1671090899792254
0.004774774774774775  -0.167775889038493  -0.1678047005327115
0.004784784784784784  -0.1684105282801171  -0.1684425118106212
0.004794794794794795  -0.168987923771408  -0.1690224242649169
0.004804804804804805  -0.169507984152355  -0.169544377952653
0.004814814814814814  -0.1699706271349157  -0.17000834348608
0.004824824824824825  -0.1703757795160359  -0.170414311936143
0.004834834834834835  -0.1707233771892317  -0.170762284635864
0.004844844844844844  -0.1710133651547333  -0.1710522638293665
0.004854854854854855  -0.1712456975281874  -0.171284245030897
0.004864864864864865  -0.1714203375479179  -0.1714582118012117
0.004874874874874875  -0.1715372575807411  -0.1715741334451635
0.004884884884884885  -0.1715964391263393  -0.171631965873236
0.004894894894894895  -0.1715978728201875  -0.1716316555930461
0.004904904904904905  -0.1715415584350354  -0.1715731465197742
0.004914914914914915  -0.1714275048809428  -0.1714563890351602
0.004924924924924925  -0.1712557302038705  -0.1712813505036821
0.004934934934934935  -0.1710262615828247  -0.1710480263061454
0.004944944944944945  -0.1707391353255563  -0.1707564503615503
0.004954954954954955  -0.170394396862816  -0.170406704110086
0.004964964964964965  -0.1699921007411669  -0.1699989230140227
0.004974974974974975  -0.1695323106143526  -0.1695332997966931
0.004984984984984985  -0.1690150992332259  -0.1690100838681126
0.004994994994994995  -0.168440548434238  -0.1684295766754668
0.005005005005005005  -0.1678087462693942  -0.1677921230311031
0.005015015015015015  -0.1671197927074817  -0.1670980987903269
0.005025025025025025  -0.1663737996181385  -0.1663478955677877
0.005035035035035035  -0.1655708850390834  -0.165541903437855
0.005045045045045045  -0.1647111760145566  -0.1646804927775385
0.005055055055055055  -0.1637948085752177  -0.163763996528233
0.005065065065065065  -0.1628219277166219  -0.1627926941878547
0.005075075075075075  -0.1617926873762772  -0.1617667987792328
0.005085085085085085  -0.1607072504092876  -0.1606864478827875
0.005095095095095095  -0.159565788562585  -0.1595516995750177
0.005105105105105105  -0.1583684824477527  -0.1583625337973265
0.005115115115115115  -0.1571155215124492  -0.1571188593191531
0.005125125125125125  -0.1558071040104315  -0.1558205260667094
0.005135135135135135  -0.1544434369701864  -0.1544673422091978
0.005145145145145145  -0.153024736162171  -0.1530590950383115
0.005155155155155155  -0.1515512260646748  -0.1515955743857136
0.005165165165165165  -0.1500231398282982  -0.1500765971105162
0.005175175175175175  -0.1484407192390635  -0.1485020310718504
0.005185185185185185  -0.1468042146801571  -0.1468718169986654
0.005195195195195195  -0.1451138850923112  -0.1451859867680126
0.005205205205205205  -0.1433699979328333  -0.143444676821598
0.005215215215215215  -0.1415728291332871  -0.1416481357483432
0.005225225225225225  -0.1397226630558315  -0.139796725438927
0.005235235235235235  -0.1378197924482277  -0.1378909156469072
0.005245245245245245  -0.1358645183975185  -0.1359312722332705
0.005255255255255255  -0.133857150282387  -0.1339184398030996
0.005265265265265265  -0.1317980057242058  -0.1318531198367026
0.005275275275275275  -0.12968741053678  -0.1297360457324929
0.005285285285285285  -0.1275256986747939  -0.1275679564096133
0.005295295295295295  -0.1253132121809716  -0.1253495702300244
0.005305305305305305  -0.123050301131956  -0.1230815609964104
0.005315315315315315  -0.1207373235829161  -0.1207645376552428
0.005325325325325325  -0.1183746455108944  -0.1183990290949452
0.005335335335335335  -0.1159626407568981  -0.1159854750871177
0.005345345345345345  -0.1135016909667503  -0.1135242240117893
0.005355355355355355  -0.1109921855306976  -0.1110155375349469
0.005365365365365365  -0.1084345215218038  -0.1084596019373089
0.005375375375375375  -0.1058291036331186  -0.1058565453280166
0.005385385385385385  -0.1031763441136454  -0.1032064595637534
0.005395395395395395  -0.1004766627031127  -0.1005094253612076
0.005405405405405406  -0.09773048656555906  -0.09776553885749174
0.005415415415415415  -0.09493825022174472  -0.09497493775798957
0.005425425425425425  -0.09210039548039856  -0.0921378252251593
0.005435435435435436  -0.08921737136831132  -0.089254489801736
0.005445445445445445  -0.0862896340592892  -0.08632531991835847
0.005455455455455455  -0.0833176468019728  -0.08335081189834512
0.005465465465465466  -0.08030187984653947  -0.0803315708055804
0.005475475475475475  -0.0772428103702982  -0.07726830396854485
0.005485485485485485  -0.07414092240218492  -0.07416180751197972
0.005495495495495496  -0.07099670674617692  -0.0710129467072154
0.005505505505505505  -0.0678106609036374  -0.06782263138172008
0.005515515515515515  -0.06458328899459426  -0.0645917879754266
0.005525525525525526  -0.06131510167797015  -0.0613213300736159
0.005535535535535535  -0.05800661607079514  -0.05801212936917672
0.005545545545545545  -0.05465835566637441  -0.05466498899431832
0.005555555555555556  -0.05127085025145851  -0.05128062103035694
0.005565565565565565  -0.04784463582241754  -0.04785962973702172
0.005575575575575575  -0.04438025450043766  -0.04440250168886024
0.005585585585585586  -0.04087825444573932  -0.04090960355934493
0.005595595595595595  -0.03733918977083346  -0.0373811878053658
0.005605605605605605  -0.03376362045287096  -0.03381740599413725
0.005615615615615616  -0.03015211224501187  -0.03021832902309959
0.005625625625625626  -0.02650523658691961  -0.02658397304006603
0.005635635635635635  -0.02282357051434784  -0.02291432950187961
0.005645645645645646  -0.01910769656783477  -0.01920939754532994
0.005655655655655656  -0.01535820270052801  -0.01546921669540423
0.005665665665665665  -0.01157568218514991  -0.01169389791520829
0.005675675675675676  -0.007760733520138827  -0.007883651104332621
0.005685685685685686  -0.0039139603349427  -0.004038807378850527
0.005695695695695695  -3.597129450298026e-05  -0.0001598347966485219
0.005705705705705706  0.003872619997036746  0.003752653407846688
0.005715715715715716  0.007811195093439985  0.007697898538746742
0.005725725725725725  0.01177913080421365  0.01167500408444721
0.005735735735735736  0.0157757992932201  0.01568295079149177
0.005745745745745746  0.01980056817802064  0.01972061821836951
0.005755755755755755  0.02385280062994102  0.02378681144498434
0.005765765765765766  0.02793185547481046  0.02788029132350971
0.005775775775775776  0.03203708729444319  0.0319998064694129
0.005785785785785785  0.03616784652874189  0.03614412511926869
0.005795795795795796  0.04032347957848412  0.04031206502951069
0.005805805805805806  0.04450332890872546  0.04450251974071233
0.005815815815815815  0.04870673315286357  0.04871447979309793
0.005825825825825826  0.05293302721725553  0.05294704780467638
0.005835835835835836  0.05718154238647499  0.05719944672300037
0.005845845845845845  0.0614516064291232  0.06147102098192371
0.005855855855855856  0.06574254370415875  0.06576123071733542
0.005865865865865866  0.07005367526785036  0.07006963960856716
0.005875875875875875  0.07438431898117767  0.07439589726517792
0.005885885885885886  0.07873378961775376  0.07873971736707723
0.005895895895895896  0.08310139897227686  0.08310085298060968
0.005905905905905906  0.08748645596939085  0.0874790705759419
0.005915915915915916  0.09188826677305909  0.09187412429875554
0.005925925925925926  0.09630613489633072  0.09628573196516658
0.005935935935935936  0.1007393613115406  0.1007135540868858
0.005945945945945946  0.1051872445609253  0.1051571770016015
0.005955955955955956  0.1096490808676121  0.1096161008897786
0.005965965965965966  0.1141241642469631  0.1140897331376661
0.005975975975975976  0.1186117866182914  0.118577387170732
0.005985985985985986  0.123111237916893  0.1230782865464443
0.005995995995995996  0.1276218062063929  0.1275915738081032
0.006006006006006006  0.1321427788242268  0.1321163233351232
0.006016016016016016  0.1366734399748645  0.1366515572360223
0.006026026026026026  0.141213072067235  0.1411962632075046
0.006036036036036036  0.1457609568067166  0.1457494132173003
0.006046046046046046  0.1503163745928903  0.1503099818988838
0.006056056056056056  0.1548786046334074  0.154876963617691
0.006066066066066066  0.1594469250580246  0.1594493873204063
0.006076076076076076  0.1640206130328289  0.164026328458437
0.006086086086086086  0.1685989448746055  0.1686069174965961
0.006096096096096096  0.1731811961653165  0.1731903447541633
0.006106106106106106  0.1777666418667464  0.1777758615549349
0.006116116116116116  0.1823545564351772  0.1823627778850142
0.006126126126126126  0.1869442139362036  0.1869504569472678
0.006136136136136136  0.191534888159564  0.1915383071563126
0.006146146146146146  0.19612585273404  0.1961257722294687
0.006156156156156156  0.2007163812423557  0.2007123200877953
0.006166166166166166  0.2053057473360826  0.2052974312985734
0.006176176176176176  0.2098932248505539  0.2098805877582151
0.006186186186186186  0.2144780879197031  0.214461262237474
0.006196196196196196  0.2190596110908793  0.2190389093145485
0.006206206206206206  0.2236370694395597  0.223612958087992
0.006216216216216216  0.228209738683996  0.2281828069198841
0.006226226226226226  0.2327768952997118  0.2327478203235695
0.006236236236236236  0.2373378166338919  0.2373073279624036
0.006246246246246246  0.2418917810195811  0.2418606256127632
0.006256256256256256  0.246438067889739  0.2464069778369121
0.006266266266266266  0.2509759578910508  0.2509456220390116
0.006276276276276276  0.2555047329975282  0.2554757735293033
0.006286286286286286  0.26002367662384  0.2599966312012753
0.006296296296296296  0.2645320737384117  0.2645073834395623
0.006306306306306306  0.2690292109761293  0.2690072139026504
0.006316316316316316  0.2735143767507794  0.2734953068785599
0.006326326326326326  0.2779868613670654  0.2779708519755886
0.006336336336336336  0.2824459571322484  0.2824330479842069
0.006346346346346346  0.2868909584673156  0.2868811058152132
0.006356356356356356  0.2913211620176897  0.2913142504981734
0.006366366366366366  0.2957358667633634  0.2957317222789284
0.006376376376376376  0.3001343741284813  0.3001327769135145
0.006386386386386386  0.3045159880902689  0.3045166852893079
0.006396396396396396  0.3088800152872427  0.30888273253038
0.006406406406406407  0.31322576512667  0.3132302167522113
0.006416416416416416  0.3175525498911361  0.3175584476269121
0.006426426426426426  0.3218596848441954  0.3218667449037642
0.006436436436436437  0.3261464883349592  0.3261544370099458
0.006446446446446446  0.3304122819015015  0.3304208598191031
0.006456456456456456  0.3346563903729912  0.3346653556524122
0.006466466466466467  0.338878141970381  0.3388872725378119
0.006476476476476476  0.3430768684054626  0.3430859637263233
0.006486486486486486  0.3472519049781183  0.3472607874396781
0.006496496496496497  0.3514025906715736  0.3514111068054098
0.006506506506506506  0.3555282682453534  0.355536289919656
0.006516516516516516  0.3596282843257227  0.3596357099745734
0.006526526526526527  0.3637019894932271  0.3637087453889054
0.006536536536536536  0.3677487383670665  0.3677547798801195
0.006546546546546546  0.3717678896858385  0.3717732024319453
0.006556556556556557  0.3757588063842149  0.3757634071175579
0.006566566566566566  0.3797208556650793  0.3797247927577975
0.006576576576576576  0.3836534090665288  0.3836567624030482
0.006586586586586587  0.3875558425231688  0.387558722643271
0.006596596596596596  0.3914275364209372  0.3914300827624341
0.006606606606606606  0.3952678756447722  0.3952702537655212
0.006616616616616617  0.399076249618225  0.3990786473125216
0.006626626626626626  0.402852052334109  0.4028546746039363
0.006636636636636636  0.4065946823751696  0.4065977452671506
0.006646646646646647  0.4103035429237055  0.4103072662960434
0.006656656656656657  0.4139780417588799  0.4139826411017353
0.006666666666666666  0.4176175912404887  0.4176232687308542
0.006676676676676677  0.4212216082778019  0.4212285433111296
0.006686686686686687  0.4247895142819879  0.4247978537799512
0.006696696696696696  0.4283207351005788  0.4283305839480371
0.006706706706706707  0.4318147009323562  0.4318261129451898
0.006716716716716717  0.4352708462209419  0.4352838160827436
0.006726726726726726  0.4386886095254044  0.4387030661552866
0.006736736736736737  0.4420674333660052  0.4420832351837184
0.006746746746746747  0.4454067640434301  0.4454236965842321
0.006756756756756756  0.448706051429652  0.4487238277170587
0.006766766766766767  0.4519647487287715  0.4519830127442884
0.006776776776776777  0.455182312206211  0.4552006456979674
0.006786786786786786  0.458358200884853  0.4583761336258524
0.006796796796796797  0.4614918762068601  0.4615088996633768
0.006806806806806807  0.4645828016602128  0.4645983858535249
0.006816816816816816  0.4676304423693441  0.4676440555263511
0.006826826826826827  0.470634264649693  0.470645395045995
0.006836836836836837  0.4735937355264667  0.4736019147382052
0.006846846846846846  0.4765083222186099  0.4765131488339451
0.006856856856856857  0.4793774915895593  0.4793786542974042
0.006866866866866867  0.4822007095673241  0.4821980084523692
0.006876876876876876  0.4849774405373135  0.4849708053771056
0.006886886886886887  0.4877071467123792  0.4876966511052704
0.006896896896896897  0.4903892874857519  0.4903751577421257
0.006906906906906906  0.4930233187738916  0.4930059366750646
0.006916916916916917  0.4956086923575588  0.4955885911311783
0.006926926926926927  0.4981448552310466  0.4981227083927178
0.006936936936936937  0.5006312489710508  0.500607852030959
0.006946946946946947  0.5030673091383172  0.5030435545521178
0.006956956956956957  0.5054524647268909  0.5054293108559398
0.006966966966966967  0.5077861376775141  0.5077645728996918
0.006976976976976977  0.5100677424733445  0.5100487459208238
0.006986986986986987  0.5122966858377127  0.5122811865133563
0.006996996996996997  0.5144723665551101  0.5144612027717569
0.007007007007007007  0.5165941719485561  0.5165880566164681
0.007017017017017017  0.5186614868670105  0.5186609683068786
0.007027027027027027  0.5206736882480474  0.5206791230282016
0.007037037037037037  0.5226301445894398  0.5226416793243175
0.007047047047047047  0.5245302182069943  0.5245477790415672
0.007057057057057057  0.5263732662794448  0.5263965583585919
0.007067067067067067  0.528158642175041  0.5281871594043289
0.007077077077077077  0.5298856970772773  0.5299187419329509
0.007087087087087087  0.5315537819236764  0.531590494506074
0.007097097097097097  0.5331622496670407  0.5332016446639462
0.007107107107107107  0.5347104578631862  0.5347514676196315
0.007117117117117117  0.5361977715828551  0.5362392930980816
0.007127127127127127  0.5376235666383893  0.5376645100551155
0.007137137137137137  0.5389872331077856  0.5390265691404462
0.007147147147147147  0.5402881791303663  0.5403249829108223
0.007157157157157157  0.5415258349393641  0.5415593239437371
0.007167167167167167  0.5426996570877471  0.5427292211338511
0.007177177177177177  0.5438091328147787  0.5438343545715624
0.007187187187187187  0.5448537844924339  0.5448744494980609
0.007197197197197197  0.5458331740833072  0.545849269884506
0.007207207207207207  0.5467469075353182  0.546758612207944
0.007217217217217217  0.5475946390337726  0.5476022999780855
0.007227227227227227  0.5483760750284993  0.5483801795101437
0.007237237237237237  0.5490909779530045  0.5490921173483019
0.007247247247247247  0.5497391695542837  0.5497379996204218
0.007257257257257257  0.5503205337559877  0.5503177334576178
0.007267267267267267  0.5508350189842417  0.5508312504590954
0.007277277277277277  0.551282639894342  0.551278512017729
0.007287287287287287  0.5516634784476685  0.5516595161768645
0.007297297297297297  0.5519776843011018  0.5519743055556109
0.007307307307307307  0.5522254744855406  0.5522229757822108
0.007317317317317317  0.5524071323654233  0.5524056838102779
0.007327327327327327  0.5525230058867785  0.5525226554733667
0.007337337337337337  0.5525735051368209  0.5525741916573446
0.007347347347347347  0.5525590992528081  0.5525606725355086
0.007357357357357357  0.5524803127313748  0.5524825594235975
0.007367367367367367  0.5523377212013558  0.5523403939483125
0.007377377377377377  0.5521319467328309  0.5521347943884799
0.007387387387387387  0.5518636527625944  0.5518664492282589
0.007397397397397397  0.5515335387212396  0.5515361081364177
0.007407407407407407  0.5511423344495799  0.551144570754991
0.007417417417417417  0.5506907944922652  0.5506926738234192
0.007427427427427427  0.5501796923543747  0.5501812772757263
0.007437437437437438  0.5496098148026745  0.5496112500162788
0.007447447447447447  0.5489819562875058  0.5489834561044468
0.007457457457457457  0.5482969135541638  0.5482987420512998
0.007467467467467468  0.5475554805045533  0.5475579258617785
0.007477477477477477  0.5467584433611985  0.5467617883377494
0.007487487487487487  0.5459065761766528  0.5459110670119333
0.007497497497497498  0.5450006367223246  0.5450064529082881
0.007507507507507507  0.5440413627819578  0.5440485901364743
0.007517517517517517  0.5430294688666661  0.5430380781455438
0.007527527527527528  0.541965643360744  0.5419754762884493
0.007537537537537537  0.540850546100496  0.5408613102005118
0.007547547547547547  0.5396848063821857  0.5396960793851128
0.007557557557557558  0.5384690213899153  0.5384802653301763
0.007567567567567567  0.5372037550297569  0.5372143394572849
0.007577577577577577  0.5358895371528296  0.5358987702356635
0.007587587587587588  0.5345268631471215  0.5345340288655003
0.007597597597597597  0.533116193875641  0.5331205930535146
0.007607607607607607  0.5316579559369369  0.5316589485538392
0.007617617617617618  0.5301525422229721  0.5301495883172896
0.007627627627627627  0.5286003127487682  0.528593009276737
0.007637637637637637  0.5270015957280211  0.526989706973692
0.007647647647647648  0.5253566888690583  0.5253401683961053
0.007657657657657658  0.523665860865781  0.5236448635337501
0.007667667667667667  0.5219293530588978  0.5219042362571216
0.007677677677677678  0.5201473812433139  0.5201186951816791
0.007687687687687688  0.5183201375984484  0.5182886051901103
0.007697697697697697  0.5164477927190454  0.5164142802438775
0.007707707707707708  0.5145304977249372  0.5144959780350138
0.007717717717717718  0.5125683864292199  0.5125338969043679
0.007727727727727727  0.5105615775451903  0.5105281753052686
0.007737737737737738  0.5085101769134057  0.5084788939184791
0.007747747747747748  0.5064142797312096  0.5063860803528785
0.007757757757757757  0.504273972768046  0.5042497161931293
0.007767767767767768  0.5020893365509512  0.5020697460081598
0.007777777777777778  0.4998604475056138  0.4998460878102677
0.007787787787787787  0.4975873800395102  0.4975786443689216
0.007797797797797798  0.495270208554708  0.495267314743386
0.007807807807807808  0.4929090093790882  0.4929120053958418
0.007817817817817818  0.4905038626058978  0.4905126402969648
0.007827827827827828  0.4880548538327943  0.4880691695177181
0.007837837837837838  0.4855620757927497  0.4855815759212125
0.007847847847847847  0.4830256298704772  0.4830498797088776
0.007857857857857857  0.4804456274993045  0.4804741407307185
0.007867867867867868  0.4778221914347432  0.4778544586236883
0.007877877877877878  0.4751554569022526  0.4751909709868274
0.007887887887887888  0.4724455726179562  0.4724838499297027
0.007897897897897898  0.4696927016823443  0.4697332974220858
0.007907907907907907  0.4668970223481089  0.4669395399360654
0.007917917917917917  0.4640587286644316  0.4641028228920818
0.007927927927927928  0.4611780310010459  0.4612234054020592
0.007937937937937938  0.4582551564563613  0.45830155574829
0.007947947947947948  0.4552903491547947  0.455337547952117
0.007957957957957958  0.4522838704391735  0.4523316596736114
0.007967967967967967  0.4492359989647251  0.4492841715623264
0.007977977977977977  0.4461470307016612  0.4461953680471302
0.007987987987987989  0.4430172788537606  0.4430655394329637
0.007997997997997998  0.439847073700615  0.4398949850623305
0.008008008008008008  0.436636758818222  0.4366840172166764
0.008018018018018018  0.433386700617074  0.4334329653768416
0.008028028028028027  0.4300972799105054  0.4301421804421516
0.008038038038038037  0.4267688924553733  0.4268120385178064
0.008048048048048049  0.4234019494229594  0.4234429439260512
0.008058058058058058  0.4199968769451106  0.420035331168661
0.008068068068068068  0.4165541156361598  0.4165896656605663
0.008078078078078078  0.4130741200968926  0.4131064431587405
0.008088088088088087  0.4095573584062826  0.4095861879238226
0.008098098098098097  0.4060043116062344  0.4060294497474461
0.008108108108108109  0.4024154731840302  0.4024368000791805
0.008118118118118118  0.3987913485567121  0.3988088275413014
0.008128128128128128  0.3951324545610179  0.3951461331727656
0.008138138138138138  0.3914393189520428  0.391449325747741
0.008148148148148147  0.3877124799132883  0.3877190174985397
0.008158158158158157  0.3839524855802603  0.3839558205255424
0.008168168168168169  0.3801598935793858  0.3801603441079663
0.008178178178178178  0.3763352705835684  0.3763331930414557
0.008188188188188188  0.3724791918853494  0.3724749670338782
0.008198198198198198  0.3685922409883076  0.3685862610954261
0.008208208208208207  0.3646750092170079  0.3646676667715471
0.008218218218218219  0.3607280953455631  0.360719773995428
0.008228228228228229  0.3567521052446798  0.3567431732899946
0.008238238238238238  0.3527476515467747  0.3527384580246232
0.008248248248248248  0.3487153533286912  0.3487062264430011
0.008258258258258258  0.3446558358113485  0.3446470832081616
0.008268268268268267  0.3405697300755919  0.3405616402752182
0.008278278278278279  0.3364576727934007  0.3364505169788552
0.008288288288288289  0.3323203059736257  0.3323143393144796
0.008298298298298298  0.3281582767212716  0.3281537384860577
0.008308308308308308  0.323972237009487  0.3239693488839864
0.008318318318318318  0.3197628434632686  0.3197618057293886
0.008328328328328327  0.3155307571540362  0.3155317426761655
0.008338338338338339  0.3112766434041049  0.3112797896860986
0.008348348348348349  0.3070011716002842  0.3070065714877838
0.008358358358358358  0.3027050150157041  0.3027127068924803
0.008368368368368368  0.298388850639161  0.2983988091745703
0.008378378378378378  0.2940533590111828  0.2940654876297013
0.008388388388388388  0.2896992240661822  0.289713350318337
0.008398398398398399  0.2853271329800091  0.2853430078827354
0.008408408408408409  0.2809377760223324  0.2809550782104313
0.008418418418418418  0.2765318464133475  0.2765501916159683
0.008428428428428428  0.2721100401842218  0.2721289961279906
0.008438438438438438  0.2676730560409219  0.2676921624243458
0.008448448448448448  0.2632215952309415  0.2632403879394919
0.008458458458458459  0.258756361412609  0.2587743996984856
0.008468468468468469  0.2542780605266164  0.2542949554977562
0.008478478478478478  0.2497874006694802  0.2498028431567043
0.008488488488488488  0.2452850919686932  0.2452988776979113
0.008498498498498498  0.240771846459286  0.2407838964673944
0.008508508508508508  0.2362483779616453  0.2362587523712977
0.008518518518518519  0.2317154019603805  0.23172430556384
0.008528528528528529  0.2271736354840963  0.227181414065244
0.008538538538538538  0.222623796985921  0.2226309239007457
0.008548548548548548  0.2180666062246897  0.2180736594287092
0.008558558558558558  0.2135027841466605  0.2135104145509263
0.008568568568568568  0.2089330527677033  0.2089419454735229
0.008578578578578579  0.2043581350558737  0.2043689656128027
0.008588588588588589  0.1997787548143207  0.1997921431127105
0.008598598598598598  0.1951956365644674  0.1952121012769359
0.008608608608608608  0.19060950542942  0.190629422023281
0.008618618618618618  0.1860210870175998  0.1860446522583561
0.008628628628628628  0.1814311073065333  0.1814583128555173
0.008638638638638639  0.1768402925268265  0.1768709097296769
0.008648648648648649  0.1722493690462573  0.1722829463317452
0.008658658658658658  0.1676590632540168  0.1676949367674003
0.008668668668668668  0.163070101445092  0.163107418679207
0.008678678678678678  0.1584832097047381  0.1585209650244955
0.008688688688688688  0.1538991137931212  0.1539361939375912
0.008698698698698699  0.1493185390300584  0.1493537759840341
0.008708708708708709  0.1447422101799252  0.1447744382831368
0.008718718718718719  0.1401708513366723  0.1401989651833948
0.008728728728728728  0.1356051858090372  0.1356281954150389
0.008738738738738738  0.1310459360058779  0.1310630158837337
0.008748748748748749  0.1264938233217098  0.126504352508175
0.008758758758758759  0.1219495680224371  0.1219531587086851
0.008768768768768769  0.1174138891312489  0.117410402319671
0.008778778778778779  0.112887504314774  0.1128770518054714
0.008788788788788788  0.1083711297694345  0.1083540627035927
0.008798798798798798  0.1038654801080703  0.103842365192692
0.008808808808808809  0.09937126824681228  0.09934285359133083
0.008818818818818819  0.09488920529222009  0.09485637844264133
0.008828828828828829  0.09042000042874788  0.0903837416361038
0.008838838838838839  0.0859643608064955  0.08592569478736684
0.008848848848848848  0.0815229914292917  0.08148294084727856
0.008858858858858858  0.0770965950431215  0.07705613866461042
0.008868868868868869  0.07268587202491614  0.07264591001261973
0.008878878878878879  0.06829152027172411  0.06825284840383315
0.008888888888888889  0.06391423509027019  0.06387752890138543
0.008898898898898899  0.05955470908692542  0.05952051807316886
0.008908908908908908  0.05521363205812546  0.05518238325108108
0.008918918918918918  0.05089169088120314  0.05086370034032105
0.008928928928928929  0.04658956940571148  0.04656505956892625
0.008938938938938939  0.0423079483452144  0.0422870687653684
0.008948948948948949  0.03804750516956542  0.03803035398251168
0.008958958958958959  0.03380891399772201  0.03379555753204234
0.008968968968968968  0.02959284549108446  0.02958333373705047
0.008978978978978978  0.02539996674736554  0.02539434292245875
0.00898898898898899  0.02123094119503648  0.02122924433063478
0.008998998998998999  0.01708642848836407  0.01708868876263645
0.009009009009009009  0.01296708605054193  0.01297331177805014
0.009019019019019019  0.008873564339404276  0.008883728249278964
0.009029029029029028  0.004806510885657124  0.004820528954021025
0.009039039039039038  0.0007665692082392747  0.000784279707046383
0.00904904904904905  -0.00324562146374819  -0.00322447669568508
0.009059059059059059  -0.007229426292171402  -0.007205215716832462
0.009069069069069069  -0.01118421493031777  -0.01115742377428135
0.009079079079079079  -0.01510936162264011  -0.01508058893097213
0.009089089089089088  -0.01900424530376426  -0.01897419034668084
0.009099099099099098  -0.02286824969676546  -0.02283768743018396
0.00910910910910911  -0.02670076341066185  -0.02667050972821262
0.009119119119119119  -0.03050118003716522  -0.0304720485997511
0.009129129129129129  -0.03426889824663857  -0.03424165163954777
0.009139139139139139  -0.03800332188321904  -0.03797862064844037
0.009149149149149148  -0.04170386005916779  -0.04168221369650456
0.009159159159159158  -0.04536992724835807  -0.04535165151102324
0.00916916916916917  -0.04900094337892062  -0.04898612807179869
0.009179179179179179  -0.05259633392501682  -0.0525848249302702
0.009189189189189189  -0.05615552999775964  -0.05614692841884931
0.009199199199199199  -0.05967796843522197  -0.05967164861556736
0.009209209209209208  -0.06316309189153496  -0.06315823869580856
0.009219219219219218  -0.06661034892508684  -0.06660601317082963
0.00922922922922923  -0.07001919408577556  -0.07001436348328881
0.009239239239239239  -0.07338908800129505  -0.07338276952687948
0.009249249249249249  -0.07671949746250012  -0.07671080586679555
0.009259259259259259  -0.08000989550776497  -0.07999814175886025
0.009269269269269268  -0.0832597615063648  -0.08324453446979505
0.00927927927927928  -0.08646858124085144  -0.08644981587307872
0.00928928928928929  -0.08963584698841667  -0.08961387279808813
0.009299299299299299  -0.09276105760122347  -0.09273662209352772
0.009309309309309309  -0.09584371858571074  -0.09581798183184341
0.009319319319319319  -0.0988833421808314  -0.09885784043803837
0.009329329329329328  -0.101879447435225  -0.1018560257978742
0.00933933933933934  -0.1048315602833179  -0.1048122765242781
0.00934934934934935  -0.1077392136203353  -0.10772621754065
0.009359359359359359  -0.1106019473762084  -0.1105973419610821
0.009369369369369369  -0.1134193085883747  -0.1134250009272492
0.009379379379379379  -0.11619085147344  -0.1162084026031264
0.009389389389389389  -0.1189161374977205  -0.1189466209651726
0.0093993993993994  -0.1215947354466221  -0.1216386144042989
0.00940940940940941  -0.1242262214928821  -0.1242832534852255
0.009419419419419419  -0.1268101792636178  -0.1268793565791355
0.009429429429429429  -0.1293461999062184  -0.1294257314966747
0.009439439439439439  -0.1318338821530294  -0.1319212207763854
0.009449449449449449  -0.1342728323848402  -0.1343647479445663
0.00945945945945946  -0.1366626646931723  -0.1367553618908995
0.00946946946946947  -0.1390030009413435  -0.1390922765155373
0.009479479479479479  -0.1412934708242895  -0.1413749030081571
0.009489489489489489  -0.1435337119271628  -0.1436028724854942
0.009499499499499499  -0.1457233697826757  -0.1457760472649119
0.009509509509509509  -0.1478620979271777  -0.1478945197003494
0.00951951951951952  -0.1499495579554875  -0.1499585982625587
0.00952952952952953  -0.1519854195744307  -0.1519687813268058
0.009539539539539539  -0.1539693606551044  -0.1539257199020882
0.009549549549549549  -0.1559010672838431  -0.1558301712450871
0.009559559559559559  -0.1577802338118915  -0.1576829458955713
0.009569569569569569  -0.1596065629037621  -0.1594848511154646
0.00957957957957958  -0.1613797655842868  -0.1612366339767606
0.00958958958958959  -0.1630995612843356  -0.1629389274007123
0.009599599599599599  -0.1647656778852136  -0.1645922023087993
0.009609609609609609  -0.166377851761715  -0.1661967286966776
0.009619619619619619  -0.1679358278238369  -0.1677525479237486
0.009629629629629629  -0.1694393595571412  -0.169259457841199
0.00963963963963964  -0.1708882090617596  -0.1707170116055235
0.00964964964964965  -0.1722821470900344  -0.1721245302153047
0.009659659659659659  -0.1736209530827938  -0.1734811279685145
0.009669669669669669  -0.1749044152042489  -0.1747857492837694
0.009679679679679679  -0.1761323303755116  -0.1760372146489054
0.009689689689689689  -0.1773045043067277  -0.177234272943391
0.0096996996996997  -0.1784207515278184  -0.1783756570368732
0.00970970970970971  -0.1794808954178261  -0.1794601394129306
0.00971971971971972  -0.1804847682328616  -0.180486584629816
0.009729729729729729  -0.1814322111326445  -0.1814539956945117
0.009739739739739739  -0.1823230742056371  -0.1823615518475975
0.00974974974974975  -0.1831572164927632  -0.1832086358685119
0.00975975975975976  -0.183934506009712  -0.1839948496874604
0.00976976976976977  -0.1846548197678219  -0.1847200178591251
0.00977977977977978  -0.1853180437935403  -0.1853841792114483
0.009789789789789789  -0.1859240731464569  -0.1859875677123952
0.009799799799799799  -0.1864728119359091  -0.1865305842208743
0.00980980980980981  -0.1869641733361529  -0.1870137612940335
0.00981981981981982  -0.187398079600102  -0.1874377235456277
0.00982982982982983  -0.1877744620716296  -0.1878031462011027
0.00983983983983984  -0.1880932611964309  -0.1881107144458246
0.009849849849849849  -0.1883544265314469  -0.1883610859125344
0.009859859859859859  -0.1885579167528455  -0.1885548582562951
0.00986986986986987  -0.1887036996625594  -0.1886925431961976
0.00987987987987988  -0.1887917521933824  -0.188774547763875
0.00988988988988989  -0.1888220604126172  -0.1888011627745241
0.0098998998998999  -0.1887946195242814  -0.1887725578358732
0.009909909909909909  -0.1887094338698656  -0.1886887815343648
0.009919919919919919  -0.1885665169276469  -0.1885497648834232
0.00992992992992993  -0.1883658913105556  -0.188355325680973
0.00993993993993994  -0.1881075887625986  -0.1881051711789236
0.00994994994994995  -0.1877916501538346  -0.1877988964105855
0.00995995995995996  -0.1874181254739096  -0.1874359756829411
0.009969969969969969  -0.1869870738241455  -0.1870157450959676
0.009979979979979979  -0.1864985634081897  -0.1865373745106273
0.00998998998998999  -0.1859526715212229  -0.1859998280948899
0.01  -0.1853494845377295  -0.185401813425958
