1
1000
420001
421000
20001
21000
440001
441000
10500
420501
20501
11000
10001
5251
5750
15251
15750
20251
259
764
632
8977
127
20376
20117
20636
20870
4032
6378
889
11632
13883
6
11159
408
15059
20942
20729
15431
5824
329
16562
4574
15328
20049
955
15972
20798
5905
20187
5104
3181
695
4464
5000
16001
10775
10289
16659
289148
5658
10410
16828
9052
20439
304701
18000
17914
5001
8205
72
2369
20571
83
20313
565
825
204
5522
4313
20682
325559
13103
10931
18000
16204
14379
16512
9848
10345
3862
456
14023
3949
16606
16708
20976
18283
3708
1982
18091
3419
19022
7144
7606
2786
2618
18469
18407
18774
13809
18348
3132
8455
11233
2528
20835
2001
15000
1664
2282
2230
1917
13681
19536
13593
9890
2072
19222
313152
14929
13469
9020
366
338014
1737
18952
18864
7795
10118
13534
11970
14285
20081
9667
596
6422
19602
168
12200
293
20761
18049
2829
20408
18735
3000
7706
7287
7332
12048
13001
856
2488
20283
13849
20536
20909
409084
6489
7948
5200
12433
6867
8246
8745
12732
18684
7566
4980
20155
8528
19001
18641
1578
16874
12323
16380
728
14166
8000
1439
1121
10815
6067
1324
7001
10601
20000
4355
19819
13239
18182
1878
4789
6022
18572
17309
14631
6172
7637
531
20470
12988
35
14406
20218
231
18985
663
794
13136
14779
10378
16114
983
20345
19892
373479
13503
432
926
7918
4635
16797
11263
4549
13908
18497
20015
20704
1151
5685
5226
19067
1347
20991
20595
12654
4929
5399
20657
6770
8310
13009
2050
2205
10478
19327
12756
6992
480
19926
1642
18010
19384
19201
2807
8096
9172
4495
3663
11863
13565
8399
18122
12354
13952
1402
3750
10443
1252
7041
14725
17229
5962
62
18256
6124
13075
15899
5719
11531
3897
15584
16081
16283
19710
19434
4067
7831
5288
15990
3257
9991
12789
17445
1550
5605
19789
14215
15352
19663
1182
15685
11025
7679
3104
9581
5846
18841
4442
1938
19517
13705
16945
15454
4153
8359
20136
16851
3334
14306
746
17533
1965
9723
19362
14188
3388
2463
19753
20889
20031
16171
11835
3594
10908
17029
1701
4009
1848
1761
386
9137
20615
11457
8266
13614
276
6587
7508
146
5084
20267
6888
19453
20778
10953
2685
8224
2508
20958
12394
11181
187
18622
614
840
13519
2303
20851
9648
11306
907
14122
6544
10750
15011
6445
19303
16399
17590
4768
1601
273993
20519
14867
17066
17967
14658
5269
19970
7008
10067
20098
679
107
20554
312
516
20394
20744
7188
16269
20
20171
780
16764
20485
20331
20234
349
6809
13340
20925
5051
712
13487
20817
218
6621
16132
873
1422
16673
15040
549
6345
968
17811
19240
2167
3729
17419
11216
9619
8874
13827
20065
10515
4879
17931
9686
1095
12579
3992
18552
12940
8760
9425
9324
8114
4477
11250
20670
18165
4239
20425
581
647
15095
8156
7471
810
14644
12717
1032
4537
940
1267
20360
19107
19878
19584
12548
4371
19037
10799
20298
12921
18995
1136
19697
13262
6934
15811
8489
17892
9545
5329
16633
1817
8078
10196
19483
19268
6732
9035
1213
17750
13000
17364
1001
1382
13447
8903
1896
15532
8812
17723
12373
3086
468
3650
20455
8964
10277
1719
20202
15547
47
4431
4214
2563
14365
4117
17214
17784
17336
12995
13150
19805
11877
1475
246
396
20006
12669
1865
16493
13089
16296
19563
3912
8783
13419
15839
7693
6301
3970
3021
3817
16736
9592
18138
19939
6364
10104
13034
7410
18906
15960
1290
19629
19418
4697
8859
15618
17192
10008
1624
17696
11144
3844
19851
13295
6214
19083
1518
1456
13743
15415
12060
20716
12895
6972
157
339
2774
20625
9368
96
1590
6646
20127
443
17243
4941
5780
7236
20583
1537
20899
1675
1060
14793
11490
6158
14228
19338
7435
13175
1312
6316
17018
19398
2927
5561
19724
4166
5836
20510
17459
7555
7029
1194
13693
5672
11333
1496
12962
17521
20826
19056
3404
20967
1240
1997
15573
5139
7659
12279
19131
5185
15916
5507
11619
1361
1793
15468
17004
13977
17323
7057
19833
7722
19649
2632
1688
13769
3322
19169
5411
9828
1107
15070
9941
15237
7845
18271
10571
2887
16646
18391
1044
18374
2005
19677
3193
420
9734
12016
19211
7985
7498
11129
17105
20997
302
4740
14391
755
9918
916
18762
15887
3606
4622
3271
20787
19463
10983
1836
1748
1989
18296
9466
19503
8386
12114
19987
2037
15598
15442
10787
16159
11680
11588
3518
10209
8342
2873
15004
2545
10762
19864
6459
17507
2144
1079
19957
2581
18077
1951
10396
15316
18669
2355
5705
3293
19290
1777
3452
14049
8127
7256
16996
10360
9004
16220
11422
17880
18796
9633
8929
19739
7275
6093
2982
19615
14995
9235
18710
4095
2432
12510
11823
12189
18826
14556
10659
1168
6878
8066
4804
2940
11693
19768
9184
10316
14762
6576
12406
11850
17152
16927
12477
17578
2393
2244
18001
2119
10868
9000
16026
5473
14270
7537
11094
3678
2740
11077
9298
11709
4890
6005
14434
15858
12604
14324
18606
8799
16186
16048
1012
10223
15699
11947
19909
15500
10155
9561
15137
3046
7394
16982
13636
9283
18428
2852
2263
18530
2906
14942
2411
6954
12802
7584
11726
14200
14823
8442
14348
12001
5919
14672
15483
18237
5631
11039
7995
7371
2188
4342
2598
5796
7753
2000
2703
4002
19351
11542
3226
9253
15778
18655
11913
15107
8508
3503
11645
2095
18317
15368
2654
2960
18203
16000
11055
14964
18452
15718
5865
2323
10455
6529
7106
2758
14895
4280
18920
14985
18108
19012
18587
6035
8174
8701
14578
6000
11773
3157
17258
8621
11468
3561
18886
12006
13219
4830
9969
15389
3059
14062
13312
19183
7886
14542
3307
19118
18332
2721
8194
8418
8838
18062
8607
18971
19547
11890
17547
15732
2446
2217
1507
17617
7774
15341
6243
19257
5949
13162
17837
5435
7081
6907
6668
9532
7201
7736
13861
17658
5386
5023
17861
3348
14515
8001
3799
8297
2340
17433
12814
17174
14250
623
10672
10995
18810
14082
