t  x_1  x_2
0  0.0001491421810462933  1.027105054312138e-18
1.001001001001001e-05  0.0001711074129828111  1.027105054312138e-18
2.002002002002002e-05  0.0001589111355051716  1.054210108624275e-18
3.003003003003003e-05  0.0001311297701051868  1.054210108624275e-18
4.004004004004004e-05  0.0001037216110461802  1e-18
5.005005005005005e-05  8.809835576303453e-05  1e-18
6.006006006006006e-05  8.528286212100699e-05  1.433680868994202e-18
7.007007007007007e-05  8.695233236955553e-05  1.433680868994202e-18
8.008008008008008e-05  8.668924855026218e-05  1e-18
9.009009009009009e-05  8.44691043256466e-05  1.433680868994202e-18
0.0001001001001001001  8.508959960170028e-05  1.867361737988404e-18
0.0001101101101101101  9.39588437415902e-05  1e-18
0.0001201201201201201  0.0001117160626466053  1e-18
0.0001301301301301301  0.0001343998859199563  1e-18
0.0001401401401401401  0.0001574136886063163  1e-18
0.0001501501501501501  0.000177389783478081  1e-18
0.0001601601601601602  0.0001923167873229888  1.867361737988404e-18
0.0001701701701701702  0.0002012833430623426  1e-18
0.0001801801801801802  0.0002041863636963204  1e-18
0.0001901901901901902  0.000201439646889559  1e-18
0.0002002002002002002  0.0001937119196306344  2.734723475976807e-18
0.0002102102102102102  0.0001817660852949283  2.734723475976807e-18
0.0002202202202202202  0.0001665148632074491  1e-18
0.0002302302302302302  0.0001494532211329656  2.734723475976807e-18
0.0002402402402402402  0.0001336522142541604  4.469446951953614e-18
0.0002502502502502502  0.0001250641436534892  1e-18
0.0002602602602602602  0.0001315748111004633  4.469446951953614e-18
0.0002702702702702703  0.0001568815331741553  1e-18
0.0002802802802802803  0.0001974205372755526  1e-18
0.0002902902902902903  0.0002470353222374841  4.469446951953614e-18
0.0003003003003003003  0.0003001738748048812  1e-18
0.0003103103103103103  0.0003520966805287421  7.938893903907229e-18
0.0003203203203203203  0.0003985780801078743  4.469446951953614e-18
0.0003303303303303303  0.0004358149878944592  7.938893903907229e-18
0.0003403403403403403  0.0004605076961136343  1e-18
0.0003503503503503503  0.0004700166815233474  7.938893903907229e-18
0.0003603603603603604  0.0004625347465102053  1e-18
0.0003703703703703704  0.0004372423257646208  1e-18
0.0003803803803803804  0.0003944365603625025  1e-18
0.0003903903903903904  0.0003356597571318837  1e-18
0.0004004004004004004  0.0002639605768199371  7.938893903907229e-18
0.0004104104104104104  0.0001849384479579883  1e-18
0.0004204204204204204  0.0001127134121656419  1e-18
0.0004304304304304304  9.558712241168922e-05  1e-18
0.0004404404404404404  0.0001551164790592966  7.938893903907229e-18
0.0004504504504504505  0.0002333075612679785  1e-18
0.0004604604604604604  0.0003068310703792711  1e-18
0.0004704704704704705  0.0003677491032343546  7.938893903907229e-18
0.0004804804804804805  0.000411728551708469  1e-18
0.0004904904904904905  0.0004361785037893213  1e-18
0.0005005005005005005  0.0004399447714402253  1e-18
0.0005105105105105105  0.0004233104479626636  1e-18
0.0005205205205205205  0.0003881089498324744  1e-18
0.0005305305305305305  0.0003380229116748287  1e-18
0.0005405405405405405  0.0002794244779676876  1e-18
0.0005505505505505506  0.0002236540366311129  1e-18
0.0005605605605605605  0.0001907034951911302  1e-18
0.0005705705705705706  0.0002013094793367041  1e-18
0.0005805805805805806  0.000249886086694736  1e-18
0.0005905905905905905  0.0003142344984973214  1e-18
0.0006006006006006006  0.00037882115781828  1e-18
0.0006106106106106106  0.0004353050156225327  2.875557561562891e-17
0.0006206206206206207  0.0004790838571608616  1.487778780781446e-17
0.0006306306306306306  0.0005076632039962113  1e-18
0.0006406406406406406  0.000519980865348467  1.487778780781446e-17
0.0006506506506506507  0.0005160590984241677  1.487778780781446e-17
0.0006606606606606606  0.0004967667624192153  1.487778780781446e-17
0.0006706706706706706  0.0004636510165426646  2.875557561562891e-17
0.0006806806806806807  0.0004189007281686818  7.038893903907229e-17
0.0006906906906906907  0.0003656342386757711  2.875557561562891e-17
0.0007007007007007007  0.0003089832720766252  5.651115123125783e-17
0.0007107107107107107  0.0002589385713921566  2.875557561562891e-17
0.0007207207207207207  0.0002346030302309039  2.875557561562891e-17
0.0007307307307307307  0.0002577636266017371  2.875557561562891e-17
0.0007407407407407407  0.0003292433052796659  5.651115123125783e-17
0.0007507507507507507  0.0004330382023840744  2.875557561562891e-17
0.0007607607607607608  0.0005556265474196837  1e-18
0.0007707707707707707  0.0006882527731885382  1e-18
0.0007807807807807808  0.0008241837046310284  5.651115123125783e-17
0.0007907907907907908  0.0009571607574511802  2.875557561562891e-17
0.0008008008008008008  0.001080870623420088  2.875557561562891e-17
0.0008108108108108108  0.001188903761579385  8.426672684688674e-17
0.0008208208208208208  0.001274941849811674  2.875557561562891e-17
0.0008308308308308308  0.001333052852121547  2.875557561562891e-17
0.0008408408408408408  0.001358027464849376  5.651115123125783e-17
0.0008508508508508508  0.001345713810235943  1.120223024625156e-16
0.0008608608608608609  0.001293318575387961  1e-18
0.0008708708708708709  0.001199650167340068  1e-18
0.0008808808808808808  0.001065285730130387  5.651115123125783e-17
0.0008908908908908909  0.0008926515358978502  2.875557561562891e-17
0.0009009009009009009  0.0006860203686170901  8.426672684688674e-17
0.0009109109109109108  0.0004514871329842064  1e-18
0.0009209209209209209  0.0001976682449204003  2.875557561562891e-17
0.0009309309309309309  8.364261377991463e-05  5.651115123125783e-17
0.000940940940940941  0.0003477662667437938  2.875557561562891e-17
0.0009509509509509509  0.0006115380846753846  2.875557561562891e-17
0.0009609609609609609  0.0008597354817252745  8.426672684688674e-17
0.000970970970970971  0.001083006031559133  1e-18
0.0009809809809809809  0.001273316348218335  2.875557561562891e-17
0.0009909909909909911  0.00142410841148118  2.875557561562891e-17
0.001001001001001001  0.001530584829561421  5.651115123125783e-17
0.001011011011011011  0.001589937625493787  5.651115123125783e-17
0.001021021021021021  0.001601483787476009  5.651115123125783e-17
0.001031031031031031  0.001566694836200094  1e-18
0.001041041041041041  0.001489118772283983  1e-18
0.001051051051051051  0.001374202827281295  5.651115123125783e-17
0.001061061061061061  0.001229038329956749  1.120223024625156e-16
0.001071071071071071  0.001062070144440931  1e-18
0.001081081081081081  0.0008828573487479441  1e-18
0.001091091091091091  0.000702083887764818  5.651115123125783e-17
0.001101101101101101  0.0005323243524610832  1.120223024625156e-16
0.001111111111111111  0.0003907422438178787  5.651115123125783e-17
0.001121121121121121  0.0003036140484884161  1e-18
0.001131131131131131  0.0002943544222470608  5.651115123125783e-17
0.001141141141141141  0.0003446879663271466  1.120223024625156e-16
0.001151151151151151  0.0004163909282635561  1e-18
0.001161161161161161  0.0004895270094979273  5.651115123125783e-17
0.001171171171171171  0.0005587613565837216  5.651115123125783e-17
0.001181181181181181  0.000624595213800063  5.651115123125783e-17
0.001191191191191191  0.0006887910179538421  5.651115123125783e-17
0.001201201201201201  0.0007520149528468194  1e-18
0.001211211211211211  0.0008128176384386505  5.651115123125783e-17
0.001221221221221221  0.0008676575650637178  1e-18
0.001231231231231231  0.0009116117466115938  5.651115123125783e-17
0.001241241241241241  0.0009393684109708859  5.651115123125783e-17
0.001251251251251251  0.0009462177935868894  1e-18
0.001261261261261261  0.0009289343160263444  5.651115123125783e-17
0.001271271271271271  0.0008865837642325503  5.651115123125783e-17
0.001281281281281281  0.0008214007054907312  1e-18
0.001291291291291291  0.0007400103958325794  1e-18
0.001301301301301301  0.0006553402939651479  5.651115123125783e-17
0.001311311311311311  0.0005887146866417011  5.651115123125783e-17
0.001321321321321321  0.000567151393214967  1e-18
0.001331331331331331  0.000607267947679573  5.651115123125783e-17
0.001341341341341341  0.0006998015625788538  1e-18
0.001351351351351351  0.0008201273463048288  5.651115123125783e-17
0.001361361361361361  0.0009450459390883661  1e-18
0.001371371371371371  0.001057494333910026  1e-18
0.001381381381381381  0.001145549630362599  1e-18
0.001391391391391391  0.001201132382542533  5.651115123125783e-17
0.001401401401401401  0.001219291878014091  5.651115123125783e-17
0.001411411411411411  0.001197855210948764  1e-18
0.001421421421421421  0.00113721238104626  1e-18
0.001431431431431431  0.001040113569707687  5.651115123125783e-17
0.001441441441441441  0.000911427198365656  5.651115123125783e-17
0.001451451451451451  0.0007578589274813774  5.651115123125783e-17
0.001461461461461461  0.0005877021931196589  1e-18
0.001471471471471471  0.0004109305489403956  5.651115123125783e-17
0.001481481481481481  0.0002414799201438487  5.651115123125783e-17
0.001491491491491492  0.000119889757832032  5.651115123125783e-17
0.001501501501501501  0.0001611352663797594  5.651115123125783e-17
0.001511511511511511  0.0002715499561535815  5.651115123125783e-17
0.001521521521521522  0.0003673493640452725  5.651115123125783e-17
0.001531531531531532  0.000434267748491071  5.651115123125783e-17
0.001541541541541541  0.000468823752262479  1e-18
0.001551551551551552  0.0004717084022593161  1e-18
0.001561561561561562  0.0004472581930174701  5.651115123125783e-17
0.001571571571571571  0.000404375035809457  1e-18
0.001581581581581582  0.0003587692632907634  1e-18
0.001591591591591592  0.0003347130212542531  1e-18
0.001601601601601602  0.0003558282321456907  1e-18
0.001611611611611612  0.0004235403883235989  1e-18
0.001621621621621622  0.0005192589709718227  1e-18
0.001631631631631632  0.0006238984819780686  1e-18
0.001641641641641642  0.0007242702604865384  1e-18
0.001651651651651652  0.0008118611447082449  1e-18
0.001661661661661662  0.0008813412799746204  1e-18
0.001671671671671672  0.0009297482260398933  1e-18
0.001681681681681682  0.0009560242398028194  1e-18
0.001691691691691692  0.0009606663566211569  1e-18
0.001701701701701702  0.0009453843891956272  1e-18
0.001711711711711712  0.0009127383016407871  1e-18
0.001721721721721722  0.0008657706030152659  1e-18
0.001731731731731732  0.0008076815049001962  1e-18
0.001741741741741742  0.0007416221984673739  1e-18
0.001751751751751752  0.0006707065082969314  1e-18
0.001761761761761762  0.0005983624755755215  1e-18
0.001771771771771772  0.0005291485952310216  1e-18
0.001781781781781782  0.0004700283434888247  1e-18
0.001791791791791792  0.0004313413446483295  1e-18
0.001801801801801802  0.0004247896186465057  1e-18
0.001811811811811812  0.0004563658267202458  1e-18
0.001821821821821822  0.0005212571256037229  1e-18
0.001831831831831832  0.000608096284104555  1e-18
0.001841841841841842  0.0007052978634328949  1e-18
0.001851851851851852  0.0008033276554458638  1e-18
0.001861861861861862  0.0008946147777959537  1e-18
0.001871871871871872  0.0009731468883584632  1e-18
0.001881881881881882  0.001034279042970939  1e-18
0.001891891891891892  0.001074730956389039  1e-18
0.001901901901901902  0.001092676277968695  1e-18
0.001911911911911912  0.001087856156581569  1e-18
0.001921921921921922  0.001061680159520366  1e-18
0.001931931931931932  0.001017295587533927  1e-18
0.001941941941941942  0.0009596063784650789  1e-18
0.001951951951951952  0.0008951908515240407  1e-18
0.001961961961961962  0.0008319778844119846  1e-18
0.001971971971971972  0.000778395406750727  1e-18
0.001981981981981982  0.0007416755925759028  1e-18
0.001991991991991992  0.0007255333295405241  1e-18
0.002002002002002002  0.0007285476411745007  1e-18
0.002012012012012012  0.0007447327988032657  1e-18
0.002022022022022022  0.0007659567461495715  1e-18
0.002032032032032032  0.0007844057805506816  1e-18
0.002042042042042042  0.0007939799142745363  1e-18
0.002052052052052052  0.0007907073297825612  1e-18
0.002062062062062062  0.0007726467436123323  1e-18
0.002072072072072072  0.0007396024115527769  1e-18
0.002082082082082082  0.0006927921591396635  1e-18
0.002092092092092092  0.0006345131599407339  1e-18
0.002102102102102102  0.000567816766895965  1e-18
0.002112112112112112  0.0004961967531855633  1e-18
0.002122122122122122  0.0004232965969719972  1e-18
0.002132132132132132  0.0003526443436444874  1e-18
0.002142142142142142  0.0002874265060289163  1e-18
0.002152152152152152  0.0002303158941365422  1e-18
0.002162162162162162  0.0001833708144851858  1e-18
0.002172172172172172  0.0001480119546256641  1e-18
0.002182182182182182  0.00012501953713697  1e-18
0.002192192192192192  0.0001143860236153312  1e-18
0.002202202202202202  0.0001150146844643137  1e-18
0.002212212212212212  0.000124755518122458  1e-18
0.002222222222222222  0.0001409553397637999  1e-18
0.002232232232232232  0.0001609215339186843  1e-18
0.002242242242242242  0.0001820688799315978  1e-18
0.002252252252252252  0.0002019816976934914  1e-18
0.002262262262262262  0.0002185199896380401  1e-18
0.002272272272272272  0.0002299601887306939  1e-18
0.002282282282282282  0.0002351399489729175  1e-18
0.002292292292292292  0.0002335930092881791  1e-18
0.002302302302302302  0.0002256763537101232  1e-18
0.002312312312312312  0.0002127011659961031  1e-18
0.002322322322322322  0.0001970668301963964  1e-18
0.002332332332332332  0.0001823068379858342  1e-18
0.002342342342342342  0.0001726911596868095  1e-18
0.002352352352352352  0.0001718132400388791  1e-18
0.002362362362362362  0.000180552340074382  1e-18
0.002372372372372372  0.0001965567242293069  1e-18
0.002382382382382382  0.000215942870550352  1e-18
0.002392392392392392  0.0002351427988798686  1e-18
0.002402402402402402  0.0002517061995727384  1e-18
0.002412412412412412  0.0002644347731069071  1e-18
0.002422422422422422  0.0002733151224419306  1e-18
0.002432432432432432  0.0002793879933582087  1e-18
0.002442442442442442  0.0002845114439314854  1e-18
0.002452452452452453  0.0002909261236055058  1e-18
0.002462462462462462  0.0003006003964339298  1e-18
0.002472472472472472  0.0003145297737705338  1e-18
0.002482482482482483  0.0003323291431357211  1e-18
0.002492492492492492  0.0003523294956452825  1e-18
0.002502502502502502  0.0003720510813264428  1e-18
0.002512512512512513  0.0003887536285668501  1e-18
0.002522522522522522  0.0003998656769993093  1e-18
0.002532532532532532  0.0004032549014671769  1e-18
0.002542542542542543  0.0003973766227441248  1e-18
0.002552552552552552  0.0003813430153953074  1e-18
0.002562562562562563  0.0003549399308726493  1e-18
0.002572572572572573  0.0003186050474843223  1e-18
0.002582582582582582  0.0002733742789513591  1e-18
0.002592592592592593  0.0002208011411934195  1e-18
0.002602602602602603  0.0001628536632905546  1e-18
0.002612612612612612  0.0001017942372333405  1e-18
0.002622622622622623  4.004913907976419e-05  1e-18
0.002632632632632633  1.993771579281808e-05  1e-18
0.002642642642642642  7.57989152174352e-05  1e-18
0.002652652652652653  0.000125426112355495  1e-18
0.002662662662662663  0.000167029149495772  1e-18
0.002672672672672672  0.0001992402842506227  1e-18
0.002682682682682683  0.0002211732386907024  1e-18
0.002692692692692693  0.0002324578215349162  1e-18
0.002702702702702703  0.0002332482172677253  1e-18
0.002712712712712713  0.0002242077360653816  1e-18
0.002722722722722723  0.0002064770755132907  1e-18
0.002732732732732733  0.0001816414389890613  1e-18
0.002742742742742743  0.0001517331328206163  1e-18
0.002752752752752753  0.0001193717554872694  1e-18
0.002762762762762763  8.836025263192498e-05  1e-18
0.002772772772772773  6.547227300787121e-05  1e-18
0.002782782782782783  6.084879102993076e-05  1e-18
0.002792792792792793  7.46731897553939e-05  1e-18
0.002802802802802803  9.535104026703825e-05  1e-18
0.002812812812812813  0.000115307513224446  1e-18
0.002822822822822823  0.0001314827175761744  1e-18
0.002832832832832833  0.000142727800618092  1e-18
0.002842842842842843  0.0001487963738600671  1e-18
0.002852852852852853  0.0001499818107948181  1e-18
0.002862862862862863  0.0001469428163543522  1e-18
0.002872872872872873  0.0001405810615763447  1e-18
0.002882882882882883  0.000131928025404101  1e-18
0.002892892892892893  0.0001220259868715224  1e-18
0.002902902902902903  0.0001118002275033883  1e-18
0.002912912912912913  0.0001019327266397118  1e-18
0.002922922922922923  9.276652627265821e-05  1e-18
0.002932932932932933  8.428343759148798e-05  1e-18
0.002942942942942943  7.618282237714626e-05  1e-18
0.002952952952952953  6.804175256081841e-05  1e-18
0.002962962962962963  5.949612394801038e-05  1e-18
0.002972972972972973  5.03894344275861e-05  1.120223024625156e-16
0.002982982982982983  4.088594379543687e-05  5.651115123125783e-17
0.002992992992992993  3.161618823368266e-05  1e-18
0.003003003003003003  2.40081789390745e-05  1e-18
0.003013013013013013  2.058313863510057e-05  5.651115123125783e-17
0.003023023023023023  2.275469497645266e-05  5.651115123125783e-17
0.003033033033033033  2.811051414693968e-05  1e-18
0.003043043043043043  3.37756584153944e-05  1e-18
0.003053053053053053  3.820958560608295e-05  5.651115123125783e-17
0.003063063063063063  4.066481902254299e-05  5.651115123125783e-17
0.003073073073073073  4.079584039214058e-05  1e-18
0.003083083083083083  3.851540933151141e-05  1.120223024625156e-16
0.003093093093093093  3.394282883018197e-05  5.651115123125783e-17
0.003103103103103103  2.739694648379431e-05  1.120223024625156e-16
0.003113113113113113  1.948402045973986e-05  5.651115123125783e-17
0.003123123123123123  1.175850740085722e-05  5.651115123125783e-17
0.003133133133133133  1.015697331275381e-05  5.651115123125783e-17
0.003143143143143143  1.771498428801482e-05  1.120223024625156e-16
0.003153153153153153  2.768063443065471e-05  5.651115123125783e-17
0.003163163163163163  3.762277168752005e-05  5.651115123125783e-17
0.003173173173173173  4.67541730447866e-05  1e-18
0.003183183183183183  5.464408759652341e-05  5.651115123125783e-17
0.003193193193193193  6.10217683819557e-05  5.651115123125783e-17
0.003203203203203203  6.573191295015112e-05  5.651115123125783e-17
0.003213213213213213  6.871549180508024e-05  5.651115123125783e-17
0.003223223223223223  6.999358080035966e-05  1.120223024625156e-16
0.003233233233233233  6.964988854295153e-05  1e-18
0.003243243243243243  6.781214462725542e-05  1e-18
0.003253253253253253  6.463390652644669e-05  5.651115123125783e-17
0.003263263263263263  6.027876588276713e-05  5.651115123125783e-17
0.003273273273273273  5.490876812607109e-05  1e-18
0.003283283283283283  4.86783820020108e-05  5.651115123125783e-17
0.003293293293293293  4.173475887925682e-05  5.651115123125783e-17
0.003303303303303303  3.422502971392753e-05  1e-18
0.003313313313313313  2.63144477024722e-05  5.651115123125783e-17
0.003323323323323323  1.823812250682902e-05  1.120223024625156e-16
0.003333333333333333  1.055384648366966e-05  5.651115123125783e-17
0.003343343343343343  6.202917677653184e-06  5.651115123125783e-17
0.003353353353353353  1.060345171861181e-05  5.651115123125783e-17
0.003363363363363363  1.788293723287365e-05  5.651115123125783e-17
0.003373373373373373  2.521258680454001e-05  1.120223024625156e-16
0.003383383383383383  3.202828668491094e-05  1e-18
0.003393393393393393  3.808147053752527e-05  1e-18
0.003403403403403403  4.321676495127927e-05  1.120223024625156e-16
0.003413413413413413  4.733872648537543e-05  5.651115123125783e-17
0.003423423423423423  5.040786580436869e-05  5.651115123125783e-17
0.003433433433433433  5.244178971650713e-05  1.120223024625156e-16
0.003443443443443443  5.351587227051425e-05  5.651115123125783e-17
0.003453453453453453  5.376161985754004e-05  5.651115123125783e-17
0.003463463463463463  5.336166851212327e-05  1.120223024625156e-16
0.003473473473473473  5.254016807781913e-05  5.651115123125783e-17
0.003483483483483484  5.154683705957052e-05  1e-18
0.003493493493493493  5.063302956517414e-05  5.651115123125783e-17
0.003503503503503503  5.002012914788612e-05  1.120223024625156e-16
0.003513513513513514  4.986533783537123e-05  5.651115123125783e-17
0.003523523523523523  5.023545541229753e-05  1e-18
0.003533533533533533  5.109984468673123e-05  5.651115123125783e-17
0.003543543543543544  5.234584448089229e-05  1e-18
0.003553553553553553  5.380871767844205e-05  1e-18
0.003563563563563563  5.53032421738655e-05  1e-18
0.003573573573573574  5.664766100465865e-05  1e-18
0.003583583583583583  5.767738618761493e-05  1e-18
0.003593593593593594  5.825033033153538e-05  5.651115123125783e-17
0.003603603603603604  5.824712621613034e-05  5.651115123125783e-17
0.003613613613613613  5.756906611834623e-05  1.120223024625156e-16
0.003623623623623624  5.613577811029425e-05  1e-18
0.003633633633633634  5.388399032478942e-05  2.875557561562891e-17
0.003643643643643643  5.076846485937468e-05  1e-18
0.003653653653653654  4.676639737564221e-05  2.875557561562891e-17
0.003663663663663664  4.188782340588926e-05  2.875557561562891e-17
0.003673673673673673  3.61985700659903e-05  5.651115123125783e-17
0.003683683683683684  2.987568247690301e-05  2.875557561562891e-17
0.003693693693693694  2.336306443771615e-05  2.875557561562891e-17
0.003703703703703703  1.784579714979808e-05  5.651115123125783e-17
0.003713713713713714  1.607932315234476e-05  2.875557561562891e-17
0.003723723723723724  2.021599494521733e-05  1e-18
0.003733733733733734  2.828501029399704e-05  2.875557561562891e-17
0.003743743743743744  3.802627305716397e-05  2.875557561562891e-17
0.003753753753753754  4.833882821252446e-05  2.875557561562891e-17
0.003763763763763764  5.8609096409136e-05  8.426672684688674e-17
0.003773773773773774  6.838325650198369e-05  1.120223024625156e-16
0.003783783783783784  7.726796952245076e-05  2.875557561562891e-17
0.003793793793793794  8.49048834285755e-05  1e-18
0.003803803803803804  9.097007653576613e-05  1e-18
0.003813813813813814  9.518276020732349e-05  2.875557561562891e-17
0.003823823823823824  9.731725263208954e-05  2.875557561562891e-17
0.003833833833833834  9.721534742206061e-05  5.651115123125783e-17
0.003843843843843844  9.479736422135363e-05  1e-18
0.003853853853853854  9.007070228064483e-05  2.875557561562891e-17
0.003863863863863864  8.313506744108306e-05  2.875557561562891e-17
0.003873873873873874  7.418384275984028e-05  2.875557561562891e-17
0.003883883883883884  6.350146178796884e-05  1e-18
0.003893893893893894  5.145728144351758e-05  5.651115123125783e-17
0.003903903903903904  3.849835155994036e-05  1e-18
0.003913913913913914  2.515285774158838e-05  1.487778780781446e-17
0.003923923923923924  1.214992323065125e-05  1e-18
0.003933933933933934  4.396105151437331e-06  1.487778780781446e-17
0.003943943943943944  1.366690144153269e-05  5.651115123125783e-17
0.003953953953953954  2.338975001202879e-05  2.875557561562891e-17
0.003963963963963964  3.121170009720817e-05  1e-18
0.003973973973973974  3.663462089826218e-05  1e-18
0.003983983983983984  3.935437627726789e-05  1e-18
0.003993993993993994  3.919423146142561e-05  1e-18
0.004004004004004004  3.6103068038063e-05  1e-18
0.004014014014014014  3.016291540628884e-05  1e-18
0.004024024024024024  2.161496070487158e-05  1e-18
0.004034034034034034  1.107374554299139e-05  1e-18
0.004044044044044044  5.771001005724426e-06  1e-18
0.004054054054054054  1.840168458277203e-05  1e-18
0.004064064064064064  3.366594322926512e-05  1e-18
0.004074074074074074  4.946873875424481e-05  1e-18
0.004084084084084084  6.506277101904315e-05  1e-18
0.004094094094094094  7.980814385278674e-05  7.938893903907229e-18
0.004104104104104104  9.311998595482537e-05  7.938893903907229e-18
0.004114114114114114  0.0001044793114695835  7.938893903907229e-18
0.004124124124124124  0.0001134514632355273  1e-18
0.004134134134134134  0.0001197034578817607  4.469446951953614e-18
0.004144144144144144  0.000123017662573236  4.469446951953614e-18
0.004154154154154154  0.0001233006564280928  1e-18
0.004164164164164164  0.0001205867446384682  2.734723475976807e-18
0.004174174174174174  0.0001150360710580324  1e-18
0.004184184184184184  0.0001069278347107549  1e-18
0.004194194194194194  9.664996101677605e-05  1.216840434497101e-18
0.004204204204204204  8.468816087062258e-05  1.433680868994202e-18
0.004214214214214214  7.162090836273981e-05  1.867361737988404e-18
0.004224224224224224  5.813629341481083e-05  1e-18
0.004234234234234234  4.511333809634152e-05  1e-18
0.004244244244244244  3.387552789700535e-05  4.469446951953614e-18
0.004254254254254254  2.668330108065272e-05  4.469446951953614e-18
0.004264264264264264  2.606583961803275e-05  4.469446951953614e-18
0.004274274274274274  3.12130257691136e-05  1e-18
0.004284284284284284  3.890560507046761e-05  1e-18
0.004294294294294294  4.716098793529111e-05  1.487778780781446e-17
0.004304304304304304  5.525014479091854e-05  1.487778780781446e-17
0.004314314314314314  6.300250115434143e-05  1e-18
0.004324324324324324  7.04582884251418e-05  1e-18
0.004334334334334334  7.770220210036368e-05  7.938893903907229e-18
0.004344344344344344  8.477319631360431e-05  7.938893903907229e-18
0.004354354354354354  9.162072694464656e-05  1e-18
0.004364364364364364  9.809836231706084e-05  1e-18
0.004374374374374375  0.0001039860806649707  1.487778780781446e-17
0.004384384384384384  0.0001090300451247481  1e-18
0.004394394394394394  0.0001129888932290448  1e-18
0.004404404404404405  0.0001156783092294618  1e-18
0.004414414414414414  0.0001170086730157935  1e-18
0.004424424424424424  0.0001170124176277472  1e-18
0.004434434434434435  0.0001158579655842092  1e-18
0.004444444444444444  0.0001138458623831725  1e-18
0.004454454454454454  0.0001113808879252952  1e-18
0.004464464464464465  0.0001089137156880019  1e-18
0.004474474474474474  0.0001068514753594093  1e-18
0.004484484484484484  0.0001054520630293442  1e-18
0.004494494494494495  0.000104736841163247  1e-18
0.004504504504504504  0.0001044615975517736  5.651115123125783e-17
0.004514514514514514  0.0001041617021225619  1.487778780781446e-17
0.004524524524524525  0.0001032498479479584  1.487778780781446e-17
0.004534534534534534  0.0001011260894178011  1.487778780781446e-17
0.004544544544544544  9.726950056788889e-05  4.263336342344337e-17
0.004554554554554555  9.130090031597642e-05  1.487778780781446e-17
0.004564564564564564  8.301989329218829e-05  2.875557561562891e-17
0.004574574574574574  7.242467753574021e-05  2.875557561562891e-17
0.004584584584584585  5.972604639554975e-05  1.487778780781446e-17
0.004594594594594595  4.538130648295791e-05  5.651115123125783e-17
0.004604604604604604  3.02632712136184e-05  1e-18
0.004614614614614615  1.683617659800446e-05  2.875557561562891e-17
0.004624624624624625  1.516395947197875e-05  1e-18
0.004634634634634634  2.691890035688012e-05  5.651115123125783e-17
0.004644644644644645  4.047177990809461e-05  1e-18
0.004654654654654655  5.254936495099271e-05  5.651115123125783e-17
0.004664664664664664  6.200935862144971e-05  5.651115123125783e-17
0.004674674674674675  6.816861904231295e-05  2.875557561562891e-17
0.004684684684684685  7.059468494075233e-05  2.875557561562891e-17
0.004694694694694694  6.909322983425065e-05  1e-18
0.004704704704704705  6.374801189668104e-05  1e-18
0.004714714714714715  5.50242065779614e-05  5.651115123125783e-17
0.004724724724724724  4.407088490259873e-05  2.875557561562891e-17
0.004734734734734735  3.373122120572937e-05  2.875557561562891e-17
0.004744744744744745  3.05531959670752e-05  1e-18
0.004754754754754754  3.961488898986567e-05  1e-18
0.004764764764764765  5.610519877158775e-05  2.875557561562891e-17
0.004774774774774775  7.481782507391898e-05  1.120223024625156e-16
0.004784784784784784  9.310927001078671e-05  5.651115123125783e-17
0.004794794794794795  0.0001093799215993157  8.426672684688674e-17
0.004804804804804805  0.0001224544529598137  1e-18
0.004814814814814814  0.0001314224585518249  2.875557561562891e-17
0.004824824824824825  0.0001356124900870951  2.875557561562891e-17
0.004834834834834835  0.0001346070375264782  1e-18
0.004844844844844844  0.000128275497160761  1e-18
0.004854854854854855  0.0001168312380550063  5.651115123125783e-17
0.004864864864864865  0.0001009566360161515  2.875557561562891e-17
0.004874874874874875  8.214961398328349e-05  2.875557561562891e-17
0.004884884884884885  6.380185682823799e-05  1e-18
0.004894894894894895  5.373769069146816e-05  2.875557561562891e-17
0.004904904904904905  6.160730057077782e-05  8.426672684688674e-17
0.004914914914914915  8.462967333638012e-05  2.875557561562891e-17
0.004924924924924925  0.0001143064548493197  1e-18
0.004934934934934935  0.0001458491944133925  2.875557561562891e-17
0.004944944944944945  0.0001767848881658356  1e-18
0.004954954954954955  0.0002055432036218043  1e-18
0.004964964964964965  0.0002309795261231902  8.426672684688674e-17
0.004974974974974975  0.0002522230432244727  2.875557561562891e-17
0.004984984984984985  0.0002686248890899824  5.651115123125783e-17
0.004994994994994995  0.0002797369316627425  5.651115123125783e-17
0.005005005005005005  0.0002852985008144049  5.651115123125783e-17
0.005015015015015015  0.0002852235274117613  2.875557561562891e-17
0.005025025025025025  0.0002795860516226944  8.426672684688674e-17
0.005035035035035035  0.0002686042618486123  2.875557561562891e-17
0.005045045045045045  0.0002526240041431755  2.875557561562891e-17
0.005055055055055055  0.0002321028211603255  1e-18
0.005065065065065065  0.0002075952971565353  2.875557561562891e-17
0.005075075075075075  0.000179740018035046  1e-18
0.005085085085085085  0.0001492479564228921  8.426672684688674e-17
0.005095095095095095  0.0001168918267195131  2.875557561562891e-17
0.005105105105105105  8.349668696329368e-05  2.875557561562891e-17
0.005115115115115115  4.993923492317404e-05  1e-18
0.005125125125125125  1.729114488831006e-05  2.875557561562891e-17
0.005135135135135135  1.51034516429267e-05  2.875557561562891e-17
0.005145145145145145  4.378991373918396e-05  5.651115123125783e-17
0.005155155155155155  6.959678540442986e-05  1e-18
0.005165165165165165  9.158442863892135e-05  2.875557561562891e-17
0.005175175175175175  0.0001091451030642285  5.651115123125783e-17
0.005185185185185185  0.0001218366372816959  8.426672684688674e-17
0.005195195195195195  0.0001293950876221554  1e-18
0.005205205205205205  0.0001317555560795167  5.651115123125783e-17
0.005215215215215215  0.0001290714574812796  5.651115123125783e-17
0.005225225225225225  0.0001217333658939743  8.426672684688674e-17
0.005235235235235235  0.0001103954274023809  5.651115123125783e-17
0.005245245245245245  9.603111079045991e-05  1e-18
0.005255255255255255  8.007315604322967e-05  1e-18
0.005265265265265265  6.475589733218223e-05  2.875557561562891e-17
0.005275275275275275  5.369039230404953e-05  5.651115123125783e-17
0.005285285285285285  5.126078422649729e-05  2.875557561562891e-17
0.005295295295295295  5.824215600593857e-05  1e-18
0.005305305305305305  7.050918126412148e-05  1e-18
0.005315315315315315  8.388493069026662e-05  5.651115123125783e-17
0.005325325325325325  9.58973306061704e-05  2.875557561562891e-17
0.005335335335335335  0.0001051963377490713  5.651115123125783e-17
0.005345345345345345  0.0001110534366493056  5.651115123125783e-17
0.005355355355355355  0.0001131338961279658  8.426672684688674e-17
0.005365365365365365  0.0001113934177859328  8.426672684688674e-17
0.005375375375375375  0.0001060211602874555  1e-18
0.005385385385385385  9.739923905586761e-05  2.875557561562891e-17
0.005395395395395395  8.606962095167317e-05  1e-18
0.005405405405405406  7.271061174448623e-05  5.651115123125783e-17
0.005415415415415415  5.813942614815547e-05  1.487778780781446e-17
0.005425425425425425  4.339895401367085e-05  2.875557561562891e-17
0.005435435435435436  3.014777855969784e-05  4.263336342344337e-17
0.005445445445445445  2.191353392521892e-05  1.487778780781446e-17
0.005455455455455455  2.328103111085777e-05  4.263336342344337e-17
0.005465465465465466  3.130017770172762e-05  1.487778780781446e-17
0.005475475475475475  4.055943814320372e-05  2.875557561562891e-17
0.005485485485485485  4.881093908335547e-05  1.487778780781446e-17
0.005495495495495496  5.524543188683447e-05  5.651115123125783e-17
0.005505505505505505  5.955507269823513e-05  1e-18
0.005515515515515515  6.167530186606636e-05  1e-18
0.005525525525525526  6.171716171374856e-05  1e-18
0.005535535535535535  5.99692301163961e-05  1e-18
0.005545545545545545  5.694635104248685e-05  1e-18
0.005555555555555556  5.348084357601852e-05  1e-18
0.005565565565565565  5.081115742909534e-05  1e-18
0.005575575575575575  5.047622732538112e-05  1e-18
0.005585585585585586  5.373651042121372e-05  1e-18
0.005595595595595595  6.083029264855852e-05  1e-18
0.005605605605605605  7.097552765268438e-05  1e-18
0.005615615615615616  8.30004648914371e-05  1e-18
0.005625625625625626  9.579121305965964e-05  7.938893903907229e-18
0.005635635635635635  0.0001084073217537905  1e-18
0.005645645645645646  0.0001200695731590725  7.938893903907229e-18
0.005655655655655656  0.0001301355412498196  7.938893903907229e-18
0.005665665665665665  0.0001380882833667633  1e-18
0.005675675675675676  0.0001435354991854798  7.938893903907229e-18
0.005685685685685686  0.000146212576953188  1e-18
0.005695695695695695  0.0001459843019957919  1e-18
0.005705705705705706  0.0001428418453663121  7.938893903907229e-18
0.005715715715715716  0.0001368932006445929  1.487778780781446e-17
0.005725725725725725  0.0001283465464216203  7.938893903907229e-18
0.005735735735735736  0.0001174872088924479  4.469446951953614e-18
0.005745745745745746  0.0001046501082015853  4.469446951953614e-18
0.005755755755755755  9.019086661299624e-05  1e-18
0.005765765765765766  7.446045068051884e-05  1e-18
0.005775775775775776  5.7791850925247e-05  1e-18
0.005785785785785785  4.05226240220747e-05  1.867361737988404e-18
0.005795795795795796  2.319723077683795e-05  1.216840434497101e-18
0.005805805805805806  9.338402017071159e-06  1.867361737988404e-18
0.005815815815815815  1.802461236755352e-05  1e-18
0.005825825825825826  3.552944541205008e-05  1e-18
0.005835835835835836  5.366132273724372e-05  2.734723475976807e-18
0.005845845845845845  7.150713892068469e-05  7.938893903907229e-18
0.005855855855855856  8.856521561413315e-05  4.469446951953614e-18
0.005865865865865866  0.0001043329513339736  7.938893903907229e-18
0.005875875875875875  0.000118263661264563  1e-18
0.005885885885885886  0.0001297805696476922  1.487778780781446e-17
0.005895895895895896  0.0001383098465262398  7.938893903907229e-18
0.005905905905905906  0.0001433223906060265  7.938893903907229e-18
0.005915915915915916  0.0001443796011884478  1e-18
0.005925925925925926  0.0001411810273041943  7.938893903907229e-18
0.005935935935935936  0.0001336152163062474  1e-18
0.005945945945945946  0.0001218223848700252  1e-18
0.005955955955955956  0.0001062970250663243  1e-18
0.005965965965965966  8.81180791436165e-05  1e-18
0.005975975975975976  6.958119224329382e-05  1e-18
0.005985985985985986  5.581829797212422e-05  1e-18
0.005995995995995996  5.537399285312146e-05  1e-18
0.006006006006006006  7.059603554748172e-05  1e-18
0.006016016016016016  9.440232466583824e-05  1e-18
0.006026026026026026  0.0001209237517432807  1e-18
0.006036036036036036  0.0001470795895549825  1e-18
0.006046046046046046  0.0001710439744567774  2.875557561562891e-17
0.006056056056056056  0.0001915527435669725  4.263336342344337e-17
0.006066066066066066  0.0002076774578487525  8.426672684688674e-17
0.006076076076076076  0.0002187558767716811  9.81445146547012e-17
0.006086086086086086  0.0002243722187338043  1e-18
0.006096096096096096  0.0002243509301942203  1e-18
0.006106106106106106  0.0002187507203007322  5.651115123125783e-17
0.006116116116116116  0.0002078540887462213  2.875557561562891e-17
0.006126126126126126  0.000192151463193726  1e-18
0.006136136136136136  0.0001723217340992809  5.651115123125783e-17
0.006146146146146146  0.0001492144744092649  1e-18
0.006156156156156156  0.0001238469717869929  1e-18
0.006166166166166166  9.745307793634721e-05  2.875557561562891e-17
0.006176176176176176  7.170818271417854e-05  1e-18
0.006186186186186186  4.959165214465603e-05  2.875557561562891e-17
0.006196196196196196  3.771550958574049e-05  1e-18
0.006206206206206206  4.26744983740486e-05  1e-18
0.006216216216216216  5.754031853525249e-05  2.875557561562891e-17
0.006226226226226226  7.398939703191142e-05  2.875557561562891e-17
0.006236236236236236  8.879041300749549e-05  8.426672684688674e-17
0.006246246246246246  0.0001007703699896608  2.875557561562891e-17
0.006256256256256256  0.0001094856249173766  2.875557561562891e-17
0.006266266266266266  0.0001148360752755243  2.875557561562891e-17
0.006276276276276276  0.0001169291146168967  2.875557561562891e-17
0.006286286286286286  0.0001160139634354481  1e-18
0.006296296296296296  0.0001124384763171914  8.426672684688674e-17
0.006306306306306306  0.000106614364204908  5.651115123125783e-17
0.006316316316316316  9.898675715041992e-05  1e-18
0.006326326326326326  9.000733295265032e-05  2.875557561562891e-17
0.006336336336336336  8.011135190819993e-05  5.651115123125783e-17
0.006346346346346346  6.96992348040527e-05  1e-18
0.006356356356356356  5.912328184272582e-05  1e-18
0.006366366366366366  4.867998561575942e-05  5.651115123125783e-17
0.006376376376376376  3.860841535094953e-05  5.651115123125783e-17
0.006386386386386386  2.90961299774374e-05  1e-18
0.006396396396396396  2.029967854246482e-05  5.651115123125783e-17
0.006406406406406407  1.242144531505959e-05  1e-18
0.006416416416416416  6.211372952452443e-06  1e-18
0.006426426426426426  5.675271879449666e-06  1e-18
0.006436436436436437  1.033038074713803e-05  1e-18
0.006446446446446446  1.546505554454339e-05  5.651115123125783e-17
0.006456456456456456  2.03112977549725e-05  1e-18
0.006466466466466467  2.480967843339307e-05  1e-18
0.006476476476476476  2.901051678405113e-05  1e-18
0.006486486486486486  3.298335432133273e-05  5.651115123125783e-17
0.006496496496496497  3.678708706833758e-05  1e-18
0.006506506506506506  4.045325157061285e-05  5.651115123125783e-17
0.006516516516516516  4.397604343890266e-05  5.651115123125783e-17
0.006526526526526527  4.730876952746714e-05  1e-18
0.006536536536536536  5.036665641435334e-05  5.651115123125783e-17
0.006546546546546546  5.303495654744446e-05  5.651115123125783e-17
0.006556556556556557  5.518054428512267e-05  5.651115123125783e-17
0.006566566566566566  5.666503506780216e-05  5.651115123125783e-17
0.006576576576576576  5.735774528536707e-05  5.651115123125783e-17
0.006586586586586587  5.714729306944474e-05  1e-18
0.006596596596596596  5.59510936402786e-05  1e-18
0.006606606606606606  5.372236645273374e-05  5.651115123125783e-17
0.006616616616616617  5.045455035530954e-05  1e-18
0.006626626626626626  4.618327190493078e-05  5.651115123125783e-17
0.006636636636636636  4.098627699089336e-05  5.651115123125783e-17
0.006646646646646647  3.498224965471523e-05  5.651115123125783e-17
0.006656656656656657  2.833080578885388e-05  1e-18
0.006666666666666666  2.124132953515323e-05  5.651115123125783e-17
0.006676676676676677  1.40279257378084e-05  5.651115123125783e-17
0.006686686686686687  7.509012902356781e-06  5.651115123125783e-17
0.006696696696696696  5.907233533376276e-06  1e-18
0.006706706706706707  1.117346616006542e-05  1e-18
0.006716716716716717  1.753769811015007e-05  1e-18
0.006726726726726726  2.35707622075753e-05  1e-18
0.006736736736736737  2.891068451866546e-05  1.120223024625156e-16
0.006746746746746747  3.336814617100584e-05  5.651115123125783e-17
0.006756756756756756  3.681663945213535e-05  1e-18
0.006766766766766767  3.91709329118199e-05  1.120223024625156e-16
0.006776776776776777  4.038168009428436e-05  1e-18
0.006786786786786786  4.04339975020672e-05  1e-18
0.006796796796796797  3.93471745288924e-05  5.651115123125783e-17
0.006806806806806807  3.717473537715826e-05  5.651115123125783e-17
0.006816816816816816  3.400475707584332e-05  5.651115123125783e-17
0.006826826826826827  2.996087737805168e-05  1e-18
0.006836836836836837  2.520563315199961e-05  5.651115123125783e-17
0.006846846846846846  1.995188186468441e-05  5.651115123125783e-17
0.006856856856856857  1.450552619926914e-05  1e-18
0.006866866866866867  9.455404024295267e-06  5.651115123125783e-17
0.006876876876876876  6.517245278561863e-06  1.120223024625156e-16
0.006886886886886887  8.148043061032188e-06  5.651115123125783e-17
0.006896896896896897  1.215832736066601e-05  1e-18
0.006906906906906906  1.629257314053282e-05  5.651115123125783e-17
0.006916916916916917  1.983373062695348e-05  1.120223024625156e-16
0.006926926926926927  2.248399997290589e-05  5.651115123125783e-17
0.006936936936936937  2.408827768474145e-05  1.120223024625156e-16
0.006946946946946947  2.458451698378172e-05  1e-18
0.006956956956956957  2.400584768280378e-05  1.120223024625156e-16
0.006966966966966967  2.250803252176428e-05  1e-18
0.006976976976976977  2.042938326669998e-05  5.651115123125783e-17
0.006986986986986987  1.839548187225173e-05  5.651115123125783e-17
0.006996996996996997  1.738932666461045e-05  1e-18
0.007007007007007007  1.840583760810843e-05  1e-18
0.007017017017017017  2.162780625049064e-05  1e-18
0.007027027027027027  2.637318226028592e-05  5.651115123125783e-17
0.007037037037037037  3.180668086390669e-05  1e-18
0.007047047047047047  3.727166397416462e-05  5.651115123125783e-17
0.007057057057057057  4.22821656218929e-05  5.651115123125783e-17
0.007067067067067067  4.647093786760126e-05  1e-18
0.007077077077077077  4.956139823792247e-05  1e-18
0.007087087087087087  5.135782026376054e-05  1e-18
0.007097097097097097  5.174387339981433e-05  1e-18
0.007107107107107107  5.068384157354345e-05  1e-18
0.007117117117117117  4.82238700704101e-05  1e-18
0.007127127127127127  4.449248061393147e-05  1e-18
0.007137137137137137  3.970129588092944e-05  1e-18
0.007147147147147147  3.414946760875497e-05  1e-18
0.007157157157157157  2.824050100282646e-05  1e-18
0.007167167167167167  2.253006308817649e-05  1e-18
0.007177177177177177  1.782251567271323e-05  1e-18
0.007187187187187187  1.517406296804777e-05  1e-18
0.007197197197197197  1.518332575576426e-05  1e-18
0.007207207207207207  1.70408713548978e-05  1e-18
0.007217217217217217  1.936781515304125e-05  1e-18
0.007227227227227227  2.123188052424712e-05  1e-18
0.007237237237237237  2.216039155540771e-05  1e-18
0.007247247247247247  2.195198721983489e-05  1e-18
0.007257257257257257  2.057075215752823e-05  1e-18
0.007267267267267267  1.80965249443626e-05  1e-18
0.007277277277277277  1.46991813559116e-05  1e-18
0.007287287287287287  1.062751409073174e-05  1e-18
0.007297297297297297  6.243449019758273e-06  1e-18
0.007307307307307307  2.630144456724475e-06  1e-18
0.007317317317317317  4.316802051089003e-06  1e-18
0.007327327327327327  8.0733305002217e-06  1e-18
0.007337337337337337  1.137935980179787e-05  1e-18
0.007347347347347347  1.382518915839239e-05  1e-18
0.007357357357357357  1.522858971298481e-05  1e-18
0.007367367367367367  1.552324438267562e-05  1e-18
0.007377377377377377  1.477572811632468e-05  1e-18
0.007387387387387387  1.3259331272784e-05  1e-18
0.007397397397397397  1.163600390564399e-05  1e-18
0.007407407407407407  1.118297392562783e-05  1e-18
0.007417417417417417  1.316002043446335e-05  1e-18
0.007427427427427427  1.739715867316551e-05  1e-18
0.007437437437437438  2.293144994795827e-05  1e-18
0.007447447447447447  2.900892776877384e-05  1e-18
0.007457457457457457  3.513150146194991e-05  1e-18
0.007467467467467468  4.094246516204135e-05  1e-18
0.007477477477477477  4.617180024241644e-05  1e-18
0.007487487487487487  5.061720876959109e-05  1e-18
0.007497497497497498  5.413806218873812e-05  1e-18
0.007507507507507507  5.665260074888258e-05  1e-18
0.007517517517517517  5.813461997626841e-05  1e-18
0.007527527527527528  5.860831209674887e-05  1e-18
0.007537537537537537  5.814104102313432e-05  1e-18
0.007547547547547547  5.683443215070197e-05  1e-18
0.007557557557557558  5.481452020755152e-05  1e-18
0.007567567567567567  5.222193470571591e-05  1e-18
0.007577577577577577  4.920319861808289e-05  1e-18
0.007587587587587588  4.590417358897053e-05  1e-18
0.007597597597597597  4.246642199579438e-05  1e-18
0.007607607607607607  3.902672655117349e-05  1e-18
0.007617617617617618  3.571909906035629e-05  1e-18
0.007627627627627627  3.267721022332937e-05  1e-18
0.007637637637637637  3.003334345714527e-05  1e-18
0.007647647647647648  2.790851237007093e-05  1e-18
0.007657657657657658  2.639000129775688e-05  1e-18
0.007667667667667667  2.550088639673091e-05  1e-18
0.007677677677677678  2.517830781031565e-05  1e-18
0.007687687687687688  2.52785925855329e-05  1e-18
0.007697697697697697  2.560921426601723e-05  1e-18
0.007707707707707708  2.596882998280747e-05  1e-18
0.007717717717717718  2.617769936661687e-05  1e-18
0.007727727727727727  2.609380872214678e-05  1e-18
0.007737737737737738  2.561875644622473e-05  1e-18
0.007747747747747748  2.469880065849679e-05  1e-18
0.007757757757757757  2.332498537586938e-05  1e-18
0.007767767767767768  2.153524610167467e-05  1e-18
0.007777777777777778  1.942189449884061e-05  1e-18
0.007787787787787787  1.714992846712994e-05  1e-18
0.007797797797797798  1.49926944483467e-05  1e-18
0.007807807807807808  1.337419903796289e-05  1e-18
0.007817817817817818  1.282274472429838e-05  1e-18
0.007827827827827828  1.367600671380861e-05  1e-18
0.007837837837837838  1.578995931374172e-05  1e-18
0.007847847847847847  1.872780291133774e-05  1e-18
0.007857857857857857  2.208166399409341e-05  1e-18
0.007867867867867868  2.556448787801152e-05  1e-18
0.007877877877877878  2.898342812781378e-05  5.651115123125783e-17
0.007887887887887888  3.220569552004288e-05  1e-18
0.007897897897897898  3.51380058238793e-05  5.651115123125783e-17
0.007907907907907907  3.771596555176634e-05  5.651115123125783e-17
0.007917917917917917  3.989861571187531e-05  5.651115123125783e-17
0.007927927927927928  4.166521859594996e-05  5.651115123125783e-17
0.007937937937937938  4.301269578225281e-05  1e-18
0.007947947947947948  4.395288173116762e-05  5.651115123125783e-17
0.007957957957957958  4.450922295209206e-05  5.651115123125783e-17
0.007967967967967967  4.471289797774981e-05  1e-18
0.007977977977977977  4.459860675476851e-05  5.651115123125783e-17
0.007987987987987989  4.4200490469955e-05  5.651115123125783e-17
0.007997997997997998  4.354874483378378e-05  5.651115123125783e-17
0.008008008008008008  4.266745993148468e-05  5.651115123125783e-17
0.008018018018018018  4.157402710082679e-05  1e-18
0.008028028028028027  4.028014977808434e-05  5.651115123125783e-17
0.008038038038038037  3.879415513269228e-05  5.651115123125783e-17
0.008048048048048049  3.712403312787384e-05  5.651115123125783e-17
0.008058058058058058  3.528051395591606e-05  5.651115123125783e-17
0.008068068068068068  3.327954950550966e-05  5.651115123125783e-17
0.008078078078078078  3.114376133688549e-05  5.651115123125783e-17
0.008088088088088087  2.890269406634957e-05  1e-18
0.008098098098098097  2.659198656194515e-05  5.651115123125783e-17
0.008108108108108109  2.425180846842796e-05  5.651115123125783e-17
0.008118118118118118  2.192502810179069e-05  5.651115123125783e-17
0.008128128128128128  1.965559217362882e-05  5.651115123125783e-17
0.008138138138138138  1.748743007441657e-05  5.651115123125783e-17
0.008148148148148147  1.546385063076909e-05  1e-18
0.008158158158158157  1.362686098695691e-05  1e-18
0.008168168168168169  1.201521633025264e-05  5.651115123125783e-17
0.008178178178178178  1.065977308982452e-05  5.651115123125783e-17
0.008188188188188188  9.575941940543633e-06  1e-18
0.008198198198198198  8.75692905477435e-06  1.120223024625156e-16
0.008208208208208207  8.176459980829104e-06  1e-18
0.008218218218218219  7.809599998399571e-06  5.651115123125783e-17
0.008228228228228229  7.670454475134597e-06  5.651115123125783e-17
0.008238238238238238  7.848811484551898e-06  1e-18
0.008248248248248248  8.509111040793567e-06  5.651115123125783e-17
0.008258258258258258  9.822511270551256e-06  1e-18
0.008268268268268267  1.187825241925035e-05  1.120223024625156e-16
0.008278278278278279  1.466099051524744e-05  5.651115123125783e-17
0.008288288288288289  1.808682662827997e-05  5.651115123125783e-17
0.008298298298298298  2.203779402559763e-05  1e-18
0.008308308308308308  2.63765183245912e-05  1.120223024625156e-16
0.008318318318318318  3.095065533037464e-05  1e-18
0.008328328328328327  3.559549038942984e-05  1.120223024625156e-16
0.008338338338338339  4.013768380559907e-05  1e-18
0.008348348348348349  4.440058944935872e-05  1e-18
0.008358358358358358  4.821079278796863e-05  5.651115123125783e-17
0.008368368368368368  5.14053641555423e-05  1e-18
0.008378378378378378  5.383932314958416e-05  5.651115123125783e-17
0.008388388388388388  5.539285577829288e-05  5.651115123125783e-17
0.008398398398398399  5.597787378313621e-05  5.651115123125783e-17
0.008408408408408409  5.554354534939424e-05  5.651115123125783e-17
0.008418418418418418  5.408048869743535e-05  5.651115123125783e-17
0.008428428428428428  5.162336343704856e-05  5.651115123125783e-17
0.008438438438438438  4.82516804354544e-05  5.651115123125783e-17
0.008448448448448448  4.408872170135396e-05  5.651115123125783e-17
0.008458458458458459  3.929858596789441e-05  1e-18
0.008468468468468469  3.408151957000565e-05  5.651115123125783e-17
0.008478478478478478  2.866790633676425e-05  5.651115123125783e-17
0.008488488488488488  2.331155038466603e-05  5.651115123125783e-17
0.008498498498498498  1.828307080773014e-05  1e-18
0.008508508508508508  1.386314298451853e-05  1e-18
0.008518518518518519  1.032742923766757e-05  1e-18
0.008528528528528529  7.886121731167198e-06  5.651115123125783e-17
0.008538538538538538  6.526992800739837e-06  5.651115123125783e-17
0.008548548548548548  5.942409662842769e-06  5.651115123125783e-17
0.008558558558558558  5.902340407017519e-06  5.651115123125783e-17
0.008568568568568568  6.681660607437082e-06  5.651115123125783e-17
0.008578578578578579  8.77055936051596e-06  5.651115123125783e-17
0.008588588588588589  1.22559033659602e-05  2.875557561562891e-17
0.008598598598598598  1.68894625292301e-05  2.875557561562891e-17
0.008608608608608608  2.235998860249799e-05  8.426672684688674e-17
0.008618618618618618  2.836275754204072e-05  2.875557561562891e-17
0.008628628628628628  3.460060821186309e-05  5.651115123125783e-17
0.008638638638638639  4.078611472845573e-05  2.875557561562891e-17
0.008648648648648649  4.665075117116825e-05  8.426672684688674e-17
0.008658658658658658  5.195767201799449e-05  5.651115123125783e-17
0.008668668668668668  5.651534256951981e-05  1e-18
0.008678678678678678  6.019016627710557e-05  1e-18
0.008688688688688688  6.291672293950048e-05  5.651115123125783e-17
0.008698698698698699  6.470438651216588e-05  2.875557561562891e-17
0.008708708708708709  6.563899148952256e-05  1e-18
0.008718718718718719  6.587792375286486e-05  2.875557561562891e-17
0.008728728728728728  6.563666802824063e-05  2.875557561562891e-17
0.008738738738738738  6.516494280852496e-05  2.875557561562891e-17
0.008748748748748749  6.471212532280908e-05  8.426672684688674e-17
0.008758758758758759  6.44856875435391e-05  1e-18
0.008768768768768769  6.461217385295769e-05  1e-18
0.008778778778778779  6.51137909135274e-05  5.651115123125783e-17
0.008788788788788788  6.590998024653281e-05  2.875557561562891e-17
0.008798798798798798  6.684270429424306e-05  2.875557561562891e-17
0.008808808808808809  6.771423074633677e-05  8.426672684688674e-17
0.008818818818818819  6.832393451261776e-05  1e-18
0.008828828828828829  6.849540120568985e-05  2.875557561562891e-17
0.008838838838838839  6.809147588011607e-05  2.875557561562891e-17
0.008848848848848848  6.701903424077817e-05  2.875557561562891e-17
0.008858858858858858  6.52267456545162e-05  2.875557561562891e-17
0.008868868868868869  6.269906087408621e-05  2.875557561562891e-17
0.008878878878878879  5.944908589428064e-05  1e-18
0.008888888888888889  5.551236249525e-05  1e-18
0.008898898898898899  5.094301751623644e-05  2.875557561562891e-17
0.008908908908908908  4.581337517572988e-05  4.263336342344337e-17
0.008918918918918918  4.021821015136274e-05  1e-18
0.008928928928928929  3.428612220641063e-05  1e-18
0.008938938938938939  2.820518693630798e-05  1e-18
0.008948948948948949  2.22843079365871e-05  1e-18
0.008958958958958959  1.710748175029623e-05  1e-18
0.008968968968968968  1.382041748658068e-05  1e-18
0.008978978978978978  1.382006091356121e-05  1e-18
0.00898898898898899  1.684430710725246e-05  1e-18
0.008998998998998999  2.127148720153576e-05  1e-18
0.009009009009009009  2.596292633409416e-05  7.938893903907229e-18
0.009019019019019019  3.035095882222637e-05  7.938893903907229e-18
0.009029029029029028  3.413291439161659e-05  7.938893903907229e-18
0.009039039039039038  3.712873516732e-05  7.938893903907229e-18
0.00904904904904905  3.922882629046355e-05  1e-18
0.009059059059059059  4.037536852368892e-05  7.938893903907229e-18
0.009069069069069069  4.05568357848683e-05  1e-18
0.009079079079079079  3.980923534985274e-05  4.469446951953614e-18
0.009089089089089088  3.822243173803835e-05  4.469446951953614e-18
0.009099099099099098  3.595169516435069e-05  1e-18
0.00910910910910911  3.323462966381444e-05  1e-18
0.009119119119119119  3.04101341692182e-05  6.204170427930421e-18
0.009129129129129129  2.79226011610693e-05  7.938893903907229e-18
0.009139139139139139  2.626506480319746e-05  1.867361737988404e-18
0.009149149149149148  2.580510062388676e-05  1.867361737988404e-18
0.009159159159159158  2.655679190766174e-05  1.433680868994202e-18
0.00916916916916917  2.812896833552491e-05  2.734723475976807e-18
0.009179179179179179  2.991429138124615e-05  1e-18
0.009189189189189189  3.130414003419997e-05  4.469446951953614e-18
0.009199199199199199  3.17947073823645e-05  4.469446951953614e-18
0.009209209209209208  3.101865078113897e-05  4.469446951953614e-18
0.009219219219219218  2.876173297660298e-05  4.469446951953614e-18
0.00922922922922923  2.500428731647547e-05  1e-18
0.009239239239239239  2.005788642094603e-05  7.938893903907229e-18
0.009249249249249249  1.507610178795804e-05  7.938893903907229e-18
0.009259259259259259  1.342578974199986e-05  7.938893903907229e-18
0.009269269269269268  1.834457782933238e-05  7.938893903907229e-18
0.00927927927927928  2.735381112278931e-05  7.938893903907229e-18
0.00928928928928929  3.778531549695651e-05  7.938893903907229e-18
0.009299299299299299  4.834297899601124e-05  7.938893903907229e-18
0.009309309309309309  5.819613770968081e-05  7.938893903907229e-18
0.009319319319319319  6.668094481315316e-05  7.938893903907229e-18
0.009329329329329328  7.324335816633427e-05  1e-18
0.00933933933933934  7.744643810040834e-05  1e-18
0.00934934934934935  7.899668332682455e-05  1e-18
0.009359359359359359  7.777764311902865e-05  1e-18
0.009369369369369369  7.389077590410679e-05  1e-18
0.009379379379379379  6.771318608658469e-05  1e-18
0.009389389389389389  5.99963817776365e-05  1e-18
0.0093993993993994  5.204322027286922e-05  1e-18
0.00940940940940941  4.591756663149827e-05  1e-18
0.009419419419419419  4.412905391713176e-05  1e-18
0.009429429429429429  4.788521202093499e-05  1e-18
0.009439439439439439  5.58224371360315e-05  1e-18
0.009449449449449449  6.553136333355483e-05  1.487778780781446e-17
0.00945945945945946  7.506908448501289e-05  1e-18
0.00946946946946947  8.316510199539105e-05  2.875557561562891e-17
0.009479479479479479  8.905937139848062e-05  1.487778780781446e-17
0.009489489489489489  9.239364004340843e-05  2.875557561562891e-17
0.009499499499499499  9.317743359488578e-05  1.487778780781446e-17
0.009509509509509509  9.179604329380402e-05  2.875557561562891e-17
0.00951951951951952  8.90321943418166e-05  4.263336342344337e-17
0.00952952952952953  8.605730465119276e-05  4.263336342344337e-17
0.009539539539539539  8.429926209602211e-05  2.875557561562891e-17
0.009549549549549549  8.50707463597827e-05  2.875557561562891e-17
0.009559559559559559  8.902395644246839e-05  5.651115123125783e-17
0.009569569569569569  9.583746955973191e-05  1e-18
0.00957957957957958  0.0001044313929241411  5.651115123125783e-17
0.00958958958958959  0.0001134462331375188  2.875557561562891e-17
0.009599599599599599  0.0001216007565670398  2.875557561562891e-17
0.009609609609609609  0.0001278475577745319  8.426672684688674e-17
0.009619619619619619  0.0001314125434957422  2.875557561562891e-17
0.009629629629629629  0.0001317917975039296  2.875557561562891e-17
0.00963963963963964  0.0001287364296120748  1e-18
0.00964964964964965  0.0001222334856434637  2.875557561562891e-17
0.009659659659659659  0.0001124838257839123  1e-18
0.009669669669669669  9.987699499927749e-05  5.651115123125783e-17
0.009679679679679679  8.496461765249505e-05  2.875557561562891e-17
0.009689689689689689  6.843782946583072e-05  5.651115123125783e-17
0.0096996996996997  5.112746157472754e-05  1e-18
0.00970970970970971  3.410942522160601e-05  8.426672684688674e-17
0.00971971971971972  1.943932548786117e-05  2.875557561562891e-17
0.009729729729729729  1.406698560273726e-05  2.875557561562891e-17
0.009739739739739739  2.188882114951584e-05  8.426672684688674e-17
0.00974974974974975  3.203263608964948e-05  1e-18
0.00975975975975976  4.040075234371037e-05  2.875557561562891e-17
0.00976976976976977  4.603216099976476e-05  5.651115123125783e-17
0.00977977977977978  4.864744767384231e-05  1e-18
0.009789789789789789  4.828222223616822e-05  2.875557561562891e-17
0.009799799799799799  4.522143143456362e-05  2.875557561562891e-17
0.00980980980980981  4.000069902499037e-05  2.875557561562891e-17
0.00981981981981982  3.345256267949406e-05  2.875557561562891e-17
0.00982982982982983  2.682580489934701e-05  1e-18
0.00983983983983984  2.192492069701603e-05  1e-18
0.009849849849849849  2.050345616838833e-05  2.875557561562891e-17
0.009859859859859859  2.218519050433361e-05  2.875557561562891e-17
0.00986986986986987  2.456559493010869e-05  2.875557561562891e-17
0.00987987987987988  2.556978470202328e-05  8.426672684688674e-17
0.00988988988988989  2.415650381047161e-05  2.875557561562891e-17
0.0098998998998999  2.041078602737215e-05  1e-18
0.009909909909909909  1.667454980803572e-05  8.426672684688674e-17
0.009919919919919919  1.917584562829779e-05  2.875557561562891e-17
0.00992992992992993  2.968854940382658e-05  2.875557561562891e-17
0.00993993993993994  4.346138431817437e-05  2.875557561562891e-17
0.00994994994994995  5.662190814165522e-05  2.875557561562891e-17
0.00995995995995996  6.582581761869503e-05  2.875557561562891e-17
0.009969969969969969  6.758444725845211e-05  2.875557561562891e-17
0.009979979979979979  5.861398984981717e-05  1e-18
0.00998998998998999  4.000016407720698e-05  2.875557561562891e-17
0.01  4.910225052520475e-05  1e-18
