t  x_1
0  1.256639544336596e-07
1.001001001001001e-05  6.282703089778181e-08
2.002002002002002e-05  6.281135499505511e-08
3.003003003003003e-05  6.278763147825e-08
4.004004004004004e-05  6.275297524564558e-08
5.005005005005005e-05  6.270837786685988e-08
6.006006006006006e-05  6.265310690160666e-08
7.007007007007007e-05  6.258352841187544e-08
8.008008008008008e-05  6.250670818448105e-08
9.009009009009009e-05  6.243777623802366e-08
0.0001001001001001001  6.234623980560725e-08
0.0001101101101101101  6.22224167444482e-08
0.0001201201201201201  6.210807626312851e-08
0.0001301301301301301  6.198396228738526e-08
0.0001401401401401401  6.187025902622971e-08
0.0001501501501501501  6.171167523767918e-08
0.0001601601601601602  6.155323259179218e-08
0.0001701701701701702  6.139025187145736e-08
0.0001801801801801802  6.1217606291359e-08
0.0001901901901901902  6.103532059889577e-08
0.0002002002002002002  6.087003391411481e-08
0.0002102102102102102  6.066835758808838e-08
0.0002202202202202202  6.045180912666769e-08
0.0002302302302302302  6.023094346876929e-08
0.0002402402402402402  5.998026727159648e-08
0.0002502502502502502  5.977047800447843e-08
0.0002602602602602602  5.950146226026942e-08
0.0002702702702702703  5.924285641973258e-08
0.0002802802802802803  5.897487675926281e-08
0.0002902902902902903  5.869756569520398e-08
0.0003003003003003003  5.841936336195436e-08
0.0003103103103103103  5.810712293305818e-08
0.0003203203203203203  5.781009028811803e-08
0.0003303303303303303  5.749590710984916e-08
0.0003403403403403403  5.717264098239944e-08
0.0003503503503503503  5.684661809561779e-08
0.0003603603603603604  5.649312438412793e-08
0.0003703703703703704  5.614871919362691e-08
0.0003803803803803804  5.578957493396048e-08
0.0003903903903903904  5.5421608413016e-08
0.0004004004004004004  5.50409261618608e-08
0.0004104104104104104  5.465941201179554e-08
0.0004204204204204204  5.426237680991087e-08
0.0004304304304304304  5.38601962946835e-08
0.0004404404404404404  5.345334592135848e-08
0.0004504504504504505  5.303317456312831e-08
0.0004604604604604604  5.260370190309469e-08
0.0004704704704704705  5.216773161736857e-08
0.0004804804804804805  5.172295565988719e-08
0.0004904904904904905  5.126987074917589e-08
0.0005005005005005005  5.080678122178403e-08
0.0005105105105105105  5.033684005870744e-08
0.0005205205205205205  4.98630295760651e-08
0.0005305305305305305  4.938324541429573e-08
0.0005405405405405405  4.887961769965672e-08
0.0005505505505505506  4.839890105031625e-08
0.0005605605605605605  4.787719270338715e-08
0.0005705705705705706  4.737876945821224e-08
0.0005805805805805806  4.681956493343606e-08
0.0005905905905905905  4.627719417275916e-08
0.0006006006006006006  4.573689863636904e-08
0.0006106106106106106  4.523691467516363e-08
0.0006206206206206207  4.469789743293277e-08
0.0006306306306306306  4.407371402253072e-08
0.0006406406406406406  4.357521333636094e-08
0.0006506506506506507  4.293025060113973e-08
0.0006606606606606606  4.23636544209057e-08
0.0006706706706706706  4.182330978022382e-08
0.0006806806806806807  4.12469838985419e-08
0.0006906906906906907  4.063114975451714e-08
0.0007007007007007007  4.002556197791352e-08
0.0007107107107107107  3.943135536579237e-08
0.0007207207207207207  3.881324298590546e-08
0.0007307307307307307  3.818927991279027e-08
0.0007407407407407407  3.75399456704428e-08
0.0007507507507507507  3.684510016802785e-08
0.0007607607607607608  3.628063896834005e-08
0.0007707707707707707  3.563268546604181e-08
0.0007807807807807808  3.487797630500546e-08
0.0007907907907907908  3.423815935050722e-08
0.0008008008008008008  3.363423273179755e-08
0.0008108108108108108  3.288144865036452e-08
0.0008208208208208208  3.228872085869094e-08
0.0008308308308308308  3.160808172547031e-08
0.0008408408408408408  3.092241129527973e-08
0.0008508508508508508  3.025268249292576e-08
0.0008608608608608609  2.953641354643279e-08
0.0008708708708708709  2.883630624231612e-08
0.0008808808808808808  2.815225359784327e-08
0.0008908908908908909  2.744293932114339e-08
0.0009009009009009009  2.670888555493596e-08
0.0009109109109109108  2.599108807328498e-08
0.0009209209209209209  2.526915175374107e-08
0.0009309309309309309  2.456240468917675e-08
0.000940940940940941  2.383268984189432e-08
0.0009509509509509509  2.307965963280355e-08
0.0009609609609609609  2.236102926146858e-08
0.000970970970970971  2.160142497470303e-08
0.0009809809809809809  2.08570874555534e-08
0.0009909909909909911  2.012694123655748e-08
0.001001001001001001  1.922205705398231e-08
0.001011011011011011  1.860461925443164e-08
0.001021021021021021  1.786318998789683e-08
0.001031031031031031  1.70873251270317e-08
0.001041041041041041  1.620527530349024e-08
0.001051051051051051  1.557487178544721e-08
0.001061061061061061  1.479285992897933e-08
0.001071071071071071  1.403622230720917e-08
0.001081081081081081  1.325081612647102e-08
0.001091091091091091  1.248856988750751e-08
0.001101101101101101  1.171167915928889e-08
0.001111111111111111  1.084762031250848e-08
0.001121121121121121  1.015239575046528e-08
0.001131131131131131  9.360997226631943e-09
0.001141141141141141  8.586624023413804e-09
0.001151151151151151  7.801626287269762e-09
0.001161161161161161  7.014463779205734e-09
0.001171171171171171  6.228069478852084e-09
0.001181181181181181  5.434260589132005e-09
0.001191191191191191  4.612749056340128e-09
0.001201201201201201  3.857011057085189e-09
0.001211211211211211  3.070814408020415e-09
0.001221221221221221  2.278235568795519e-09
0.001231231231231231  1.476099942745118e-09
0.001241241241241241  7.00289639970756e-10
0.001251251251251251  1.662318112292937e-10
0.001261261261261261  8.927451359343089e-10
0.001271271271271271  1.686271806413629e-09
0.001281281281281281  2.477878807881198e-09
0.001291291291291291  3.269413080577122e-09
0.001301301301301301  4.054101930294463e-09
0.001311311311311311  4.842946141141984e-09
0.001321321321321321  5.637009882854315e-09
0.001331331331331331  6.418476286767239e-09
0.001341341341341341  7.204853706644596e-09
0.001351351351351351  7.990118841462066e-09
0.001361361361361361  8.783309412725698e-09
0.001371371371371371  9.476940941176446e-09
0.001381381381381381  1.033792622779774e-08
0.001391391391391391  1.111743769783842e-08
0.001401401401401401  1.19075653310866e-08
0.001411411411411411  1.26842212198817e-08
0.001421421421421421  1.344493390095965e-08
0.001431431431431431  1.42313639717624e-08
0.001441441441441441  1.498615638494512e-08
0.001451451451451451  1.576945409314078e-08
0.001461461461461461  1.639942455094044e-08
0.001471471471471471  1.727986375558823e-08
0.001481481481481481  1.805746023605674e-08
0.001491491491491492  1.879701121492158e-08
0.001501501501501501  1.954889906752867e-08
0.001511511511511511  2.029919862392675e-08
0.001521521521521522  2.104780351492839e-08
0.001531531531531532  2.181168968441448e-08
0.001541541541541541  2.253028985149142e-08
0.001551551551551552  2.328989234489041e-08
0.001561561561561562  2.399999779061802e-08
0.001571571571571571  2.475325448675563e-08
0.001581581581581582  2.545446625830428e-08
0.001591591591591592  2.620084347345546e-08
0.001601601601601602  2.712373985005502e-08
0.001611611611611612  2.742245080335724e-08
0.001621621621621622  2.855375448040663e-08
0.001631631631631632  2.880113953834077e-08
0.001641641641641642  2.949694559373324e-08
0.001651651651651652  3.019292520389922e-08
0.001661661661661662  3.136149092727155e-08
0.001671671671671672  3.20163560247837e-08
0.001681681681681682  3.27281081306925e-08
0.001691691691691692  3.290546633229388e-08
0.001701701701701702  3.360206760592401e-08
0.001711711711711712  3.423398130722077e-08
0.001721721721721722  3.537536121099985e-08
0.001731731731731732  3.554129988409669e-08
0.001741741741741742  3.62175474973778e-08
0.001751751751751752  3.682659948039636e-08
0.001761761761761762  3.746073810576698e-08
0.001771771771771772  3.859070212269422e-08
0.001781781781781782  3.871149363526295e-08
0.001791791791791792  3.983372801351983e-08
0.001801801801801802  4.047731601271289e-08
0.001811811811811812  4.105092887438648e-08
0.001821821821821822  4.114016614986127e-08
0.001831831831831832  4.173159670008627e-08
0.001841841841841842  4.2858512672683e-08
0.001851851851851852  4.340480012556367e-08
0.001861861861861862  4.346661049880736e-08
0.001871871871871872  4.40633262997391e-08
0.001881881881881882  4.509683515313752e-08
0.001891891891891892  4.564639628441506e-08
0.001901901901901902  4.622006856909691e-08
0.001911911911911912  4.675466513998419e-08
0.001921921921921922  4.675170758242224e-08
0.001931931931931932  4.727748036058449e-08
0.001941941941941942  4.782015717613243e-08
0.001951951951951952  4.829705977096071e-08
0.001961961961961962  4.928234615759682e-08
0.001971971971971972  4.928975729513444e-08
0.001981981981981982  4.980437580418404e-08
0.001991991991991992  5.028114486910056e-08
0.002002002002002002  5.075004412646e-08
0.002012012012012012  5.118219121225747e-08
0.002022022022022022  5.164970820584852e-08
0.002032032032032032  5.209473776382562e-08
0.002042042042042042  5.296058549215783e-08
0.002052052052052052  5.296025654464949e-08
0.002062062062062062  5.380995072569795e-08
0.002072072072072072  5.377939428724536e-08
0.002082082082082082  5.419613877874619e-08
0.002092092092092092  5.459119072675479e-08
0.002102102102102102  5.4965202552921e-08
0.002112112112112112  5.573443781000453e-08
0.002122122122122122  5.572471578934306e-08
0.002132132132132132  5.646078624621426e-08
0.002142142142142142  5.643675772585132e-08
0.002152152152152152  5.713577544897607e-08
0.002162162162162162  5.746035386901843e-08
0.002172172172172172  5.743818699788458e-08
0.002182182182182182  5.775400616097247e-08
0.002192192192192192  5.836889473208534e-08
0.002202202202202202  5.866642748910348e-08
0.002212212212212212  5.894466433283943e-08
0.002222222222222222  5.920451930583009e-08
0.002232232232232232  5.919584766341025e-08
0.002242242242242242  5.944810355275985e-08
0.002252252252252252  5.99632720886196e-08
0.002262262262262262  5.994944633125302e-08
0.002272272272272272  6.041546300589016e-08
0.002282282282282282  6.040466276340309e-08
0.002292292292292292  6.061799814821424e-08
0.002302302302302302  6.102162627293466e-08
0.002312312312312312  6.101594292749529e-08
0.002322322322322322  6.137455974186291e-08
0.002332332332332332  6.154057141410246e-08
0.002342342342342342  6.15407835113697e-08
0.002352352352352352  6.169379267300718e-08
0.002362362362362362  6.184171977949896e-08
0.002372372372372372  6.197765713879017e-08
0.002382382382382382  6.210379564765366e-08
0.002392392392392392  6.221937639270124e-08
0.002402402402402402  6.232658790942874e-08
0.002412412412412412  6.242265224630817e-08
0.002422422422422422  6.250993635066895e-08
0.002432432432432432  6.258641344225208e-08
0.002442442442442442  6.265343662320575e-08
0.002452452452452453  6.271062511379627e-08
0.002462462462462462  6.27683379308174e-08
0.002472472472472472  6.279492346247714e-08
0.002482482482482483  6.280900798167727e-08
0.002492492492492492  6.283941071761614e-08
0.002502502502502502  6.284671261196662e-08
0.002512512512512513  6.284404769461567e-08
0.002522522522522522  6.277143628398936e-08
0.002532532532532532  6.280881186298981e-08
0.002542542542542543  6.27762422804045e-08
0.002552552552552552  6.263936786982702e-08
0.002562562562562563  6.268162766681491e-08
0.002572572572572573  6.250244501102515e-08
0.002582582582582582  6.241803888156067e-08
0.002592592592592593  6.246350702038325e-08
0.002602602602602603  6.237238111679591e-08
0.002612612612612612  6.226900634184423e-08
0.002622622622622623  6.198605099060607e-08
0.002632632632632633  6.203491939416589e-08
0.002642642642642642  6.190606485539952e-08
0.002652652652652653  6.155972015441288e-08
0.002662662662662663  6.160986537284614e-08
0.002672672672672672  6.123058869545578e-08
0.002682682682682683  6.127745614338509e-08
0.002692692692692693  6.10966117259412e-08
0.002702702702702703  6.06562576338076e-08
0.002712712712712713  6.044689860519411e-08
0.002722722722722723  6.049584954029576e-08
0.002732732732732733  6.02762871018857e-08
0.002742742742742743  6.004712487661386e-08
0.002752752752752753  5.980839810836837e-08
0.002762762762762763  5.956014328862328e-08
0.002772772772772773  5.899305585089617e-08
0.002782782782782783  5.903520408281982e-08
0.002792792792792793  5.875860064841666e-08
0.002802802802802803  5.847375832528378e-08
0.002812812812812813  5.817734042573082e-08
0.002822822822822823  5.752845005386015e-08
0.002832832832832833  5.755897891545008e-08
0.002842842842842843  5.68775271964097e-08
0.002852852852852853  5.653932372105679e-08
0.002862862862862863  5.619228144053168e-08
0.002872872872872873  5.621251728065359e-08
0.002882882882882883  5.585334462653035e-08
0.002892892892892893  5.549734007453726e-08
0.002902902902902903  5.471685719347898e-08
0.002912912912912913  5.472258536856437e-08
0.002922922922922923  5.432811608209472e-08
0.002932932932932933  5.352034185519646e-08
0.002942942942942943  5.311747059075847e-08
0.002952952952952953  5.30929292804907e-08
0.002962962962962963  5.266415735253605e-08
0.002972972972972973  5.18214011463626e-08
0.002982982982982983  5.176828091059654e-08
0.002992992992992993  5.13144070882602e-08
0.003003003003003003  5.087899945112419e-08
0.003013013013013013  5.038216247189752e-08
0.003023023023023023  4.990393958746467e-08
0.003033033033033033  4.941775011926742e-08
0.003043043043043043  4.895075745737953e-08
0.003053053053053053  4.798987280442386e-08
0.003063063063063063  4.750408404822475e-08
0.003073073073073073  4.739489167337572e-08
0.003083083083083083  4.687271461706844e-08
0.003093093093093093  4.59287442070042e-08
0.003103103103103103  4.538918856505247e-08
0.003113113113113113  4.484255154929989e-08
0.003123123123123123  4.426173249353433e-08
0.003133133133133133  4.372837733341322e-08
0.003143143143143143  4.359392513809259e-08
0.003153153153153153  4.255994936440769e-08
0.003163163163163163  4.197931317084776e-08
0.003173173173173173  4.184689844936164e-08
0.003183183183183183  4.125104384964299e-08
0.003193193193193193  4.064859083952997e-08
0.003203203203203203  4.003963625198638e-08
0.003213213213213213  3.900605481933501e-08
0.003223223223223223  3.880261199784084e-08
0.003233233233233233  3.773700461548421e-08
0.003243243243243243  3.713221922319722e-08
0.003253253253253253  3.649589187297892e-08
0.003263263263263263  3.585491100532992e-08
0.003273273273273273  3.52062585771718e-08
0.003283283283283283  3.474949645937823e-08
0.003293293293293293  3.425861330026937e-08
0.003303303303303303  3.359045868404653e-08
0.003313313313313313  3.27512551828999e-08
0.003323323323323323  3.205133090540103e-08
0.003333333333333333  3.155424917185989e-08
0.003343343343343343  3.070645245983326e-08
0.003353353353353353  2.999266154436741e-08
0.003363363363363363  2.93188157502192e-08
0.003373373373373373  2.861799486773443e-08
0.003383383383383383  2.789141430960289e-08
0.003393393393393393  2.720290061408922e-08
0.003403403403403403  2.648885065442629e-08
0.003413413413413413  2.57505703039669e-08
0.003423423423423423  2.520535445413892e-08
0.003433433433433433  2.43220464348796e-08
0.003443443443443443  2.357316541475827e-08
0.003453453453453453  2.283977155520367e-08
0.003463463463463463  2.212066239507216e-08
0.003473473473473473  2.136228867827791e-08
0.003483483483483484  2.061843227022538e-08
0.003493493493493493  1.987132240909473e-08
0.003503503503503503  1.913710870373255e-08
0.003513513513513514  1.838336655751178e-08
0.003523523523523523  1.762792303934539e-08
0.003533533533533533  1.685271086749134e-08
0.003543543543543544  1.610519395607919e-08
0.003553553553553553  1.544922775742148e-08
0.003563563563563563  1.456041357765968e-08
0.003573573573573574  1.380413260486931e-08
0.003583583583583583  1.303259184204731e-08
0.003593593593593594  1.226026551126372e-08
0.003603603603603604  1.1472431454718e-08
0.003613613613613613  1.079024428132788e-08
0.003623623623623624  9.928429649997031e-09
0.003633633633633634  9.223636487035842e-09
0.003643643643643643  8.355551890218189e-09
0.003653653653653654  7.581176887217079e-09
0.003663663663663664  6.788779925558052e-09
0.003673673673673673  6.012690310130401e-09
0.003683683683683684  5.224691965276263e-09
0.003693693693693694  4.43117444114473e-09
0.003703703703703703  3.643922893461718e-09
0.003713713713713714  2.88371289544272e-09
0.003723723723723724  2.070047312326649e-09
0.003733733733733734  1.282237594150382e-09
0.003743743743743744  5.254310738529938e-10
0.003753753753753754  3.150087864451123e-10
0.003763763763763764  1.097248994635554e-09
0.003773773773773774  1.875590531809809e-09
0.003783783783783784  2.671640894864051e-09
0.003793793793793794  3.461188890345316e-09
0.003803803803803804  4.247746909114085e-09
0.003813813813813814  5.035315128852783e-09
0.003823823823823824  5.822755569668921e-09
0.003833833833833834  6.609963938941189e-09
0.003843843843843844  7.392366408671034e-09
0.003853853853853854  8.18313507463641e-09
0.003863863863863864  8.956201691079473e-09
0.003873873873873874  9.750278319276685e-09
0.003883883883883884  1.051905638350297e-08
0.003893893893893894  1.129673025611954e-08
0.003903903903903904  1.206885145414695e-08
0.003913913913913914  1.284704166068226e-08
0.003923923923923924  1.362416967908031e-08
0.003933933933933934  1.439449438519923e-08
0.003943943943943944  1.516274467651126e-08
0.003953953953953954  1.593451329575504e-08
0.003963963963963964  1.669824719697835e-08
0.003973973973973974  1.745233285925766e-08
0.003983983983983984  1.819551687890053e-08
0.003993993993993994  1.89727713945003e-08
0.004004004004004004  1.971708873102105e-08
0.004014014014014014  2.046587402642157e-08
0.004024024024024024  2.122011131711783e-08
0.004034034034034034  2.19447120983881e-08
0.004044044044044044  2.269245085820458e-08
0.004054054054054054  2.343732978731804e-08
0.004064064064064064  2.415916939884499e-08
0.004074074074074074  2.488680205774771e-08
0.004084084084084084  2.561054900455225e-08
0.004094094094094094  2.633021912098787e-08
0.004104104104104104  2.704569811018776e-08
0.004114114114114114  2.775694871062656e-08
0.004124124124124124  2.846378227210622e-08
0.004134134134134134  2.917782275203911e-08
0.004144144144144144  2.985191261408506e-08
0.004154154154154154  3.054468512969213e-08
0.004164164164164164  3.125727260828834e-08
0.004174174174174174  3.191567968354051e-08
0.004184184184184184  3.260635266208244e-08
0.004194194194194194  3.329212760763408e-08
0.004204204204204204  3.395999948203808e-08
0.004214214214214214  3.460945921740331e-08
0.004224224224224224  3.526634975199008e-08
0.004234234234234234  3.593089603858682e-08
0.004244244244244244  3.656328750887885e-08
0.004254254254254254  3.718973778166825e-08
0.004264264264264264  3.783704898444136e-08
0.004274274274274274  3.847851770663688e-08
0.004284284284284284  3.908690356797366e-08
0.004294294294294294  3.97026781579243e-08
0.004304304304304304  4.032558455236943e-08
0.004314314314314314  4.090150144412966e-08
0.004324324324324324  4.151162675850925e-08
0.004334334334334334  4.211513869003891e-08
0.004344344344344344  4.26984988047123e-08
0.004354354354354354  4.327496137387696e-08
0.004364364364364364  4.38312808482803e-08
0.004374374374374375  4.440735545692519e-08
0.004384384384384384  4.492355717220565e-08
0.004394394394394394  4.551160370405328e-08
0.004404404404404405  4.604004745647732e-08
0.004414414414414414  4.656139475802255e-08
0.004424424424424424  4.711368104565489e-08
0.004434434434434435  4.763288917451386e-08
0.004444444444444444  4.814459774248883e-08
0.004454454454454454  4.861198102593158e-08
0.004464464464464465  4.916890893914442e-08
0.004474474474474474  4.960979291137806e-08
0.004484484484484484  5.007935562908639e-08
0.004494494494494495  5.055275752625787e-08
0.004504504504504504  5.107393636821354e-08
0.004514514514514514  5.153002883965439e-08
0.004524524524524525  5.193011451331683e-08
0.004534534534534534  5.237102467087545e-08
0.004544544544544544  5.280366175206109e-08
0.004554554554554555  5.323287159443357e-08
0.004564564564564564  5.368198022818171e-08
0.004574574574574574  5.408812789037137e-08
0.004584584584584585  5.445012318090613e-08
0.004594594594594595  5.484039008268859e-08
0.004604604604604604  5.522612046171469e-08
0.004614614614614615  5.559483456888563e-08
0.004624624624624625  5.595895745571194e-08
0.004634634634634634  5.634302144554549e-08
0.004644644644644645  5.666052598111333e-08
0.004654654654654655  5.699794460884019e-08
0.004664664664664664  5.735367259934259e-08
0.004674674674674675  5.766839256003553e-08
0.004684684684684685  5.795850818004994e-08
0.004694694694694694  5.82569006449242e-08
0.004704704704704705  5.856662986193474e-08
0.004714714714714715  5.883134693565402e-08
0.004724724724724724  5.910644608603506e-08
0.004734734734734735  5.936857823820176e-08
0.004744744744744745  5.962313588689457e-08
0.004754754754754754  5.987750749669083e-08
0.004764764764764765  6.010393319085272e-08
0.004774774774774775  6.03300921871171e-08
0.004784784784784784  6.054671685251239e-08
0.004794794794794795  6.075376853075613e-08
0.004804804804804805  6.095131822742147e-08
0.004814814814814814  6.11390155547745e-08
0.004824824824824825  6.131714977249698e-08
0.004834834834834835  6.148002600860857e-08
0.004844844844844844  6.164383433538461e-08
0.004854854854854855  6.179326568734386e-08
0.004864864864864865  6.192041807515479e-08
0.004874874874874875  6.204775771194401e-08
0.004884884884884885  6.218047777577076e-08
0.004894894894894895  6.229063393483901e-08
0.004904904904904905  6.237134422847192e-08
0.004914914914914915  6.245934582942457e-08
0.004924924924924925  6.253746835351272e-08
0.004934934934934935  6.263144509439981e-08
0.004944944944944945  6.266441980164213e-08
0.004954954954954955  6.274127648360943e-08
0.004964964964964965  6.278217757683889e-08
0.004974974974974975  6.277992284387233e-08
0.004984984984984985  6.283326971545963e-08
0.004994994994994995  6.28072719080979e-08
0.005005005005005005  6.284459192278745e-08
0.005015015015015015  6.283533528462773e-08
0.005025025025025025  6.277378210349172e-08
0.005035035035035035  6.274276129401903e-08
0.005045045045045045  6.274791210619305e-08
0.005055055055055055  6.26989009134393e-08
0.005065065065065065  6.258940547947211e-08
0.005075075075075075  6.257030714590825e-08
0.005085085085085085  6.243980362492108e-08
0.005095095095095095  6.234768601273314e-08
0.005105105105105105  6.224915920783634e-08
0.005115115115115115  6.213906801215903e-08
0.005125125125125125  6.201538236088134e-08
0.005135135135135135  6.19475789972142e-08
0.005145145145145145  6.174993873840144e-08
0.005155155155155155  6.166190361715852e-08
0.005165165165165165  6.150858672054007e-08
0.005175175175175175  6.134143066661197e-08
0.005185185185185185  6.116457691937834e-08
0.005195195195195195  6.097805905004383e-08
0.005205205205205205  6.074079957107485e-08
0.005215215215215215  6.057136942885294e-08
0.005225225225225225  6.032270791128156e-08
0.005235235235235235  6.009708092729424e-08
0.005245245245245245  5.986189121575249e-08
0.005255255255255255  5.961729346497089e-08
0.005265265265265265  5.936320208295575e-08
0.005275275275275275  5.909978905289093e-08
0.005285285285285285  5.88269569565027e-08
0.005295295295295295  5.854485619205143e-08
0.005305305305305305  5.825349586439659e-08
0.005315315315315315  5.795296548275008e-08
0.005325325325325325  5.768696524522306e-08
0.005335335335335335  5.731331058845462e-08
0.005345345345345345  5.698522954838381e-08
0.005355355355355355  5.670458719407042e-08
0.005365365365365365  5.631356996320252e-08
0.005375375375375375  5.595882200615468e-08
0.005385385385385385  5.559517093984455e-08
0.005395395395395395  5.526923078318097e-08
0.005405405405405406  5.484148961135994e-08
0.005415415415415415  5.445163834152445e-08
0.005425425425425425  5.405317605980875e-08
0.005435435435435436  5.369376308373625e-08
0.005445445445445445  5.321875412477861e-08
0.005455455455455455  5.283076897393179e-08
0.005465465465465466  5.238655382087363e-08
0.005475475475475475  5.193398708146686e-08
0.005485485485485485  5.149730419836589e-08
0.005495495495495496  5.104042157573135e-08
0.005505505505505505  5.057542746259803e-08
0.005515515515515515  5.010250192265943e-08
0.005525525525525526  4.964578658118965e-08
0.005535535535535535  4.910872861535609e-08
0.005545545545545545  4.866042287511623e-08
0.005555555555555556  4.813215014647727e-08
0.005565565565565565  4.762032460648271e-08
0.005575575575575575  4.710096456471842e-08
0.005585585585585586  4.657410854176687e-08
0.005595595595595595  4.601629241084571e-08
0.005605605605605605  4.549850346511909e-08
0.005615615615615616  4.494983794129821e-08
0.005625625625625626  4.439406017275592e-08
0.005635635635635635  4.38312580780169e-08
0.005645645645645646  4.326152088523249e-08
0.005655655655655656  4.266224223936973e-08
0.005665665665665665  4.207911951623309e-08
0.005675675675675676  4.148934885953003e-08
0.005685685685685686  4.093705427549235e-08
0.005695695695695695  4.0290240144217e-08
0.005705705705705706  3.972401921237803e-08
0.005715715715715716  3.906567421833536e-08
0.005725725725725725  3.846499840754332e-08
0.005735735735735736  3.781636910479173e-08
0.005745745745745746  3.722329454705084e-08
0.005755755755755755  3.656322827753475e-08
0.005765765765765766  3.593719474201332e-08
0.005775775775775776  3.526628916544069e-08
0.005785785785785785  3.462825559049175e-08
0.005795795795795796  3.396550127231941e-08
0.005805805805805806  3.327929287272121e-08
0.005815815815815815  3.262388722725627e-08
0.005825825825825826  3.194536118938294e-08
0.005835835835835836  3.122811476777889e-08
0.005845845845845845  3.054034347622896e-08
0.005855855855855856  2.989561815971362e-08
0.005865865865865866  2.918140656383594e-08
0.005875875875875875  2.84487130407512e-08
0.005885885885885886  2.778584837066884e-08
0.005895895895895896  2.704559349893216e-08
0.005905905905905906  2.634352290022935e-08
0.005915915915915916  2.56105481249111e-08
0.005925925925925926  2.488669747264561e-08
0.005935935935935936  2.415903872279099e-08
0.005945945945945946  2.341627024301386e-08
0.005955955955955956  2.270322409577063e-08
0.005965965965965966  2.194355682041578e-08
0.005975975975975976  2.120188221478536e-08
0.005985985985985986  2.045674371136337e-08
0.005995995995995996  1.971701810405013e-08
0.006006006006006006  1.897275865546294e-08
0.006016016016016016  1.821719580230481e-08
0.006026026026026026  1.744555977974536e-08
0.006036036036036036  1.66976297633604e-08
0.006046046046046046  1.59390278287696e-08
0.006056056056056056  1.516737936949941e-08
0.006066066066066066  1.440267779320459e-08
0.006076076076076076  1.362752295118169e-08
0.006086086086086086  1.285418377014754e-08
0.006096096096096096  1.207032284507821e-08
0.006106106106106106  1.130187577640476e-08
0.006116116116116116  1.051952656156293e-08
0.006126126126126126  9.742507506658357e-09
0.006136136136136136  8.9620439366002e-09
0.006146146146146146  8.180012719811811e-09
0.006156156156156156  7.39910439718969e-09
0.006166166166166166  6.605819195757632e-09
0.006176176176176176  5.818831757667615e-09
0.006186186186186186  5.031395908470543e-09
0.006196196196196196  4.23793817069661e-09
0.006206206206206206  3.454117523617893e-09
0.006216216216216216  2.663859211256202e-09
0.006226226226226226  1.868140057632202e-09
0.006236236236236236  1.083487583272485e-09
0.006246246246246246  3.071700579515269e-10
0.006256256256256256  4.8475964877625e-10
0.006266266266266266  1.263004786537974e-09
0.006276276276276276  2.087671849296259e-09
0.006286286286286286  2.877046829296319e-09
0.006296296296296296  3.679189740389512e-09
0.006306306306306306  4.408695545885086e-09
0.006316316316316316  5.243766203826401e-09
0.006326326326326326  5.993846473148079e-09
0.006336336336336336  6.819266849661984e-09
0.006346346346346346  7.547030252461978e-09
0.006356356356356356  8.329056055439235e-09
0.006366366366366366  9.110800155197508e-09
0.006376376376376376  9.96906404505431e-09
0.006386386386386386  1.073413522038788e-08
0.006396396396396396  1.15116569555343e-08
0.006406406406406407  1.221736857656791e-08
0.006416416416416416  1.300892795226096e-08
0.006426426426426426  1.383556169012194e-08
0.006436436436436437  1.46253600904171e-08
0.006446446446446446  1.521675202322293e-08
0.006456456456456456  1.597624058448814e-08
0.006466466466466467  1.690475929227869e-08
0.006476476476476476  1.766326128238223e-08
0.006486486486486486  1.844467341311916e-08
0.006496496496496497  1.919798749657479e-08
0.006506506506506506  1.992723733391023e-08
0.006516516516516516  2.067573286424351e-08
0.006526526526526527  2.142094840457895e-08
0.006536536536536536  2.216276568280481e-08
0.006546546546546546  2.292565113092992e-08
0.006556556556556557  2.366071292815721e-08
0.006566566566566566  2.439201030839743e-08
0.006576576576576576  2.511942681477636e-08
0.006586586586586587  2.581840447691005e-08
0.006596596596596596  2.632452385086513e-08
0.006606606606606606  2.725051802139118e-08
0.006616616616616617  2.777180419346079e-08
0.006626626626626626  2.866696686272744e-08
0.006636636636636636  2.939600017569548e-08
0.006646646646646647  3.006522434641072e-08
0.006656656656656657  3.075725412659322e-08
0.006666666666666666  3.144440506443587e-08
0.006676676676676677  3.215504296591776e-08
0.006686686686686687  3.257437986639974e-08
0.006696696696696696  3.324493976156467e-08
0.006706706706706707  3.41710104547213e-08
0.006716716716716717  3.480451584267331e-08
0.006726726726726726  3.548799441202281e-08
0.006736736736736737  3.610878783021247e-08
0.006746746746746747  3.654756804339297e-08
0.006756756756756756  3.742088855748864e-08
0.006766766766766767  3.802398597575717e-08
0.006776776776776777  3.844432788480674e-08
0.006786786786786786  3.927195561735178e-08
0.006796796796796797  3.991432093491494e-08
0.006806806806806807  4.052316687704439e-08
0.006816816816816816  4.11233571905803e-08
0.006826826826826827  4.171811687265265e-08
0.006836836836836837  4.20443285816099e-08
0.006846846846846846  4.288864955315752e-08
0.006856856856856857  4.343438271908468e-08
0.006866866866866867  4.400220205933462e-08
0.006876876876876876  4.433433718096035e-08
0.006886886886886887  4.511681865671778e-08
0.006896896896896897  4.569061246455358e-08
0.006906906906906906  4.620198135425997e-08
0.006916916916916917  4.673406322053796e-08
0.006926926926926927  4.704082989163242e-08
0.006936936936936937  4.756046087147957e-08
0.006946946946946947  4.809927940465521e-08
0.006956956956956957  4.881372660023752e-08
0.006966966966966967  4.928168081282182e-08
0.006976976976976977  4.976808177864516e-08
0.006986986986986987  5.024659278476295e-08
0.006996996996996997  5.071713873829169e-08
0.007007007007007007  5.11796451962304e-08
0.007017017017017017  5.146755935282749e-08
0.007027027027027027  5.209189986783944e-08
0.007037037037037037  5.252960522654955e-08
0.007047047047047047  5.294783115908269e-08
0.007057057057057057  5.337994921974988e-08
0.007067067067067067  5.379245345616253e-08
0.007077077077077077  5.436157623562979e-08
0.007087087087087087  5.443132286408115e-08
0.007097097097097097  5.482319711463696e-08
0.007107107107107107  5.520578144431876e-08
0.007117117117117117  5.587141205307672e-08
0.007127127127127127  5.622660630739492e-08
0.007137137137137137  5.657278438312306e-08
0.007147147147147147  5.665041781930013e-08
0.007157157157157157  5.723788500050941e-08
0.007167167167167167  5.755670714947767e-08
0.007177177177177177  5.786631311370784e-08
0.007187187187187187  5.816665621069228e-08
0.007197197197197197  5.845769275971359e-08
0.007207207207207207  5.873937884637921e-08
0.007217217217217217  5.901167298646492e-08
0.007227227227227227  5.910986041662026e-08
0.007237237237237237  5.952792826666801e-08
0.007247247247247247  5.977181378344158e-08
0.007257257257257257  5.988019151707707e-08
0.007267267267267267  6.011818594780012e-08
0.007277277277277277  6.044608578245463e-08
0.007287287287287287  6.056441620318285e-08
0.007297297297297297  6.077525943294333e-08
0.007307307307307307  6.097519051475534e-08
0.007317317317317317  6.116551612991602e-08
0.007327327327327327  6.134620378648323e-08
0.007337337337337337  6.151696435155209e-08
0.007347347347347347  6.167854106119255e-08
0.007357357357357357  6.181818020234587e-08
0.007367367367367367  6.194569581954199e-08
0.007377377377377377  6.210402679622054e-08
0.007387387387387387  6.222671077648059e-08
0.007397397397397397  6.233925152212126e-08
0.007407407407407407  6.244131804072645e-08
0.007417417417417417  6.243619134385004e-08
0.007427427427427427  6.250371797296868e-08
0.007437437437437438  6.268976596718832e-08
0.007447447447447447  6.275389305460581e-08
0.007457457457457457  6.264979742222377e-08
0.007467467467467468  6.267852525134314e-08
0.007477477477477477  6.269734299229335e-08
0.007487487487487487  6.270644751372268e-08
0.007497497497497498  6.270530885615054e-08
0.007507507507507507  6.292331002540245e-08
0.007517517517517517  6.291632312603731e-08
0.007527527527527528  6.290021961716411e-08
0.007537537537537537  6.287316656013045e-08
0.007547547547547547  6.255304197464736e-08
0.007557557557557558  6.249049655975221e-08
0.007567567567567567  6.273239785601898e-08
0.007577577577577577  6.266843573453968e-08
0.007587587587587588  6.225322426589555e-08
0.007597597597597597  6.215100996594965e-08
0.007607607607607607  6.204167912227719e-08
0.007617617617617618  6.192260671708857e-08
0.007627627627627627  6.218421163207792e-08
0.007637637637637637  6.166162631932333e-08
0.007647647647647648  6.192864842546401e-08
0.007657657657657658  6.177633846650887e-08
0.007667667667667667  6.118199936412203e-08
0.007677677677677678  6.146221446697217e-08
0.007687687687687688  6.082571732742459e-08
0.007697697697697697  6.062986024545838e-08
0.007707707707707708  6.042452395822328e-08
0.007717717717717718  6.020203484221763e-08
0.007727727727727727  5.997769385053452e-08
0.007737737737737738  5.974399311888831e-08
0.007747747747747748  5.950097382805926e-08
0.007757757757757757  5.978081022636196e-08
0.007767767767767768  5.952815861495669e-08
0.007777777777777778  5.871643891958681e-08
0.007787787787787787  5.899433532672057e-08
0.007797797797797798  5.815058228787307e-08
0.007807807807807808  5.84227514294638e-08
0.007817817817817818  5.812290475520976e-08
0.007827827827827828  5.781374783042295e-08
0.007837837837837838  5.690196478911846e-08
0.007847847847847847  5.658706383497683e-08
0.007857857857857857  5.683088792786957e-08
0.007867867867867868  5.587480672353411e-08
0.007877877877877878  5.612999013329541e-08
0.007887887887887888  5.576600181000531e-08
0.007897897897897898  5.539306082772908e-08
0.007907907907907907  5.438434042546717e-08
0.007917917917917917  5.462055115528663e-08
0.007927927927927928  5.358838893795926e-08
0.007937937937937938  5.319780206967397e-08
0.007947947947947948  5.339611975296787e-08
0.007957957957957958  5.297071576399912e-08
0.007967967967967967  5.253679053485033e-08
0.007977977977977977  5.145479140561565e-08
0.007987987987987989  5.166363718319408e-08
0.007997997997997998  5.12045461227708e-08
0.008008008008008008  5.06972994843786e-08
0.008018018018018018  5.022185068417622e-08
0.008028028028028027  4.914275384963631e-08
0.008038038038038037  4.929107037574248e-08
0.008048048048048049  4.811699904952955e-08
0.008058058058058058  4.828398994423184e-08
0.008068068068068068  4.714036807055816e-08
0.008078078078078078  4.658271346013199e-08
0.008088088088088087  4.605688497715678e-08
0.008098098098098097  4.617686870118661e-08
0.008108108108108109  4.5626387404496e-08
0.008118118118118118  4.444223978488577e-08
0.008128128128128128  4.447601405645746e-08
0.008138138138138138  4.390891812526038e-08
0.008148148148148147  4.279269376606775e-08
0.008158158158158157  4.221873467922731e-08
0.008168168168168169  4.163829005413436e-08
0.008178178178178178  4.101683522091321e-08
0.008188188188188188  4.045830442401926e-08
0.008198198198198198  3.982548014153262e-08
0.008208208208208207  3.922061424493959e-08
0.008218218218218219  3.86142444742861e-08
0.008228228228228229  3.852932111238731e-08
0.008238238238238238  3.789502349179621e-08
0.008248248248248248  3.72545947848302e-08
0.008258258258258258  3.657872703212664e-08
0.008268268268268267  3.572654266620831e-08
0.008278278278278279  3.504673849913169e-08
0.008288288288288289  3.441714256658681e-08
0.008298298298298298  3.372800865565314e-08
0.008308308308308308  3.308603054661907e-08
0.008318318318318318  3.260880352360683e-08
0.008328328328328327  3.171040552277772e-08
0.008338338338338339  3.10504907109643e-08
0.008348348348348349  3.036203784986963e-08
0.008358358358358358  2.983576232230488e-08
0.008368368368368368  2.911125423706273e-08
0.008378378378378378  2.8269332422453e-08
0.008388388388388388  2.756234221209377e-08
0.008398398398398399  2.698573379161164e-08
0.008408408408408409  2.613458350243858e-08
0.008418418418418418  2.540000996600881e-08
0.008428428428428428  2.478908282010718e-08
0.008438438438438438  2.396367025864276e-08
0.008448448448448448  2.323231400682541e-08
0.008458458458458459  2.249728951892271e-08
0.008468468468468469  2.174909161225875e-08
0.008478478478478478  2.101669981636605e-08
0.008488488488488488  2.027136697880966e-08
0.008498498498498498  1.957373491881461e-08
0.008508508508508508  1.876594366779032e-08
0.008518518518518519  1.801662651007347e-08
0.008528528528528529  1.725919282735099e-08
0.008538538538538538  1.649705307825803e-08
0.008548548548548548  1.573626051320082e-08
0.008558558558558558  1.497100178386271e-08
0.008568568568568568  1.420467772222986e-08
0.008578578578578579  1.34335027790922e-08
0.008588588588588589  1.26615060301354e-08
0.008598598598598598  1.185118907068283e-08
0.008608608608608608  1.111162785753685e-08
0.008618618618618618  1.030736116378931e-08
0.008628628628628628  9.554729021174611e-09
0.008638638638638639  8.782693178551872e-09
0.008648648648648649  8.001565080789135e-09
0.008658658658658658  7.207659723716925e-09
0.008668668668668668  6.435658008290064e-09
0.008678678678678678  5.587593622543996e-09
0.008688688688688688  4.852141812608927e-09
0.008698698698698699  4.006834533064361e-09
0.008708708708708709  3.293330834752594e-09
0.008718718718718719  2.490401592648479e-09
0.008728728728728728  1.652084606845152e-09
0.008738738738738738  9.384883039382028e-10
0.008748748748748749  1.968043767490639e-10
0.008758758758758759  6.568000108351121e-10
0.008768768768768769  1.551494312222035e-09
0.008778778778778779  2.23248768589111e-09
0.008788788788788788  3.085578217767327e-09
0.008798798798798798  3.854040574029297e-09
0.008808808808808809  4.617409149016662e-09
0.008818818818818819  5.453251510790685e-09
0.008828828828828829  6.240477331745521e-09
0.008838838838838839  7.026748157590494e-09
0.008848848848848848  7.760221562598239e-09
0.008858858858858858  8.570016034411941e-09
0.008868868868868869  9.351369475059925e-09
0.008878878878878879  1.010549394213512e-08
0.008888888888888889  1.091195567035469e-08
0.008898898898898899  1.168934200297557e-08
0.008908908908908908  1.243680137582907e-08
0.008918918918918918  1.326554245614919e-08
0.008928928928928929  1.400940761456958e-08
0.008938938938938939  1.477924722637087e-08
0.008948948948948949  1.55456942492714e-08
0.008958958958958959  1.63106892504137e-08
0.008968968968968968  1.707260519757821e-08
0.008978978978978978  1.783182252972166e-08
0.00898898898898899  1.858781201444618e-08
0.008998998998998999  1.931381648629015e-08
0.009009009009009009  2.011893901838218e-08
0.009019019019019019  2.083895702478588e-08
0.009029029029029028  2.160946871869421e-08
0.009039039039039038  2.234990478027839e-08
0.00904904904904905  2.308642407504051e-08
0.009059059059059059  2.376890547236159e-08
0.009069069069069069  2.449890761352694e-08
0.009079079079079079  2.522524047224283e-08
0.009089089089089088  2.597091176345111e-08
0.009099099099099098  2.666597434618342e-08
0.00910910910910911  2.742363004086078e-08
0.009119119119119119  2.813182056580591e-08
0.009129129129129129  2.881552628031631e-08
0.009139139139139139  2.951556224570062e-08
0.009149149149149148  3.021092853935096e-08
0.009159159159159158  3.088452191649546e-08
0.00916916916916917  3.160301596742278e-08
0.009179179179179179  3.226791223880313e-08
0.009189189189189189  3.295689657786095e-08
0.009199199199199199  3.360178658041862e-08
0.009209209209209208  3.42789530093859e-08
0.009219219219219218  3.494796756255507e-08
0.00922922922922923  3.559270585312695e-08
0.009239239239239239  3.623472415890753e-08
0.009249249249249249  3.688393353088895e-08
0.009259259259259259  3.751752589582984e-08
0.009269269269269268  3.815013208329754e-08
0.00927927927927928  3.877674665318319e-08
0.00928928928928929  3.939555972081911e-08
0.009299299299299299  4.001159995741039e-08
0.009309309309309309  4.060909563838556e-08
0.009319319319319319  4.121418127084158e-08
0.009329329329329328  4.18074959536116e-08
0.00933933933933934  4.239415040642853e-08
0.00934934934934935  4.297415085470436e-08
0.009359359359359359  4.356210645357231e-08
0.009369369369369369  4.411356900365262e-08
0.009379379379379379  4.46728687883314e-08
0.009389389389389389  4.52042516173593e-08
0.0093993993993994  4.577022672389454e-08
0.00940940940940941  4.628301021170948e-08
0.009419419419419419  4.683857422953315e-08
0.009429429429429429  4.739083990340097e-08
0.009439439439439439  4.790867126607417e-08
0.009449449449449449  4.841871715229992e-08
0.00945945945945946  4.892133143274712e-08
0.00946946946946947  4.934054382683822e-08
0.009479479479479479  4.990292515139582e-08
0.009489489489489489  5.033996045758707e-08
0.009499499499499499  5.076494334722951e-08
0.009509509509509509  5.122379326771652e-08
0.00951951951951952  5.172267766850045e-08
0.00952952952952953  5.216731213179305e-08
0.009539539539539539  5.25775488498492e-08
0.009549549549549549  5.303174989697459e-08
0.009559559559559559  5.345141640200741e-08
0.009569569569569569  5.386262570881213e-08
0.00957957957957958  5.426531270789785e-08
0.00958958958958959  5.462857748845106e-08
0.009599599599599599  5.504486614553447e-08
0.009609609609609609  5.54221668938851e-08
0.009619619619619619  5.579014958661045e-08
0.009629629629629629  5.614872994749271e-08
0.00963963963963964  5.649957285286679e-08
0.00964964964964965  5.684031550825074e-08
0.009659659659659659  5.717264478786379e-08
0.009669669669669669  5.753252549193832e-08
0.009679679679679679  5.7810706590709e-08
0.009689689689689689  5.815270364238316e-08
0.0096996996996997  5.841099513771535e-08
0.00970970970970971  5.869759598048664e-08
0.00971971971971972  5.89749091411779e-08
0.009729729729729729  5.92428907450836e-08
0.009739739739739739  5.950149836166685e-08
0.00974974974974975  5.975069109481469e-08
0.00975975975975976  5.999097312625608e-08
0.00976976976976977  6.022067541788195e-08
0.00977977977977978  6.044190601847977e-08
0.009789789789789789  6.063354872184415e-08
0.009799799799799799  6.085457895351881e-08
0.00980980980980981  6.102798847358759e-08
0.00981981981981982  6.122829776892022e-08
0.00982982982982983  6.140128611617079e-08
0.00983983983983984  6.156374097819738e-08
0.009849849849849849  6.171686375821908e-08
0.009859859859859859  6.18602208775336e-08
0.00986986986986987  6.196289738489769e-08
0.00987987987987988  6.214731208872046e-08
0.00988988988988989  6.225990847749119e-08
0.0098998998998999  6.230247718464952e-08
0.009909909909909909  6.240519963670718e-08
0.009919919919919919  6.249157794634653e-08
0.00992992992992993  6.256314001071748e-08
0.00993993993993994  6.263065729004966e-08
0.00994994994994995  6.26904102069808e-08
0.00995995995995996  6.278892613551023e-08
0.009969969969969969  6.273727780368585e-08
0.009979979979979979  6.28311757689462e-08
0.00998998998998999  6.283653838586271e-08
0.01  6.283136746116276e-08
