t  x_1  x_2  x_3
0  0  0.0002150344738794338  0.0002150344738794338
1.001001001001001e-05  0.0005358319675440862  0.0007809068873350748  0.0002450749197909887
2.002002002002002e-05  0.002536888582451605  0.002793306545868146  0.0002564179634165415
3.003003003003003e-05  0.006029537131261242  0.006226084859679337  0.000196547728418095
4.004004004004004e-05  0.01089209418537277  0.01101176687445362  0.0001196726890808526
5.005005005005005e-05  0.01700132666800543  0.01705259271824405  5.126605023862349e-05
6.006006006006006e-05  0.02424344728586639  0.02423288908513201  -1.055820073438477e-05
7.007007007007007e-05  0.03251415606364345  0.03243139445603192  -8.276160761152423e-05
8.008008008008008e-05  0.04171786609488982  0.04153220365867337  -0.000185662436216448
9.009009009009009e-05  0.05176693249408  0.05143320662086177  -0.0003337258732182269
0.0001001001001001001  0.06258094503998034  0.06205124909886969  -0.0005296959411106444
0.0001101101101101101  0.07408608377091366  0.07332369474519736  -0.0007623890257163063
0.0001201201201201201  0.08621453231235297  0.08520655719044271  -0.001007975121910268
0.0001301301301301301  0.09890394381248063  0.0976698295533393  -0.001234114259141328
0.0001401401401401401  0.1120969547880621  0.110691001196325  -0.001405953591737105
0.0001501501501501501  0.125740742601111  0.1242479646152932  -0.001492777985817761
0.0001601601601601602  0.1397866226688394  0.1383125477236651  -0.001474074945174264
0.0001701701701701702  0.1541896818555066  0.1528457539386699  -0.001343927916836657
0.0001801801801801802  0.1689084448135217  0.1677954787268091  -0.00111296608671263
0.0001901901901901902  0.1839045703292939  0.1830970459401628  -0.0008075243891310924
0.0002002002002002002  0.1991425749895133  0.1986764378248603  -0.0004661371646529633
0.0002102102102102102  0.2145895817236432  0.2144556533991248  -0.0001339283245184175
0.0002202202202202202  0.2302150909904285  0.2303592904301897  0.0001441994397611557
0.0002302302302302302  0.2459907725713525  0.2463212594023192  0.0003304868309667308
0.0002402402402402402  0.2618902760986518  0.2622905309522079  0.0004002548535561035
0.0002502502502502502  0.2778890585863495  0.2782349885243028  0.0003459299379533487
0.0002602602602602602  0.2939642273339149  0.2941427730999612  0.0001785457660462564
0.0002702702702702703  0.3100943966133272  0.3100209106075251  -7.348600580214804e-05
0.0002802802802802803  0.3262595564930541  0.3258914350737989  -0.0003681214192551852
0.0002902902902902903  0.3424409519192987  0.3417855903923088  -0.0006553615269898616
0.0003003003003003003  0.3586209696184852  0.3577369508392403  -0.0008840187792449328
0.0003103103103103103  0.3747830292358962  0.3737744070001384  -0.001008622235757817
0.0003203203203203203  0.3909114728867832  0.3899159098476517  -0.0009955630391314529
0.0003303303303303303  0.4069914430498717  0.4061636708775039  -0.0008277721723678466
0.0003403403403403403  0.423008730826992  0.4225012249520181  -0.0005075058749738348
0.0003503503503503503  0.4389495621043383  0.4388924351654974  -5.712693884091236e-05
0.0003603603603603604  0.4548002628857874  0.4552822195999824  0.000481956714195042
0.0003703703703703704  0.4705466981766596  0.4715985635716941  0.001051865395034435
0.0003803803803803804  0.4861732965365164  0.4877552833717485  0.001581986835232085
0.0003903903903903904  0.5016613318337492  0.5036550383355516  0.001993706501802417
0.0004004004004004004  0.5169859034288165  0.5191922291305134  0.002206325701696987
0.0004104104104104104  0.5321107075016397  0.5342556305326155  0.002144923030975798
0.0004204204204204204  0.5469792508518579  0.5487308314527736  0.001751580600915625
0.0004304304304304304  0.5615008667538304  0.5625027359967512  0.001001869242920783
0.0004404404404404404  0.5755306193085356  0.5754584698276637  -7.214948087186368e-05
0.0004504504504504505  0.5888460971245335  0.587491009013321  -0.001355088111212543
0.0004604604604604604  0.6011344888334272  0.5985037035416754  -0.002630785291751869
0.0004704704704704705  0.6120191231944915  0.6084156316187856  -0.003603491575705831
0.0004804804804804805  0.6211557313472206  0.6171674422954316  -0.00398828905178894
0.0004904904904904905  0.6283780631515101  0.6247270842792316  -0.003650978872278499
0.0005005005005005005  0.6337913121052372  0.6310946387492903  -0.002696673355946921
0.0005105105105105105  0.6377244955669802  0.6363054219460815  -0.001419073620898659
0.0005205205205205205  0.6405852292979857  0.6404306241729  -0.0001546051250856939
0.0005305305305305305  0.6427333831687526  0.6435750015680115  0.0008416183992588921
0.0005405405405405405  0.6444297593349128  0.6458715021534474  0.001441742818534597
0.0005505505505505506  0.6458412655150489  0.647473130946069  0.001631865431020008
0.0005605605605605605  0.6470668093474583  0.6485427696042682  0.00147596025680985
0.0005705705705705706  0.6481626453545838  0.649241992717708  0.001079347363124206
0.0005805805805805806  0.6491605096986647  0.6497201068830599  0.0005595971843952441
0.0005905905905905905  0.6500787854926363  0.6501046450848555  2.585959221923506e-05
0.0006006006006006006  0.6509287843117996  0.6504943727989263  -0.0004344115128732673
0.0006106106106106106  0.6517180756024508  0.6509555299815633  -0.0007625456208875114
0.0006206206206206207  0.6524521846783743  0.6515215974066018  -0.0009305872717725316
0.0006306306306306306  0.6531354433210997  0.6521964060560035  -0.0009390372650962542
0.0006406406406406406  0.6537714191624205  0.652959978573606  -0.0008114405888145493
0.0006506506506506507  0.6543631413327748  0.6537761674618081  -0.0005869738709667338
0.0006606606606606606  0.6549132282245016  0.6546009818892025  -0.0003122463352991378
0.0006706706706706706  0.6554239672181278  0.6553904929170052  -3.347430112254912e-05
0.0006806806806806807  0.6558973694688071  0.6561073662020062  0.0002099967331991026
0.0006906906906906907  0.6563352105438892  0.6567253564631121  0.0003901459192229284
0.0007007007007007007  0.6567390621513437  0.6572314556215737  0.0004923934702300015
0.0007107107107107107  0.6571103177068254  0.6576257547959783  0.0005154370891529148
0.0007207207207207207  0.6574502133278813  0.6579194005481644  0.0004691872202831071
0.0007307307307307307  0.6577598452763646  0.6581312520241263  0.0003714067477617045
0.0007407407407407407  0.6580401845600161  0.6582839516742354  0.000243767114219251
0.0007507507507507507  0.6582920892178519  0.6584001042208709  0.0001080150030190463
0.0007607607607607608  0.6585163146897615  0.6584991338861229  -1.718080363855012e-05
0.0007707707707707707  0.6587135225840487  0.6585951919685102  -0.0001183306155384534
0.0007807807807807808  0.6588842880897812  0.6586962577075424  -0.0001880303822388019
0.0007907907907907908  0.6590291062321647  0.6588043574691937  -0.000224748762970961
0.0008008008008008008  0.6591483971291262  0.6589166558520567  -0.000231741277069486
0.0008108108108108108  0.6592425103773109  0.6590270700187473  -0.0002154403585635789
0.0008208208208208208  0.6593117286699727  0.6591280329453836  -0.0001836957245890947
0.0008308308308308308  0.659356270729204  0.6592120751950856  -0.0001441955341183743
0.0008408408408408408  0.6593762936182691  0.6592729897141751  -0.0001033039040939654
0.0008508508508508508  0.6593718944855849  0.6593064647942176  -6.542969136724697e-05
0.0008608608608608609  0.6593431117797796  0.6593101905889045  -3.292119087505707e-05
0.0008708708708708709  0.6592899259647601  0.6592835421877035  -6.38377705663995e-06
0.0008808808808808808  0.6592122597545141  0.6592270026287493  1.474287423519627e-05
0.0008908908908908909  0.6591099778785767  0.6591415070880934  3.152920951665639e-05
0.0009009009009009009  0.658982886381224  0.6590278684797941  4.498209857006774e-05
0.0009109109109109108  0.6588307314498404  0.6588863954141421  5.566396430167764e-05
0.0009209209209209209  0.6586531977603074  0.6587167503790052  6.355261869783746e-05
0.0009309309309309309  0.6584499063191914  0.6585180339944167  6.812767522523799e-05
0.000940940940940941  0.6582204117746463  0.6582890326118057  6.862083715941658e-05
0.0009509509509509509  0.6579641991598506  0.6580285391150376  6.43399551869539e-05
0.0009609609609609609  0.6576806800224667  0.657735652854279  5.49728318123277e-05
0.000970970970970971  0.6573691878838964  0.657409981468235  4.079358433861646e-05
0.0009809809809809809  0.657028972960697  0.6570516984374231  2.272547672610425e-05
0.0009909909909909911  0.656659196067035  0.6566614472662824  2.251199247349511e-06
0.001001001001001001  0.6562589212866937  0.6562401178789646  -1.88034077290844e-05
0.001011011011011011  0.6558271059160015  0.6557885465468757  -3.855936912577906e-05
0.001021021021021021  0.6553625989443574  0.6553072034752883  -5.539546906918602e-05
0.001031031031031031  0.6548641224362765  0.6547959310588942  -6.81913773822318e-05
0.001041041041041041  0.6543302622509563  0.6542537825057587  -7.647974519753298e-05
0.001051051051051051  0.6537594543041078  0.6536789886334444  -8.046567066333221e-05
0.001061061061061061  0.6531499688614906  0.6530690548005877  -8.091406090282582e-05
0.001071071071071071  0.6524998925702813  0.6524209648872673  -7.892768301398512e-05
0.001081081081081081  0.6518071078812403  0.6517314490009694  -7.565888027094569e-05
0.001091091091091091  0.6510692694586843  0.650997259146043  -7.201031264125746e-05
0.001101101101101101  0.6502837771045465  0.6502153940240532  -6.838308049339492e-05
0.001111111111111111  0.6494477446448383  0.649383220723371  -6.452392146738539e-05
0.001121121121121121  0.6485579641335165  0.6484984563132308  -5.950782028574242e-05
0.001131131131131131  0.6476108646269519  0.6475589942308528  -5.187039609910737e-05
0.001141141141141141  0.6466024646633781  0.6465625858805626  -3.987878281552781e-05
0.001151151151151151  0.6455283174524586  0.645506413452798  -2.190399966062184e-05
0.001161161161161161  0.6443834476404192  0.644386611646572  3.164006152744925e-06
0.001171171171171171  0.6431622783784195  0.6431978099346676  3.553155624802518e-05
0.001181181181181181  0.6418585472804224  0.6419327700225601  7.422274213775282e-05
0.001191191191191191  0.6404652097539494  0.6405821833931664  0.0001169736392170329
0.001201201201201201  0.638974328125513  0.6391346712839657  0.0001603431584527026
0.001211211211211211  0.6373769450307072  0.6375769963981224  0.0002000513674151883
0.001221221221221221  0.6356629397450818  0.6358944566958855  0.0002315169508037007
0.001231231231231231  0.6338208666059754  0.634071393181641  0.0002505265756655994
0.001241241241241241  0.6318377755445412  0.6320917130730196  0.000253937528478354
0.001251251251251251  0.6296990162089156  0.6299393141853815  0.0002402979764659641
0.001261261261261261  0.6273880294328051  0.627598300962336  0.0002102715295309032
0.001271271271271271  0.6248861331845874  0.6250529094508193  0.0001667762662318495
0.001281281281281281  0.6221723149026122  0.6222871056248288  0.0001147907222166511
0.001291291291291291  0.6192230485126974  0.6192838826322193  6.08341195219575e-05
0.001301301301301301  0.6160121624460115  0.6160243479431778  1.218549716630601e-05
0.001311311311311311  0.6125107942198383  0.6124867491987709  -2.404502106745365e-05
0.001321321321321321  0.6086874764138143  0.6086456258981949  -4.185051561933495e-05
0.001331331331331331  0.604508405907751  0.6044712835035339  -3.712240421716029e-05
0.001341341341341341  0.5999379494370521  0.599929762036708  -8.187400344139562e-06
0.001351351351351351  0.5949394292322784  0.5949834136923743  4.398446009590273e-05
0.001361361361361361  0.5894762081035315  0.5895921204920002  0.0001159123884686419
0.001371371371371371  0.5835130513925091  0.5837150861109837  0.0002020347184745752
0.001381381381381381  0.5770176865110188  0.5773130415814735  0.0002953550704546393
0.001391391391391391  0.5699624196860623  0.5703506292307317  0.0003882095446693379
0.001401401401401401  0.562325621756456  0.5627986869567894  0.0004730652003334113
0.001411411411411411  0.5540928805395694  0.5546361546220612  0.0005432740824917737
0.001421421421421421  0.5452576500323085  0.5458513676365919  0.0005937176042833947
0.001431431431431431  0.5358213047872795  0.5364425836384675  0.0006212788511880118
0.001441441441441441  0.5257926114950716  0.5264176936610313  0.0006250821659596895
0.001451451451451451  0.5151867283369823  0.515793181758077  0.0006064534210946659
0.001461461461461461  0.5040239076826835  0.5045924978500986  0.0005685901674151728
0.001471471471471471  0.4923280952615698  0.4928440805489894  0.0005159852874196402
0.001481481481481481  0.4801255932509553  0.4805792984214793  0.0004537051705240103
0.001491491491491492  0.4674439027737459  0.4678305652059437  0.0003866624321977596
0.001501501501501501  0.4543108031625301  0.4546298309191117  0.0003190277565816024
0.001511511511511511  0.4407536762631094  0.4410075678277072  0.000253891564597819
0.001521521521521522  0.4267990512374312  0.4269922742422867  0.0001932230048554695
0.001531531531531532  0.4124723289962878  0.4126104282517925  0.0001380992555047311
0.001541541541541541  0.3977976417476102  0.3978867543803314  8.911263272121106e-05
0.001551551551551552  0.3827978072816204  0.3828446303159916  4.682303437125723e-05
0.001561561561561562  0.3674943452614858  0.3675064631245887  1.211786310290064e-05
0.001571571571571571  0.3519075310734204  0.3518939016132897  -1.36294601307263e-05
0.001581581581581582  0.3360564701353682  0.3360278140141111  -2.865612125707573e-05
0.001591591591591592  0.3199591813707208  0.3199280333265275  -3.114804419329653e-05
0.001601601601601602  0.3036326827906846  0.303612940536294  -1.974225439060895e-05
0.001611611611611612  0.2870930750351453  0.2870990041062552  5.929071109911366e-06
0.001621621621621622  0.2703556206193465  0.2704004130006931  4.479238134663666e-05
0.001631631631631632  0.2534348178120959  0.2535289267062166  9.410889412064805e-05
0.001641641641641642  0.236344468774542  0.236494022977656  0.000149554203113994
0.001651651651651652  0.219097741988497  0.2193033619941334  0.00020562000563637
0.001661661661661662  0.2017072292117051  0.2019635177427211  0.0002562885310160301
0.001671671671671672  0.1841849973011296  0.1844808681483801  0.0002958708472505234
0.001681681681681682  0.1665426352818215  0.1668624972074657  0.000319861925644177
0.001691691691691692  0.1487912970426983  0.149116953016258  0.0003256559735596853
0.001701701701701702  0.1309417400293699  0.131254727029232  0.0003129869998621249
0.001711711711711712  0.113004360277777  0.1132883678054933  0.0002840075277163456
0.001721721721721722  0.09498922411209533  0.09523220735331402  0.0002429832412186861
0.001731731731731732  0.07690609680051741  0.07710174727461611  0.0001956504740986964
0.001741741741741742  0.05876446843996911  0.05891281199472015  0.0001483435547510389
0.001751751751751752  0.04057357731723725  0.04068061621746613  0.0001070389002288813
0.001761761761761762  0.02234243097130157  0.02241890640944285  7.647543814127966e-05
0.001771771771771772  0.004079825163214515  0.004139319891471656  5.949472825714057e-05
0.001781781781781782  -0.01420563905954598  -0.01414893610433016  5.670295521582359e-05
0.001791791791791792  -0.03250554003298389  -0.03243904095293126  6.649908005263577e-05
0.001801801801801802  -0.05081162172545214  -0.05072617177293491  8.544995251722615e-05
0.001811811811811812  -0.06911578142387349  -0.06900684574742351  0.0001089356764499838
0.001821821821821822  -0.08741005872728316  -0.08727811185560805  0.0001319468716751149
0.001831831831831832  -0.1056866257308579  -0.1055367295658372  0.0001498961650206604
0.001841841841841842  -0.1239377782926047  -0.1237784668996177  0.0001593113929870132
0.001851851851851852  -0.142155928284556  -0.1419976230868079  0.0001583051977480932
0.001861861861861862  -0.1603335967400798  -0.1601868378464127  0.0001467588936671094
0.001871871871871872  -0.1784634078155844  -0.1783371986268065  0.000126209188777926
0.001881881881881882  -0.1965380834928837  -0.1964386079714471  9.947552143663163e-05
0.001891891891891892  -0.2145504389544932  -0.2144803336993556  7.010525513759247e-05
0.001901901901901902  -0.2324933785692446  -0.2324516405058285  4.173806341609132e-05
0.001911911911911912  -0.2503598924346764  -0.250342395649832  1.749678484441741e-05
0.001921921921921922  -0.2681430534224364  -0.2681435529979127  -4.995754763204019e-07
0.001931931931931932  -0.2858360146814113  -0.2858474455007216  -1.143081931032075e-05
0.001941941941941942  -0.3034320075551807  -0.3034478508892383  -1.584333405763028e-05
0.001951951951951952  -0.3209243398757492  -0.320939832838375  -1.549296262581823e-05
0.001961961961961962  -0.3383063945965537  -0.3383193941053029  -1.299950874916744e-05
0.001971971971971972  -0.3555716287360486  -0.3555830044164152  -1.137568036657655e-05
0.001981981981981982  -0.372713572597562  -0.3727270809703129  -1.350837275093664e-05
0.001991991991991992  -0.3897258292410747  -0.3897475022032759  -2.16729622011802e-05
0.002002002002002002  -0.4066020713407163  -0.4066392265031699  -3.715516245356154e-05
0.002012012012012012  -0.4233360375042398  -0.4233960690506758  -6.003154643602349e-05
0.002022022022022022  -0.4399215589479301  -0.440010665073218  -8.910612528784112e-05
0.002032032032032032  -0.456352528717032  -0.4564746202497308  -0.0001220915326988203
0.002042042042042042  -0.4726229129576606  -0.4727788225545426  -0.0001559095968819424
0.002052052052052052  -0.4887267514508234  -0.4889138678515525  -0.0001871164007291037
0.002062062062062062  -0.5046581582622589  -0.5048705367555675  -0.0002123784933085737
0.002072072072072072  -0.5204113224997559  -0.5206402543623458  -0.0002289318625899872
0.002082082082082082  -0.5359805091619952  -0.5362154680798139  -0.0002349589178186617
0.002092092092092092  -0.551360060069465  -0.551589891391479  -0.0002298313220139292
0.002102102102102102  -0.5665443948669329  -0.5667585812393696  -0.0002141863724367532
0.002112112112112112  -0.5815280120891348  -0.5817178411262265  -0.0001898290370916378
0.002122122122122122  -0.5963054902809963  -0.5964649675318783  -0.0001594772508819453
0.002132132132132132  -0.610871489162869  -0.6109978801174382  -0.0001263909545691222
0.002142142142142142  -0.6252207508368598  -0.6253146929274722  -9.394209061241998e-05
0.002152152152152152  -0.6393481010242023  -0.6394132916766955  -6.519065249321887e-05
0.002162162162162162  -0.653248450330728  -0.6532909798218234  -4.252949109539994e-05
0.002172172172172172  -0.6669167955332906  -0.6669442436505624  -2.744811727173335e-05
0.002182182182182182  -0.6803482208827766  -0.6803686659670424  -2.044508426579661e-05
0.002192192192192192  -0.6935378994177396  -0.6935589925392809  -2.10931215413046e-05
0.002202202202202202  -0.7064810942857002  -0.7065093295980346  -2.823531233442367e-05
0.002212212212212212  -0.7191731600696502  -0.7192134289754156  -4.02689057654726e-05
0.002222222222222222  -0.7316095441109707  -0.7316650038417998  -5.545973082909939e-05
0.002232232232232232  -0.7437857878310727  -0.7438580150537967  -7.222722272393067e-05
0.002242242242242242  -0.7556975280460765  -0.7557868764730125  -8.934842693597567e-05
0.002252252252252252  -0.7673404982710486  -0.7674465457497368  -0.0001060474786882537
0.002262262262262262  -0.7787105300127898  -0.778832491563723  -0.0001219615509332472
0.002272272272272272  -0.7898035540476425  -0.7899405544705456  -0.0001370004229030997
0.002282282282282282  -0.8006156016824567  -0.8007667411359387  -0.0001511394534819965
0.002292292292292292  -0.8111428059960574  -0.8113070063286354  -0.0001642003325780239
0.002302302302302302  -0.82138140306108  -0.8215570805143267  -0.0001756774532467587
0.002312312312312312  -0.8313277331409081  -0.8315123923193257  -0.0001846591784175899
0.002322322322322322  -0.8409782418647366  -0.8411681159747404  -0.0001898741100038182
0.002332332332332332  -0.8503294813744802  -0.8505193476555774  -0.0001898662810971841
0.002342342342342342  -0.8593781114450754  -0.8595613864215663  -0.0001832749764909547
0.002352352352352352  -0.8681209005766582  -0.8682900707629472  -0.000169170186288925
0.002362362362362362  -0.8765547270562095  -0.8767021055213586  -0.0001473784651491172
0.002372372372372372  -0.8846765799870883  -0.8847953096349845  -0.0001187296478962763
0.002382382382382382  -0.8924835602882308  -0.8925687240201615  -8.516373193068194e-05
0.002392392392392392  -0.8999728816586861  -0.9000225397683489  -4.965810966284234e-05
0.002402402402402402  -0.9071418715084418  -0.9071578363479686  -1.596483952681638e-05
0.002412412412412412  -0.9139879718546502  -0.9139761526513172  1.18192033330411e-05
0.002422422422422422  -0.9205087401815002  -0.9204789447834845  2.979539801573061e-05
0.002432432432432432  -0.9267018502629384  -0.9266670080911925  3.484217174587467e-05
0.002442442442442442  -0.9325650929497649  -0.9325399527654096  2.514018435528786e-05
0.002452452452452453  -0.9380963769168629  -0.9380958202257195  5.566911434051747e-07
0.002462462462462462  -0.9432937293741497  -0.943330911220795  -3.718184664536217e-05
0.002472472472472472  -0.948155296736068  -0.9482398683990614  -8.457166299336016e-05
0.002482482482482483  -0.9526793452528449  -0.9528160200058662  -0.0001366747530212598
0.002492492492492492  -0.9568642616014932  -0.9570519525658584  -0.0001876909643652169
0.002502502502502502  -0.9607085534362139  -0.9609402446049008  -0.0002316911686869316
0.002512512512512513  -0.9642108498978001  -0.964474265980007  -0.0002634160822068132
0.002522522522522522  -0.9673699020819191  -0.967648932421956  -0.0002790303400369565
0.002532532532532532  -0.9701845834654153  -0.970461305072413  -0.0002767216069977652
0.002542542542542543  -0.9726538902910246  -0.9729109406910217  -0.0002570503999971274
0.002552552552552552  -0.9747769419096208  -0.9749999283351423  -0.000222986425521432
0.002562562562562563  -0.9765529810800757  -0.976732589176062  -0.0001796080959862723
0.002572572572572573  -0.977981374226373  -0.978114862652768  -0.0001334884263950453
0.002582582582582582  -0.9790616116519139  -0.9791534481859175  -9.183653400368641e-05
0.002592592592592593  -0.9797933077105432  -0.9798548106898484  -6.150297930518356e-05
0.002602602602602603  -0.9801762009345558  -0.9802241841438634  -4.798320930754496e-05
0.002612612612612612  -0.9802101541190825  -0.980264715819652  -5.456170056949983e-05
0.002622622622622623  -0.9798951543632126  -0.9799768819332914  -8.172757007873788e-05
0.002632632632632633  -0.9792313130674991  -0.9793582737064767  -0.0001269606389775468
0.002642642642642642  -0.978218865887761  -0.9784038042655735  -0.0001849383778125269
0.002652652652652653  -0.9768581726453857  -0.9771063276018559  -0.0002481549564702368
0.002662662662662663  -0.9751497171938009  -0.975457599114474  -0.0003078819206731032
0.002672672672672672  -0.9730941072414081  -0.9734494525177257  -0.0003553452763176423
0.002682682682682683  -0.9706920741307556  -0.9710750290925741  -0.0003829549618185046
0.002692692692692693  -0.9679444725739844  -0.9683298797174289  -0.0003854071434444828
0.002702702702702703  -0.9648522803451152  -0.9652127717303151  -0.0003604913851998903
0.002712712712712713  -0.9614165979284228  -0.9617260713309641  -0.0003094734025412826
0.002722722722722723  -0.9576386481237155  -0.9578756331288665  -0.0002369850051510136
0.002732732732732733  -0.9535197756082771  -0.9536702027220507  -0.0001504271137736657
0.002742742742742743  -0.9490614464550903  -0.9491204142692813  -5.896781419101327e-05
0.002752752752752753  -0.9442652476092824  -0.9442375301765431  2.771743273932703e-05
0.002762762762762763  -0.9391328863209615  -0.9390321129189154  0.0001007734020460616
0.002772772772772773  -0.9336661895351701  -0.9335128316290389  0.0001533579061312462
0.002782782782782783  -0.9278671032398831  -0.9276855853823077  0.000181517857575364
0.002792792792792793  -0.9217376917718639  -0.9215530738248181  0.0001846179470458287
0.002802802802802803  -0.9152801370799701  -0.9151148723463851  0.0001652647335850244
0.002812812812812813  -0.9084967379471298  -0.9083679858054723  0.0001287521416575288
0.002822822822822823  -0.9013899091711138  -0.9013077765110559  8.213266005796527e-05
0.002832832832832833  -0.8939621807031425  -0.8939291026437126  3.307805942986963e-05
0.002842842842842843  -0.8862161967469205  -0.8862274732341536  -1.127648723309171e-05
0.002852852852852853  -0.8781547148159977  -0.8782000304363673  -4.531562036957926e-05
0.002862862862862863  -0.8697806047508109  -0.8698462080153677  -6.560326455684606e-05
0.002872872872872873  -0.8610968476974186  -0.8611679792227724  -7.113152535387357e-05
0.002882882882882883  -0.8521065350442627  -0.8521696850048679  -6.314996060519107e-05
0.002892892892892893  -0.8428128673220776  -0.8428575100005674  -4.464267848980352e-05
0.002902902902902903  -0.8332191530632511  -0.8332387342461225  -1.958118287137545e-05
0.002912912912912913  -0.8233288076233872  -0.8233209216767113  7.885946675889599e-06
0.002922922922922923  -0.8131453519654189  -0.813111206642034  3.414532338497089e-05
0.002932932932932933  -0.8026724114055813  -0.802615807537312  5.660386826933372e-05
0.002942942942942943  -0.7919137143221789  -0.7918398397792297  7.387454294927043e-05
0.002952952952952953  -0.780873090828  -0.7807874310647122  8.565976328789304e-05
0.002962962962962963  -0.7695544714070117  -0.7694620749514364  9.239645557534981e-05
0.002972972972972973  -0.7579618855131754  -0.757867108402472  9.477711070349226e-05
0.002982982982982983  -0.7460994601376838  -0.7460061756456224  9.328449206136291e-05
0.002992992992992993  -0.7339714183385585  -0.7338835491829381  8.786915562042363e-05
0.003003003003003003  -0.7215820700372886  -0.7215042169670134  7.785307027519117e-05
0.003013013013013013  -0.7089358161996517  -0.7088737041676283  6.211203202344251e-05
0.003023023023023023  -0.6960371772278861  -0.6959976653647837  3.951186310235943e-05
0.003033033033033033  -0.6828907451038017  -0.6828813434988003  9.401605001402302e-06
0.003043043043043043  -0.6695012000255012  -0.6695290317105981  -2.783168509690181e-05
0.003053053053053053  -0.6558733087420714  -0.6559436839098104  -7.037516773900077e-05
0.003063063063063063  -0.6420119228566147  -0.6421267964386055  -0.0001148735819908042
0.003073073073073073  -0.6279219770980309  -0.6280786305163214  -0.0001566534182905199
0.003083083083083083  -0.6136084875646879  -0.613798773727353  -0.0001902861626651431
0.003093093093093093  -0.5990765499388094  -0.5992869633530377  -0.0002104134142282277
0.003103103103103103  -0.5843313376715942  -0.5845440308465323  -0.0002126931749381056
0.003113113113113113  -0.5693781001422934  -0.5695727892515813  -0.0001946891092878822
0.003123123123123123  -0.5542221607885183  -0.5543786827890745  -0.0001565220005562695
0.003133133133133133  -0.5388689152109795  -0.5389700521737846  -0.0001011369628051151
0.003143143143143143  -0.5233238292532123  -0.5233579348655647  -3.410561235239751e-05
0.003153153153153153  -0.5075924370552436  -0.5075554042580086  3.703279723499264e-05
0.003163163163163163  -0.4916803390835599  -0.4915765393519412  0.0001037997316186701
0.003173173173173173  -0.4755932001368162  -0.4754351893849847  0.0001580107518314722
0.003183183183183183  -0.459336747329898  -0.4591437414469761  0.0001930058829218706
0.003193193193193193  -0.4429167680542051  -0.4427121040466879  0.0002046640075171746
0.003203203203203203  -0.4263391079178173  -0.4261470843044445  0.0001920236133728381
0.003213213213213213  -0.4096096686640681  -0.409452267225769  0.0001574014382991207
0.003223223223223223  -0.3927344060705963  -0.3926284155179107  0.0001059905526855642
0.003233233233233233  -0.3757193278288697  -0.3756743149848055  4.501284406416284e-05
0.003243243243243243  -0.3585704914059316  -0.3585879118073248  -1.742040139318668e-05
0.003253253253253253  -0.3412940018872796  -0.3413675392169214  -7.353732964177073e-05
0.003263263263263263  -0.3238960098038655  -0.3240130214292671  -0.0001170116254016196
0.003273273273273273  -0.3063827089419028  -0.3065264735731474  -0.0001437646312446583
0.003283283283283283  -0.2887603341384248  -0.2889126809097908  -0.000152346771366052
0.003293293293293293  -0.2710351590612576  -0.2711790252254602  -0.000143866164202644
0.003303303303303303  -0.2532134939759337  -0.2533350133368901  -0.0001215193609564458
0.003313313313313313  -0.2353016834987692  -0.2353915342146285  -8.985071585929094e-05
0.003323323323323323  -0.2173061043382232  -0.2173600128908332  -5.390855261003247e-05
0.003333333333333333  -0.1992331630251453  -0.1992516331599989  -1.847013485359317e-05
0.003343343343343343  -0.1810892936314673  -0.1810767674762609  1.252615520641598e-05
0.003353353353353353  -0.1628809554799726  -0.162844690045756  3.626543421661466e-05
0.003363363363363363  -0.1446146308446257  -0.1445635729555358  5.105788908987829e-05
0.003373373373373373  -0.1262968226429844  -0.1262406935017771  5.612914120733947e-05
0.003383383383383383  -0.1079340521208169  -0.1078827310353183  5.132108549855963e-05
0.003393393393393393  -0.08953285653089119  -0.08949601610180921  3.68404290819746e-05
0.003403403403403403  -0.07109978680548619  -0.07108661800351689  1.316880196930437e-05
0.003413413413413413  -0.05264140522412439  -0.05266021443541807  -1.880921129368551e-05
0.003423423423423423  -0.03416428307768436  -0.03422176521862789  -5.748214094352527e-05
0.003433433433433433  -0.01567499832846362  -0.0157750920095865  -0.0001000936811228793
0.003443443443443443  0.002819866730999467  0.002677473930902546  -0.0001423928000969213
0.003453453453453453  0.02131372782165985  0.02113519150154507  -0.0001785363201147784
0.003463463463463463  0.03980000102186938  0.03959859881916158  -0.0002014022027077983
0.003473473473473473  0.05827210511137182  0.05806870815119213  -0.0002033969601796873
0.003483483483483484  0.07672346391376782  0.07654573516490568  -0.000177728748862141
0.003493493493493493  0.09514750863796599  0.0950275183595401  -0.0001199902784258938
0.003503503503503503  0.1135376802166396  0.113507899706913  -2.978050972657353e-05
0.003513513513513514  0.131887431639979  0.1319754121575728  8.798051759378867e-05
0.003523523523523523  0.1501902302853249  0.1504126309687971  0.0002224006834721792
0.003533533533533533  0.168439560240429  0.1687964821054125  0.0003569218649834838
0.003543543543543544  0.1866289246154439  0.1870996651883242  0.0004707405728802683
0.003553553553553553  0.2047518478432045  0.2052931589666002  0.0005413111233956713
0.003563563563563563  0.2228018779553005  0.2233495654082934  0.0005476874529929399
0.003573573573573574  0.2407725888174639  0.2412468533342367  0.000474264516772821
0.003583583583583583  0.2586575822921077  0.2589719235086089  0.0003143412165011461
0.003593593593593594  0.2764504902552313  0.2765233663085079  7.287605327660485e-05
0.003603603603603604  0.2941449763322798  0.2939128382215015  -0.0002321381107782683
0.003613613613613613  0.3117347370758485  0.3111646433339609  -0.0005700937418876006
0.003623623623623624  0.3292135020387453  0.3283133498109025  -0.0009001522278427321
0.003633633633633634  0.3465750316738875  0.3453995614570891  -0.001175470216798369
0.003643643643643643  0.3638131109761585  0.3624642526736196  -0.001348858302538836
0.003653653653653654  0.3809215348417417  0.3795423116761986  -0.00137922316554312
0.003663663663663664  0.3978940774443031  0.3966560795860899  -0.001237997858213213
0.003673673673673673  0.4147244310409186  0.4138096959431143  -0.0009147350978042645
0.003683683683683684  0.4314060868120982  0.4309849591476979  -0.0004211276644003337
0.003693693693693694  0.4479321068586666  0.4481392012736161  0.0002070944149494824
0.003703703703703703  0.4642946939631805  0.4652053973689985  0.0009107034058179475
0.003713713713713714  0.4804843900278397  0.482094429353964  0.001610039326124246
0.003723723723723724  0.4964886025083287  0.4986991561558239  0.002210553647495173
0.003733733733733734  0.5122889376830997  0.5148997496790727  0.002610811995973017
0.003743743743743744  0.5278564738726441  0.5305696694326459  0.002713195560001824
0.003753753753753754  0.5431436364829969  0.5455816743355347  0.002438037852537822
0.003763763763763764  0.5580709143224744  0.5598133929285827  0.001742478606108322
0.003773773773773774  0.572507010032002  0.5731521585005706  0.0006451484685685571
0.003783783783783784  0.5862441561729943  0.585499017439168  -0.0007451387338263116
0.003793793793793794  0.5989798624967677  0.5967719902298627  -0.002207872266904998
0.003803803803803804  0.6103333107364431  0.6069087664159893  -0.003424544320453804
0.003813813813813814  0.6199324338179846  0.6158690264021046  -0.00406340741587996
0.003823823823823824  0.6275652043986687  0.6236365053926867  -0.003928699005982028
0.003833833833833834  0.6332977285140134  0.6302207709328275  -0.00307695758118598
0.003843843843843844  0.6374484550895835  0.6356585158914515  -0.001789939198131973
0.003853853853853854  0.6404412523486077  0.6400140217996781  -0.0004272305489295691
0.003863863863863864  0.6426624947350361  0.6433783693781334  0.0007158746430973029
0.003873873873873874  0.6443965090762935  0.6458669969614856  0.001470487885192107
0.003883883883883884  0.6458263217094234  0.6476153448869099  0.001789023177486415
0.003893893893893894  0.6470603575906079  0.648772561543731  0.001712203953123104
0.003903903903903904  0.6481599733916384  0.649493547587946  0.00133357419630753
0.003913913913913914  0.6491594577956612  0.6499299246276389  0.0007704668319776786
0.003923923923923924  0.6500784035320724  0.65022077247669  0.0001423689446176102
0.003933933933933934  0.6509286697294168  0.6504841293644639  -0.0004445403649528945
0.003943943943943944  0.6517180637711383  0.6508102533628176  -0.000907810408320664
0.003953953953953954  0.652452210545049  0.6512574877611753  -0.00119472278387367
0.003963963963963964  0.6531354820530803  0.6518512734491703  -0.001284208603909986
0.003973973973973974  0.653771461633145  0.6525864509123758  -0.001185010720769264
0.003983983983983984  0.6543631843499335  0.6534325554794587  -0.0009306288704747923
0.003993993993993994  0.6549132707648302  0.6543414036930117  -0.0005718670718184438
0.004004004004004004  0.6554240075314067  0.6552559629092364  -0.0001680446221703491
0.004014014014014014  0.6558974055638369  0.656119341211852  0.0002219356480150925
0.004024024024024024  0.6563352428033395  0.6568827550124625  0.0005475122091229689
0.004034034034034034  0.6567390909261531  0.6575115222372453  0.0007724313110921699
0.004044044044044044  0.657110343305523  0.6579884556190744  0.0008781123135513935
0.004054054054054054  0.6574502360178299  0.6583144371721028  0.0008642011542728811
0.004064064064064064  0.6577598652881126  0.6585063732835043  0.0007465079953916653
0.004074074074074074  0.6580402020920073  0.6585930925862743  0.0005528904942669888
0.004084084084084084  0.6582921044403512  0.6586100006684508  0.0003178962280995234
0.004094094094094094  0.6585163277484622  0.6585934130591663  7.708531070405034e-05
0.004104104104104104  0.658713533602914  0.658575443357327  -0.0001380902455869748
0.004114114114114114  0.6588842971732913  0.6585801456139438  -0.0003041515593474875
0.004124124124124124  0.6590291134673316  0.6586213390092861  -0.0004077744580455178
0.004134134134134134  0.6591484025871157  0.6587022312959459  -0.0004461712911698612
0.004144144144144144  0.6592425141146288  0.6588166607016193  -0.0004258534130094915
0.004154154154154154  0.6593117307295931  0.6589515419366985  -0.0003601887928946779
0.004164164164164164  0.6593562711412667  0.6590899633547169  -0.0002663077865497909
0.004174174174174174  0.6593762924007099  0.6592143520062062  -0.0001619403945037901
0.004184184184184184  0.6593718916445279  0.6593091940949822  -6.269754954568718e-05
0.004194194194194194  0.6593431073097566  0.6593629459266241  1.983861686749577e-05
0.004204204204204204  0.6592899198488166  0.6593689597210387  7.903987222213082e-05
0.004214214214214214  0.6592122519640945  0.659325441306287  0.0001131893421925101
0.004224224224224224  0.6591099683732625  0.6592346183556685  0.0001246499824060221
0.004234234234234234  0.6589828751083329  0.659101404045643  0.000118528937310125
0.004244244244244244  0.6588307183440151  0.658931880649007  0.0001011623049919086
0.004254254254254254  0.6586531827426128  0.6587319030934704  7.872035085765283e-05
0.004264264264264264  0.6584498892962153  0.6585060479551904  5.615865897512506e-05
0.004274274274274274  0.6582203926374641  0.6582570299962187  3.663735875458762e-05
0.004284284284284284  0.6579641777826635  0.6579855998594436  2.142207678013097e-05
0.004294294294294294  0.6576806562609161  0.6576908439530568  1.018769214067294e-05
0.004304304304304304  0.6573691615732941  0.657370745736955  1.584163660917071e-06
0.004314314314314314  0.6570289439138562  0.6570228432156022  -6.100698254019044e-06
0.004324324324324324  0.6566591640714975  0.6566448287825389  -1.433528895855574e-05
0.004334334334334334  0.6562588864169698  0.6562349764222973  -2.390999467249966e-05
0.004344344344344344  0.6558270708612685  0.6557923353422782  -3.473551899024763e-05
0.004354354354354354  0.6553625636527426  0.6553166853301207  -4.587832262192837e-05
0.004364364364364364  0.6548640868563703  0.6548082962547144  -5.579060165594729e-05
0.004374374374374375  0.6543302263317556  0.654267564792462  -6.266153929368468e-05
0.004384384384384384  0.6537594179946838  0.6536946128837973  -6.480511088657881e-05
0.004394394394394394  0.6531499321114677  0.6530889261726228  -6.100593884483807e-05
0.004404404404404405  0.6524998553295499  0.6524490914013394  -5.076392821046216e-05
0.004414414414414414  0.6518070701005392  0.6517726656335122  -3.440446702696054e-05
0.004424424424424424  0.6510692310896425  0.6510561833187277  -1.304777091482023e-05
0.004434434434434435  0.6502837381005653  0.6502952843199237  1.154621935839373e-05
0.004444444444444444  0.6494477049613502  0.6494849298313539  3.722487000368258e-05
0.004454454454454454  0.6485579237291577  0.6486196643449298  6.17406157721323e-05
0.004464464464464465  0.6476108234651593  0.6476938796530914  8.305618793214009e-05
0.004474474474474474  0.6466024227137021  0.6467020397306575  9.961701695548886e-05
0.004484484484484484  0.6455282746924899  0.6456388315783164  0.0001105568858265071
0.004494494494494495  0.6443834040593527  0.6444992155492588  0.0001158114899061369
0.004504504504504504  0.6431622339804846  0.6432783586975146  0.0001161247170300417
0.004514514514514514  0.6418585020896725  0.6419714461272326  0.0001129440375600144
0.004524524524524525  0.6404651638206613  0.6405733779401106  0.0001082141194492792
0.004534534534534534  0.6389742815337766  0.6390783726070859  0.0001040910733093314
0.004544544544544544  0.6373768979085461  0.6374795101054995  0.0001026121969534
0.004554554554554555  0.6356628922768834  0.6357682580602211  0.0001053657833376409
0.004564564564564564  0.6338208190476348  0.6339340292306305  0.0001132101829957044
0.004574574574574574  0.6318377282424649  0.6319638172005434  0.0001260889580785296
0.004584584584584585  0.6296989696227121  0.6298419482446512  0.0001429786219391271
0.004594594594594595  0.6273879841608914  0.6275499718776745  0.0001619877167831074
0.004604604604604604  0.6248860899938619  0.6250666929903961  0.0001806029965342182
0.004614614614614615  0.6221722747601482  0.6223683286239297  0.0001960538637814091
0.004624624624624625  0.6192230126158789  0.6194287568810825  0.000205744265203589
0.004634634634634634  0.6160121322491318  0.6162198182846252  0.0002076860354934817
0.004644644644644645  0.6125107714486698  0.612711633614089  0.0002008621654191467
0.004654654654654655  0.6086874630609026  0.6088729170145668  0.0001854539536642053
0.004664664664664664  0.6045084041974002  0.6046712861737198  0.0001628819763196399
0.004674674674674675  0.5999379617498622  0.6000735973467888  0.000135635596926531
0.004684684684684685  0.5949394579832669  0.5950463550589609  0.0001068970756940013
0.004694694694694694  0.589476255572708  0.5895562573988898  8.000182618184137e-05
0.004704704704704705  0.5835131195205421  0.583570932501207  5.781298066487306e-05
0.004714714714714715  0.5770177766845576  0.5770598978013386  4.212111678103536e-05
0.004724724724724724  0.569962532550905  0.5699957327359497  3.320018504471278e-05
0.004734734734734735  0.5623257570981749  0.5623554038904002  2.964679222527966e-05
0.004744744744744745  0.5540930372632941  0.5541216286636683  2.8591400374256e-05
0.004754754754754754  0.5452578262522548  0.5452841208075551  2.62945553002325e-05
0.004764764764764765  0.5358214980096646  0.5358405395025219  1.904149285725243e-05
0.004774774774774775  0.5257928188572419  0.5257969710471564  4.152189914452542e-06
0.004784784784784784  0.5151869468544664  0.5151678118474873  -1.913500697914294e-05
0.004794794794794795  0.504024134462239  0.5039749902816116  -4.914418062740289e-05
0.004804804804804805  0.4923283276552337  0.4922465540101423  -8.177364509143192e-05
0.004814814814814814  0.4801258289427734  0.4800147445515339  -0.0001110843912394688
0.004824824824824825  0.4674441398078778  0.4673137658364295  -0.0001303739714483276
0.004834834834834835  0.4543110399279549  0.4541775119866983  -0.0001335279412565948
0.004844844844844844  0.4407539114531704  0.4406375392981506  -0.0001163721550197505
0.004854854854854855  0.4267992837992045  0.4267215421191421  -7.774168006241533e-05
0.004864864864864865  0.4124725580786344  0.4124525236244163  -2.003445421810968e-05
0.004874874874874875  0.3977978666554005  0.3978487500036694  5.088334826891527e-05
0.004884884884884885  0.3827980274372094  0.3829244564381481  0.000126429000938677
0.004894894894894895  0.3674945601750962  0.3676911554750246  0.0001965952999283815
0.004904904904904905  0.3519077403202436  0.3521593034340973  0.0002515631138537699
0.004914914914914915  0.3360566733380997  0.3363400252025149  0.0002833518644152488
0.004924924924924925  0.319959378187127  0.3202465925258894  0.0002872143387623871
0.004934934934934935  0.3036328729037636  0.3038953972576508  0.0002625243538871835
0.004944944944944945  0.287093258146666  0.2873062515047518  0.0002129933580858334
0.004954954954954955  0.2703557964441188  0.2705019654884205  0.0001461690443017583
0.004964964964964965  0.2534349860735234  0.2535072806463322  7.229457280877316e-05
0.004974974974974975  0.2363446292018754  0.2363473476048931  2.718403017659687e-06
0.004984984984984985  0.2190978943140356  0.2190460166159014  -5.187769813422283e-05
0.004994994994994995  0.2017073731691414  0.2016242382231918  -8.313494594958115e-05
0.005005005005005005  0.184185126624686  0.1840988495423808  -8.627708230524167e-05
0.005015015015015015  0.1665427453735462  0.166481951173421  -6.07942001251971e-05
0.005025025025025025  0.1487913897586988  0.1487809746307236  -1.041512797517186e-05
0.005035035035035035  0.1309418171161323  0.1309994196432412  5.760252710895752e-05
0.005045045045045045  0.1130044233843773  0.1131381264319668  0.0001337030475895284
0.005055055055055055  0.0949892748007769  0.09519686042922004  0.000207585628443141
0.005065065065065065  0.07690613655606041  0.07717594071178678  0.0002698041557263747
0.005075075075075075  0.05876449867817946  0.05907764584537988  0.0003131471672004199
0.005085085085085085  0.04057359939219016  0.04090717979810561  0.000333580405915454
0.005095095095095095  0.02234244618211631  0.02267306576365481  0.0003306195815384952
0.005105105105105105  0.004079834759923216  0.004386940405858613  0.0003071056459353965
0.005115115115115115  -0.01420563387091962  -0.01393717439257412  0.0002684594783455042
0.005125125125125125  -0.0325055380860409  -0.03228395964995887  0.0002215784360820247
0.005135135135135135  -0.05081162188933254  -0.05063803267576401  0.0001735892135685257
0.005145145145145145  -0.06911578259990793  -0.06898510053172542  0.0001306820681825083
0.005155155155155155  -0.08741005984592076  -0.08731283885081498  9.722099510578452e-05
0.005165165165165165  -0.1056866257494106  -0.1056113649760707  7.526077333988579e-05
0.005175175175175175  -0.1239377761921609  -0.123873257544178  6.451864798290297e-05
0.005185185185185185  -0.1421559230686235  -0.1420931606986616  6.276236996188844e-05
0.005195195195195195  -0.160333587432858  -0.1602670837843309  6.650364852708868e-05
0.005205205205205205  -0.1784633934604492  -0.1783915539594303  7.183950101891101e-05
0.005215215215215215  -0.1965380631512898  -0.1964627926183068  7.527053298297948e-05
0.005225225225225225  -0.2145504117047659  -0.2144760666385117  7.434506625425552e-05
0.005235235235235235  -0.2324933435062707  -0.2324253185128141  6.802499345659463e-05
0.005245245245245245  -0.2503598486689183  -0.2503031164500593  5.673221885904578e-05
0.005255255255255255  -0.2681430000791608  -0.268100900024275  4.210005488580748e-05
0.005265265265265265  -0.2858359509005133  -0.2858094419398026  2.650896071065834e-05
0.005275275275275275  -0.303431932490918  -0.303419411988176  1.252050274203054e-05
0.005285285285285285  -0.3209242526964783  -0.3209219204940641  2.332202414190299e-06
0.005295295295295295  -0.3383062944851636  -0.3383089351074374  -2.640622273786253e-06
0.005305305305305305  -0.3555715148891632  -0.3555735012172764  -1.986328113157132e-06
0.005315315315315315  -0.3727134442260148  -0.3727097433438337  3.700882181156828e-06
0.005325325325325325  -0.3897256855699959  -0.3897126719884757  1.301358152022702e-05
0.005335335335335335  -0.4066019144517343  -0.4065778577073364  2.405674439792671e-05
0.005345345345345345  -0.4233358787614391  -0.423301054633165  3.482412827404691e-05
0.005355355355355355  -0.4399213988375467  -0.4398778564517615  4.354238578524461e-05
0.005365365365365365  -0.4563523677183156  -0.4563034505499005  4.891716841509686e-05
0.005375375375375375  -0.4726227515429479  -0.4725725061885317  5.02453544161674e-05
0.005385385385385385  -0.4887265900857746  -0.4886791979108382  4.739217493637815e-05
0.005395395395395395  -0.5046579974060463  -0.5046173343420318  4.066306401451225e-05
0.005405405405405406  -0.5204111626043276  -0.520380541939264  3.062066506365202e-05
0.005415415415415415  -0.5359803506732427  -0.5359624471211017  1.790355214092987e-05
0.005425425425425425  -0.551359903426106  -0.5513568088235057  3.094602600284269e-06
0.005435435435435436  -0.5665442405004643  -0.5665575736870438  -1.333318657958937e-05
0.005445445445445445  -0.5815278604241686  -0.5815588518386803  -3.099141451168297e-05
0.005455455455455455  -0.596305341735088  -0.5963548356619413  -4.949392685327236e-05
0.005465465465465466  -0.6108713441464824  -0.6109397006335742  -6.835648709180298e-05
0.005475475475475475  -0.6252206097528625  -0.6253075320612466  -8.692230838402981e-05
0.005485485485485485  -0.6393479642676086  -0.6394523133131073  -0.0001043490454986085
0.005495495495495496  -0.6532483182891337  -0.653367992237291  -0.0001196739481573728
0.005505505505505505  -0.6669166685863472  -0.6670486179999089  -0.0001319494135616495
0.005515515515515515  -0.680348099401987  -0.6804885171833432  -0.0001404177813562058
0.005525525525525526  -0.6935377837663501  -0.6936824621185356  -0.0001446783521854567
0.005535535535535535  -0.7064809848187338  -0.7066257808475849  -0.0001447960288510908
0.005545545545545545  -0.7191730571330832  -0.7193143684524519  -0.0001413113193686755
0.005555555555555556  -0.7316094480423557  -0.7317445820186903  -0.0001351339763345782
0.005565565565565565  -0.7437856989591128  -0.7439130310986228  -0.0001273321395099947
0.005575575575575575  -0.7556974466901499  -0.7558163051060302  -0.0001188584158802186
0.005585585585585586  -0.7673404247412455  -0.7674507009781  -0.0001102762368544452
0.005595595595595595  -0.7787104646097986  -0.7788120224493675  -0.0001015578395688888
0.005605605605605605  -0.7898034970625548  -0.7898955131664002  -9.201610384534931e-05
0.005615615615615616  -0.8006155533965246  -0.80069596028422  -8.04068876953945e-05
0.005625625625625626  -0.8111427666805202  -0.8112079678805338  -6.52012000136315e-05
0.005635635635635635  -0.821381372976934  -0.821426358339183  -4.498536224895044e-05
0.005645645645645646  -0.8313277125390583  -0.8313466242146133  -1.891167555490014e-05
0.005655655655655656  -0.840978230985593  -0.8409653318288044  1.289915678859277e-05
0.005665665665665665  -0.8503294804475454  -0.8502803771447616  4.910330278384833e-05
0.005675675675675676  -0.8593781206894586  -0.8592910162661795  8.710442327908297e-05
0.005685685685685686  -0.8681209202005207  -0.8679976341863997  0.0001232860141209269
0.005695695695695695  -0.8765547572564306  -0.8764012685209218  0.0001534887355087999
0.005705705705705706  -0.8846766209495807  -0.8845029590792501  0.0001736618703305215
0.005715715715715716  -0.8924836121875053  -0.8923030374476746  0.0001805747398306856
0.005725725725725725  -0.8999729446576177  -0.8998004930293302  0.0001724516282874955
0.005735735735735736  -0.90714194575888  -0.9069925469541108  0.000149398804769163
0.005745745745745746  -0.9139880574965286  -0.9138745321900684  0.0001135253064601383
0.005755755755755755  -0.9205088373428202  -0.9204401223774749  6.871496534532895e-05
0.005765765765765766  -0.9267019590600176  -0.9266818839282341  2.00751317834813e-05
0.005775775775775776  -0.932565213486883  -0.932592059533135  -2.6846046251916e-05
0.005785785785785785  -0.9380965092865576  -0.9381634406184525  -6.693133189483724e-05
0.005795795795795796  -0.9432938736565252  -0.9433901629801275  -9.628932360228326e-05
0.005805805805805806  -0.9481554529991166  -0.9482682701112116  -0.0001128171120949872
0.005815815815815815  -0.9526795135524267  -0.952795931976015  -0.0001164184235882271
0.005825825825825826  -0.9568644419811472  -0.9569732754287619  -0.0001088334476146979
0.005835835835835836  -0.9607087459270753  -0.9608018626703348  -9.311674325951369e-05
0.005845845845845845  -0.9642110545187476  -0.9642839293350293  -7.287481628170944e-05
0.005855855855855856  -0.9673701188392727  -0.9674215477811451  -5.14289418723779e-05
0.005865865865865866  -0.9701848123531089  -0.9702159012372982  -3.108888418923428e-05
0.005875875875875875  -0.9726541312904768  -0.9726668349637407  -1.270367326389188e-05
0.005885885885885886  -0.9747771949897143  -0.9747727939133511  4.401076363125256e-06
0.005895895895895896  -0.9765532461972394  -0.9765311731288464  2.20730683929693e-05
0.005905905905905906  -0.9779816513245151  -0.9779390141959989  4.26371285161542e-05
0.005915915915915916  -0.9790619006624895  -0.9789938981171959  6.80025452935995e-05
0.005925925925925926  -0.9797936085525837  -0.9796948306722097  9.877788037393476e-05
0.005935935935935936  -0.9801765135145646  -0.9800429038830101  0.0001336096315545099
0.005945945945945946  -0.9802104783311362  -0.9800415516958718  0.0001689266352643548
0.005955955955955956  -0.979895490089012  -0.979696294566013  0.0001991955229989628
0.005965965965965966  -0.9792316601763796  -0.9790139722775515  0.000217687898828145
0.005975975975975976  -0.9782192242367772  -0.9780015763235257  0.0002176479132515174
0.005985985985985986  -0.9768585420793515  -0.9766648891139944  0.0001936529653571162
0.005995995995995996  -0.9751500975453556  -0.9750071960233944  0.0001429015219612806
0.006006006006006006  -0.9730944775658236  -0.9730283433479381  6.61342178854829e-05
0.006016016016016016  -0.9706924205294081  -0.9707243662217548  -3.194569234676869e-05
0.006026026026026026  -0.9679447950460229  -0.9680878124060825  -0.0001430173600596163
0.006036036036036036  -0.9648525789144891  -0.9651087581710412  -0.0002561792565521914
0.006046046046046046  -0.9614168726438056  -0.9617763758693878  -0.0003595032255822028
0.006056056056056056  -0.9576388990584251  -0.9580807966143295  -0.0004418975559044025
0.006066066066066066  -0.95352000286029  -0.9540149399297877  -0.0004949370694976585
0.006076076076076076  -0.9490616501470123  -0.9495759715633801  -0.0005143214163678689
0.006086086086086086  -0.9442654278881468  -0.9447661054764884  -0.0005006775883416026
0.006096096096096096  -0.9391330433579775  -0.9395925779395993  -0.0004595345816217344
0.006106106106106106  -0.9336663235256736  -0.9340667707685303  -0.0004004472428567052
0.006116116116116116  -0.9278672144031388  -0.9282026189484397  -0.0003354045453008991
0.006126126126126126  -0.9217377803509506  -0.9220145747274859  -0.0002767943765353831
0.006136136136136136  -0.9152802033416065  -0.9155154885629015  -0.0002352852212950118
0.006146146146146146  -0.9084967821816298  -0.9087147889356884  -0.0002180067540585862
0.006156156156156156  -0.9013899316916094  -0.901617292548525  -0.0002273608569155483
0.006166166166166166  -0.8939621818460114  -0.8942228624373725  -0.0002606805913610843
0.006176176176176176  -0.8862161768711466  -0.8865269752044374  -0.0003107983332907294
0.006186186186186186  -0.8781546743029236  -0.8785220896250923  -0.0003674153221686627
0.006196196196196196  -0.8697805440042369  -0.870199559768573  -0.000419015764336117
0.006206206206206206  -0.8610967671427214  -0.8615517353259604  -0.0004549681832389796
0.006216216216216216  -0.8521064351288428  -0.852573859495662  -0.0004674243668192357
0.006226226226226226  -0.8428127485143273  -0.8432654167841942  -0.000452668269866896
0.006236236236236236  -0.8332190158525723  -0.8336306910964498  -0.0004116752438775295
0.006246246246246246  -0.8233286525201826  -0.8236784472525032  -0.0003497947323205519
0.006256256256256256  -0.8131451795002834  -0.8134208167424994  -0.0002756372422160203
0.006266266266266266  -0.8026722221287997  -0.8028716182936487  -0.0001993961648489861
0.006276276276276276  -0.791913508803719  -0.7920444468112302  -0.0001309380075111832
0.006286286286286286  -0.780872869657132  -0.780950900905791  -7.803124865901623e-05
0.006296296296296296  -0.7695542351915665  -0.7695992832139915  -4.504802242499828e-05
0.006306306306306306  -0.7579616348798984  -0.7579940073569922  -3.237247709375612e-05
0.006316316316316316  -0.7460991957310653  -0.7461358012363484  -3.66055052830605e-05
0.006326326326326326  -0.7339711408204678  -0.7340226378359992  -5.149701553142094e-05
0.006336336336336336  -0.7215817877862525  -0.7216511832209263  -6.939543467376907e-05
0.006346346346346346  -0.7089355472921485  -0.7090184548951739  -8.290760302542832e-05
0.006356356356356356  -0.6960369214566128  -0.696123350339235  -8.642888262222481e-05
0.006366366366366366  -0.6828905022506389  -0.6829677409113117  -7.723866067288476e-05
0.006376376376376376  -0.6695009698626654  -0.6695569219089633  -5.595204629793571e-05
0.006386386386386386  -0.6558730910312027  -0.6558993451457982  -2.625411459544758e-05
0.006396396396396396  -0.642011717349079  -0.6420057079182278  6.00943085127259e-06
0.006406406406406407  -0.6279217835358394  -0.6278876018401739  3.418169566549167e-05
0.006416416416416416  -0.6136083056802025  -0.6135560109685168  5.229471168577415e-05
0.006426426426426426  -0.5990763794548308  -0.5990199744443372  5.64050104936431e-05
0.006436436436436437  -0.5843311783020161  -0.5842856903615721  4.548794044401117e-05
0.006446446446446446  -0.5693779515918646  -0.5693562437077622  2.170788410238433e-05
0.006456456456456456  -0.5542220227531197  -0.5542320117100422  -9.988956922502013e-06
0.006466466466466467  -0.5388687873781957  -0.5389116614023837  -4.287402418801101e-05
0.006476476476476476  -0.523323711302659  -0.5233935345331253  -6.982323046633709e-05
0.006486486486486486  -0.5075923286580952  -0.5076771376328939  -8.480897479867799e-05
0.006496496496496497  -0.4916802399034503  -0.4917644348490099  -8.419494555961249e-05
0.006506506506506506  -0.4755931098302024  -0.4756606810464618  -6.757121625938778e-05
0.006516516516516516  -0.4593366655455146  -0.4593746238939084  -3.79583483938184e-05
0.006526526526526527  -0.4429166944343445  -0.4429180274039151  -1.332969570555509e-06
0.006536536536536536  -0.426339042097466  -0.4263046010905539  3.444100691207819e-05
0.006546546546546546  -0.4096096102722243  -0.4095485330188874  6.107725333687197e-05
0.006556556556556557  -0.3927343547298798  -0.3926629000056778  7.145472420194698e-05
0.006566566566566566  -0.3757192831562918  -0.3756582508230211  6.103233327064972e-05
0.006576576576576576  -0.3585704530126523  -0.3585416254278732  2.882758477912306e-05
0.006586586586586587  -0.3412939693791694  -0.341316192552451  -2.222317328165468e-05
0.006596596596596596  -0.3238959827817127  -0.3239815757199258  -8.5592938213086e-05
0.006606606606606606  -0.3063826870018775  -0.306534815249252  -0.0001521282473745389
0.006616616616616617  -0.2887603168721474  -0.2889718034902303  -0.0002114866180829011
0.006626626626626626  -0.2710351460563262  -0.2712889514097787  -0.0002538053534524853
0.006636636636636636  -0.2532134848157537  -0.253484809237405  -0.0002713244216513422
0.006646646646646647  -0.2353016777633515  -0.2355613761928481  -0.0002596984294965521
0.006656656656656657  -0.2173061016044474  -0.2175248898223278  -0.0002187882178804335
0.006666666666666666  -0.1992331628667481  -0.1993859725902546  -0.0001528097235065362
0.006676676676676677  -0.1810892956194325  -0.181159115967305  -6.982034787250679e-05
0.006686686686686687  -0.1628809591831119  -0.1628615831427222  1.937604038967922e-05
0.006696696696696696  -0.1446146358296531  -0.1445118951393054  0.0001027406903476857
0.006706706706706707  -0.1262968284747966  -0.126128120438825  0.0001687080359715487
0.006716716716716717  -0.107934058363022  -0.1077262095191547  0.0002078488438673198
0.006726726726726726  -0.08953286274589922  -0.08931860306899878  0.0002142596769004468
0.006736736736736737  -0.07109979255491214  -0.07091330085728247  0.0001864916976296732
0.006746746746746747  -0.052641410069057  -0.05251351536544319  0.0001278947036138164
0.006756756756756756  -0.03416428657876344  -0.03411795978884149  4.632678992195355e-05
0.006766766766766767  -0.01567500004669523  -0.0157217431277857  -4.674308109046607e-05
0.006776776776776777  0.002819867234215459  0.002682226097014843  -0.0001376411372006154
0.006786786786786786  0.02131373098421471  0.02110148536304506  -0.0002122456211696468
0.006796796796796797  0.0398000072807  0.03954211378481867  -0.0002578934958813311
0.006806806806806807  0.05827211490177638  0.05800690244983359  -0.0002652124519427965
0.006816816816816816  0.07672347766971011  0.07649382631594373  -0.0002296513537663747
0.006826826826826827  0.09514752679154523  0.09499502427022985  -0.0001525025213153786
0.006836836836836837  0.1135377031973575  0.1134964509986526  -4.125219870489139e-05
0.006846846846846846  0.1318874598747553  0.131978300150672  9.084027591668709e-05
0.006856856856856857  0.1501902641983774  0.1504162165116246  0.0002259523132472074
0.006866866866866867  0.1684396002522516  0.1687832220553376  0.0003436218030860305
0.006876876876876876  0.18662897114369  0.1870521860013432  0.0004232148576531758
0.006886886886886887  0.2047519013015374  0.2051985840858361  0.0004466827842987409
0.006896896896896897  0.2228019387530543  0.2232032294683573  0.0004012907153029821
0.006906906906906906  0.2407726573597328  0.2410546287533339  0.0002819713936010881
0.006916916916916917  0.2586576589798588  0.2587506294740442  9.297049418538483e-05
0.006926926926926927  0.2764505754849118  0.276299083183176  -0.0001514923017358338
0.006936936936936937  0.2941450704960576  0.29371734701034  -0.0004277234857176238
0.006946946946946947  0.3117348405618672  0.3110305756317627  -0.0007042649301044479
0.006956956956956957  0.3292136152342569  0.3282688983799859  -0.0009447168542710549
0.006966966966966967  0.3465751549688616  0.345463712806232  -0.001111442162629594
0.006976976976976977  0.3638132447728154  0.3626434362204836  -0.001169808552331786
0.006986986986986987  0.3809216795712947  0.3798291239478613  -0.001092555623433411
0.006996996996996997  0.3978942336045577  0.3970303772691743  -0.0008638563353834394
0.007007007007007007  0.4147245888707333  0.4142419241023965  -0.0004826647683368046
0.007017017017017017  0.4314062415913993  0.4314411693666452  3.492777524594093e-05
0.007027027027027027  0.4479322584270319  0.4485868956697605  0.0006546372427285729
0.007037037037037037  0.4642948426531034  0.4656191690807048  0.001324326427601386
0.007047047047047047  0.4804845369666836  0.4824603908391922  0.001975853872508648
0.007057057057057057  0.496488750066991  0.4990173518008464  0.002528601733855385
0.007067067067067067  0.5122890900889595  0.5151841026320361  0.002895012543076558
0.007077077077077077  0.5278566379300408  0.5308454503472457  0.002988812417204945
0.007087087087087087  0.5431438221208484  0.5458809218397241  0.002737099718875702
0.007097097097097097  0.5580711341930271  0.560169081300595  0.002097947107567832
0.007107107107107107  0.5725072765339332  0.5735921303293449  0.001084853795411678
0.007117117117117117  0.5862444735921034  0.586040737965403  -0.0002037356267003965
0.007127127127127127  0.5989802139155537  0.5974190294581766  -0.001561184457377074
0.007137137137137137  0.6103336480217375  0.6076496039514317  -0.002684044070305758
0.007147147147147147  0.619932689772318  0.6166783604254971  -0.003254329346820906
0.007157157157157157  0.6275653328386444  0.6244788076106511  -0.003086525227993242
0.007167167167167167  0.6332977359879288  0.631055443648697  -0.002242292339231788
0.007177177177177177  0.6374483876791687  0.6364457441431713  -0.001002643535997327
0.007187187187187187  0.6404411586770807  0.6407203176004765  0.0002791589233958058
0.007197197197197197  0.6426624044218235  0.6439808895499635  0.001318485128139923
0.007207207207207207  0.6443964328035282  0.6463559605015152  0.001959527697987018
0.007217217217217217  0.6458262594491131  0.6479942313831391  0.002167971934025958
0.007227227227227227  0.64706030555033  0.6490561709123093  0.001995865361979265
0.007237237237237237  0.648159927604018  0.6497043699521116  0.001544442348093589
0.007247247247247247  0.6491594153282142  0.6500935422463227  0.0009341269181084577
0.007257257257257257  0.6500783625627021  0.650361147830501  0.0002827852677989018
0.007267267267267267  0.650928629255445  0.6506196071616999  -0.0003090220937451704
0.007277277277277277  0.6517180232963365  0.6509509313566506  -0.0007670919396859377
0.007287287287287287  0.6524521698495996  0.6514043299322719  -0.001047839917327709
0.007297297297297297  0.6531354410526551  0.6519970058490494  -0.001138435203605681
0.007307307307307307  0.6537714203020674  0.6527179579437666  -0.001053462358300727
0.007317317317317317  0.6543631426825592  0.6535342407475215  -0.0008289019350377069
0.007327327327327327  0.6549132287582325  0.6543988368329603  -0.0005143919252722506
0.007337337337337337  0.6554239666694649  0.6552591218714741  -0.0001648447979908374
0.007347347347347347  0.655897367821807  0.6560648731282738  0.0001675053064668086
0.007357357357357357  0.6563352078551919  0.6567748902797501  0.0004396824245581632
0.007367367367367367  0.6567390584911829  0.6573615419269935  0.0006224834358106168
0.007377377377377377  0.6571103131407162  0.6578128806077554  0.0007025674670392279
0.007387387387387387  0.6574502079119394  0.6581323298678077  0.0006821219558682534
0.007397397397397397  0.6577598390566872  0.6583362820974501  0.0005764430407628751
0.007407407407407407  0.6580401775736322  0.6584502051520658  0.0004100275784335583
0.007417417417417417  0.6582920814933316  0.658504003888831  0.0002119223954993865
0.007427427427427427  0.6585163062483458  0.65852740455304  1.109830469425699e-05
0.007437437437437438  0.6587135134400609  0.6585460321844718  -0.0001674812555890748
0.007447447447447447  0.6588842782513075  0.658578660076927  -0.000305618174380462
0.007457457457457457  0.6590290957013909  0.6586358657563407  -0.0003932299450501997
0.007467467467467468  0.659148385902752  0.6587200757056881  -0.000428310197063908
0.007477477477477477  0.6592424984466962  0.6588267641097481  -0.0004157343369481925
0.007487487487487487  0.6593117160213072  0.6589464222073633  -0.000365293813943901
0.007497497497497498  0.6593562573435262  0.6590668518863595  -0.0002894054571667137
0.007507507507507507  0.6593762794714898  0.6591753603430034  -0.0002009191284864098
0.007517517517517517  0.6593718795483761  0.6592605264825973  -0.0001113530657788075
0.007527527527527528  0.659343096017404  0.6593133475009122  -2.97485164918454e-05
0.007537537537537537  0.6592899093368813  0.6593277236426789  3.781430579763434e-05
0.007547547547547547  0.6592122422148554  0.6593003699654587  8.812775060329514e-05
0.007557557557557558  0.6591099593745408  0.6592303329229562  0.0001203735484154311
0.007567567567567567  0.6589828668534388  0.6591183248483727  0.000135457994933974
0.007577577577577577  0.6588307108317079  0.6589660717979795  0.0001353609662716471
0.007587587587587588  0.6586531759772606  0.6587758116870606  0.0001226357097999786
0.007597597597597597  0.6584498832878936  0.6585499998203647  0.0001001165324711062
0.007607607607607607  0.6582203874022826  0.6582911999430547  7.081254077212495e-05
0.007617617617617618  0.6579641733430222  0.6580020804464486  3.790710342643777e-05
0.007627627627627627  0.6576806526459876  0.65768541012949  4.757483502371151e-06
0.007637637637637637  0.6573691588195419  0.6573439594784887  -2.519934105327248e-05
0.007647647647647648  0.6570289420656621  0.6569802557994544  -4.868626620768701e-05
0.007657657657657658  0.6566591631819956  0.6565962002397494  -6.296294224616972e-05
0.007667667667667667  0.6562588865489307  0.6561926142745034  -6.627227442734807e-05
0.007677677677677678  0.6558270720882153  0.6557688256595908  -5.824642862450879e-05
0.007687687687687688  0.6553625660602915  0.6553224166693903  -4.014939090124514e-05
0.007697697697697697  0.6548640905438582  0.6548492358097153  -1.48547341428662e-05
0.007707707707707708  0.6543302314138595  0.6543437219716808  1.349055782129405e-05
0.007717717717717718  0.6537594246037955  0.6537995188160983  4.009421230277699e-05
0.007727727727727727  0.6531499404001321  0.6532102838932325  6.03434931004676e-05
0.007737737737737738  0.652499865473519  0.6525705395734734  7.067409995442642e-05
0.007747747747747748  0.6518070823023612  0.651876386298502  6.930399614080152e-05
0.007757757757757757  0.6510692455827026  0.6511259112807015  5.666569799889221e-05
0.007767767767767768  0.6502837551541094  0.6503191772348912  3.542208078177733e-05
0.007777777777777778  0.6494477248862822  0.6494577566486645  1.003176238223435e-05
0.007787787787787787  0.6485579468851713  0.6485438710704747  -1.407581469659025e-05
0.007797797797797798  0.6476108502685879  0.6475792817509528  -3.156851763508328e-05
0.007807807807807808  0.6466024536475503  0.6465641382946112  -3.831535293907784e-05
0.007817817817817818  0.6455283103179417  0.6454960112621242  -3.229905581747516e-05
0.007827827827827828  0.6443834450291108  0.6443693067747704  -1.413825434037896e-05
0.007837837837837838  0.6431622810546257  0.6431751898393825  1.290878475679325e-05
0.007847847847847847  0.6418585561550368  0.6419020415416873  4.348538665044366e-05
0.007857857857857857  0.6404652259117815  0.6405363635331738  7.113762139232538e-05
0.007867867867867868  0.6389743528586707  0.6390639443463778  8.959148770715242e-05
0.007877877877877878  0.6373769798771902  0.637471037109284  9.405723209376937e-05
0.007887887887887888  0.6356629865337564  0.6357452819898785  8.229545612203903e-05
0.007897897897897898  0.6338209275063521  0.6338761444375174  5.521693116528059e-05
0.007907907907907907  0.6318378531234059  0.6318547264252933  1.687330188737679e-05
0.007917917917917917  0.6296991134892798  0.6296729269435081  -2.618654577168922e-05
0.007927927927927928  0.6273881499528188  0.6273220574656291  -6.609248718969507e-05
0.007937937937937938  0.6248862810501635  0.6247911329817986  -9.51480683649697e-05
0.007947947947947948  0.62217249482421  0.6220651368086028  -0.0001073580156072396
0.007957957957957958  0.6192232658127922  0.6191235820455766  -9.968376721558592e-05
0.007967967967967967  0.6160124230176578  0.6159396585439684  -7.276447368942396e-05
0.007977977977977977  0.6125111044135917  0.6124801671090021  -3.093730458958444e-05
0.007987987987987989  0.6086878428286056  0.6087063180561531  1.847522754749864e-05
0.007997997997997998  0.6045088350613986  0.6045753317619251  6.649670052649714e-05
0.008008008008008008  0.5999384130986233  0.6000426498958649  0.0001042367972415859
0.008018018018018018  0.5949399171069828  0.5950644704877751  0.0001245533807923138
0.008028028028028027  0.5894767163326796  0.5896002743898834  0.0001235580572037653
0.008038038038038037  0.5835135747201642  0.5836150217224372  0.0001014470022729919
0.008048048048048049  0.5770182184358433  0.5770807608023188  6.254236647551537e-05
0.008058058058058058  0.5699629527967537  0.5699774954098251  1.454261307143323e-05
0.008068068068068068  0.5623261482261107  0.5622932789718654  -3.286925424528242e-05
0.008078078078078078  0.5540933927102656  0.5540236236270598  -6.976908320577291e-05
0.008088088088088087  0.5452581409909804  0.5451704072922476  -8.773369873271708e-05
0.008098098098098097  0.5358217688316815  0.5357405175024132  -8.125132926828371e-05
0.008108108108108109  0.525793044418824  0.5257444799562685  -4.85644625555226e-05
0.008118118118118118  0.5151871275069042  0.5151952844690487  8.156962144512114e-06
0.008128128128128128  0.5040242719347666  0.5041075516456027  8.327971083610386e-05
0.008138138138138138  0.4923284246694789  0.4924970959207488  0.0001686712512699029
0.008148148148148147  0.4801258888358648  0.4803808528069633  0.0002549639710984763
0.008158158158158157  0.4674441662110958  0.4677770668474596  0.0003329006363637643
0.008168168168168169  0.4543110365242512  0.4547055941363934  0.0003945576121422434
0.008178178178178178  0.4407538818141188  0.4411881647882582  0.0004342829741393883
0.008188188188188188  0.4267992312889744  0.4272484749676407  0.0004492436786663334
0.008198198198198198  0.4124724858091486  0.4129120271867052  0.0004395413775565848
0.008208208208208207  0.3977977774743458  0.3982056995447484  0.0004079220704025777
0.008218218218218219  0.3827979239373  0.3831570859114262  0.0003591619741261654
0.008228228228228229  0.3674944447127103  0.367793697533266  0.0002992528205557066
0.008238238238238238  0.3519076150393627  0.3521421435426613  0.0002345285032986366
0.008248248248248248  0.3360565401947857  0.3362274097016736  0.0001708695068879384
0.008258258258258258  0.3199592389727741  0.3200723330757133  0.000113094102939193
0.008268268268268267  0.3036327292664531  0.3036973313281372  6.460206168407145e-05
0.008278278278278279  0.2870931116099671  0.2871203979079235  2.728629795645254e-05
0.008288288288288289  0.2703556484238925  0.2703573286047098  1.680180817364985e-06
0.008298298298298298  0.2534348378927889  0.2534221093451902  -1.272854759876152e-05
0.008308308308308308  0.2363444821032613  0.2363273758347763  -1.710626848502872e-05
0.008318318318318318  0.2190977494708471  0.2190848549703539  -1.289450049316021e-05
0.008328328328328327  0.2017072316950841  0.2017057144119372  -1.517283146873494e-06
0.008338338338338339  0.1841849955812906  0.1842007756402302  1.578005893965173e-05
0.008348348348348349  0.1665426301088411  0.1665805806033622  3.795049452112731e-05
0.008358358358358358  0.1487912891265524  0.1488553353937848  6.40462672323594e-05
0.008368368368368368  0.1309417300443709  0.1310347799493098  9.304990493894105e-05
0.008378378378378378  0.1130043488670139  0.1131280460773501  0.0001236972103362405
0.008388388388388388  0.0949892118909083  0.09514356536176322  0.0001543534708549205
0.008398398398398399  0.07690608435972726  0.07708907475054261  0.0001829903908153463
0.008408408408408409  0.05876445634892023  0.05897174404347331  0.0002072876945530752
0.008418418418418418  0.04057356612590405  0.04079842124728378  0.0002248551213797287
0.008428428428428428  0.02234242121245184  0.02257596421184563  0.0002335429993937932
0.008438438438438438  0.004079817354432597  0.004311605519414632  0.0002317881649820351
0.008448448448448448  -0.01420564441410743  -0.01398671393329913  0.0002189304808083003
0.008458458458458459  -0.03250554244133119  -0.03231010664868818  0.0001954357926430145
0.008468468468468469  -0.05081162070670626  -0.0506486469538663  0.0001629737528399608
0.008478478478478478  -0.06911577650735598  -0.06899145508626212  0.0001243214210938648
0.008488488488488488  -0.08741004945126613  -0.08732695730561266  8.309214565346834e-05
0.008498498498498498  -0.105686611642178  -0.1056432925359551  4.331910622291935e-05
0.008508508508508508  -0.1239377589459343  -0.1239288099520365  8.94899389781989e-06
0.008518518518518519  -0.142155903241801  -0.1421725841082785  -1.668086647754752e-05
0.008528528528528529  -0.1603335655701869  -0.1603648678726544  -3.13023024674508e-05
0.008538538538538538  -0.178463370094477  -0.1784974099765355  -3.403988205846753e-05
0.008548548548548548  -0.1965380388029464  -0.1965635826948731  -2.55438919266604e-05
0.008558558558558558  -0.214550386883867  -0.2145582933808755  -7.906497008547397e-06
0.008568568568568568  -0.232493318712537  -0.2324776869008042  1.563181173278028e-05
0.008578578578578579  -0.2503598243927238  -0.2503186791806352  4.114521208858912e-05
0.008588588588588589  -0.2681429768024329  -0.2680783895814496  6.458722098329206e-05
0.008598598598598598  -0.2858359290966289  -0.2857535570667845  8.237202984445746e-05
0.008608608608608608  -0.3034319126250165  -0.3033400288871785  9.188373783802772e-05
0.008618618618618618  -0.3209242352257018  -0.3208323999638235  9.18352618783369e-05
0.008628628628628628  -0.3383062798588797  -0.3382238576472603  8.242221161935959e-05
0.008638638638638639  -0.3555715035498865  -0.3555062538215484  6.524972833804599e-05
0.008648648648648649  -0.3727134366084763  -0.3726703897145121  4.304689396422701e-05
0.008658658658658658  -0.3897256821015404  -0.3897064644600961  1.921764144430238e-05
0.008668668668668668  -0.406601915552591  -0.4066046122971682  -2.696744577146415e-06
0.008678678678678678  -0.423335884844828  -0.4233554398708396  -1.955502601158621e-05
0.008688688688688688  -0.4399214103091522  -0.4399504768499194  -2.90665407671753e-05
0.008698698698698699  -0.4563523849765781  -0.4563824697542024  -3.008477762428408e-05
0.008708708708708709  -0.47262277497954  -0.4726454775628774  -2.270258333741948e-05
0.008718718718718719  -0.4887266200841544  -0.4887347632998116  -8.143215657230307e-06
0.008728728728728728  -0.5046580343422394  -0.5046465118386483  1.152250359115481e-05
0.008738738738738738  -0.5204112068471495  -0.5203774341488456  3.377269830384666e-05
0.008748748748748749  -0.5359804025832214  -0.5359243364972044  5.60660860170481e-05
0.008758758758758759  -0.551359963355558  -0.5512837363868424  7.62269687156758e-05
0.008768768768768769  -0.5665443087942923  -0.5664515946014916  9.271419280065807e-05
0.008778778778778779  -0.581527937418945  -0.581423207049256  0.0001047303696890545
0.008788788788788788  -0.5963054277582627  -0.5961932660710967  0.0001121616871659903
0.008798798798798798  -0.6108714395173744  -0.6107560652156254  0.0001153743017490161
0.008808808808808809  -0.6252207147817086  -0.6251057912271003  0.0001149235546082927
0.008818818818818819  -0.6393480792562058  -0.6392368283722913  0.0001112508839145043
0.008828828828828829  -0.6532484435295589  -0.6531439972562292  0.000104446273329728
0.008838838838838839  -0.6669168043615792  -0.6668226639641353  9.414039744393143e-05
0.008848848848848848  -0.680348245985354  -0.6802686834277121  7.956255764196563e-05
0.008858858858858858  -0.6935379414214756  -0.6934781780845565  5.97633369191497e-05
0.008868868868868869  -0.7064811537997278  -0.7064471918290408  3.396197068694651e-05
0.008878878878878879  -0.7191732376838547  -0.7191712919779603  1.945705894401684e-06
0.008888888888888889  -0.7316096403963084  -0.7316452113107369  -3.557091442851767e-05
0.008898898898898899  -0.7437859033393737  -0.7438626234018072  -7.672006243353291e-05
0.008908908908908908  -0.7556976633094487  -0.7558161259855906  -0.0001184626761419061
0.008918918918918918  -0.7673406538018882  -0.7674974714240208  -0.000156817622132599
0.008928928928928929  -0.7787107063028861  -0.778898036386076  -0.0001873300831899405
0.008938938938938939  -0.7898037515680126  -0.7900094732377183  -0.0002057216697056719
0.008948948948948949  -0.8006158208830562  -0.8008244428962912  -0.0002086220132350158
0.008958958958958959  -0.8111430473057982  -0.8113373019956198  -0.0001942546898215936
0.008968968968968968  -0.8213816668867884  -0.8215446123735601  -0.0001629454867717595
0.008978978978978978  -0.8313280198682713  -0.8314453607732482  -0.000117340904976837
0.00898898898898899  -0.840978551856493  -0.8410408190750243  -6.22672185313089e-05
0.008998998998998999  -0.8503298149711555  -0.8503340340008245  -4.219029669072505e-06
0.009009009009009009  -0.859378441466136  -0.8593290002047718  4.944126136419147e-05
0.009019019019019019  -0.8681212236697725  -0.8680296303798722  9.159328990027138e-05
0.009029029029029028  -0.8765550429015893  -0.8764386793671688  0.0001163635344204605
0.009039039039039038  -0.8846768882753407  -0.8845567974040381  0.0001200908713026028
0.00904904904904905  -0.8924838607201588  -0.8923818761492661  0.0001019845708927214
0.009059059059059059  -0.8999731739456502  -0.899908810482703  6.436346294724782e-05
0.009069069069069069  -0.9071421553725906  -0.9071297353661951  1.242000639545271e-05
0.009079079079079079  -0.9139882470285078  -0.9140347203274122  -4.647329890439256e-05
0.009089089089089088  -0.9205090064083007  -0.9206128275959493  -0.0001038211876486228
0.009099099099099098  -0.9267021072969757  -0.9268533766316283  -0.0001512693346525928
0.00910910910910911  -0.9325653405563004  -0.9327472192532564  -0.0001818786969560726
0.009119119119119119  -0.9380966148729512  -0.9382878229209104  -0.000191208047959246
0.009129129129129129  -0.9432939574678392  -0.9434719867690701  -0.0001780293012308976
0.009139139139139139  -0.948155514766866  -0.9483000716644366  -0.0001445568975706468
0.009149149149149148  -0.9526795530318386  -0.9527757025602022  -9.614952836356494e-05
0.009159159159159158  -0.9568644589516354  -0.9569049858925455  -4.052694091005726e-05
0.00916916916916917  -0.9607087401920996  -0.9606953624891611  1.337770293852181e-05
0.009179179179179179  -0.9642110259060758  -0.9641542743575899  5.675154848583386e-05
0.009189189189189189  -0.9673700672010669  -0.9672878521938667  8.221500720018149e-05
0.009199199199199199  -0.9701847375659037  -0.9700998250112886  8.491255461517966e-05
0.009209209209209208  -0.9726540332554526  -0.9725908153049652  6.321795048747081e-05
0.009219219219219218  -0.9747770736326955  -0.9747581194973871  1.895413530839107e-05
0.00922922922922923  -0.9765531014687494  -0.9765959952580952  -4.289378934574373e-05
0.009239239239239239  -0.9779814831999065  -0.9780963979202808  -0.0001149147203742817
0.009249249249249249  -0.9790617091418641  -0.9792500408308831  -0.0001883316890189946
0.009259259259259259  -0.9797933936608244  -0.9800476097986275  -0.0002542161378030761
0.009269269269269268  -0.9801762753013782  -0.9804809462435038  -0.0003046709421256066
0.00927927927927928  -0.980210216871055  -0.9805440285021908  -0.0003338116311357719
0.00928928928928929  -0.979895205481358  -0.9802336220045968  -0.0003384165232388492
0.009299299299299299  -0.979231352545205  -0.9795495284079849  -0.0003181758627799347
0.009309309309309309  -0.9782188937308592  -0.9784944303060548  -0.000275536575195523
0.009319319319319319  -0.9768581888720683  -0.9770733902756664  -0.0002152014035980976
0.009329329329329328  -0.9751497218346284  -0.975293110644369  -0.0001433888097405189
0.00933933933933934  -0.9730941003392397  -0.9731610865403186  -6.698620107892239e-05
0.00934934934934935  -0.9706920557407213  -0.9706847867322197  7.269008501564755e-06
0.009359359359359359  -0.9679444427636669  -0.967870976186296  7.346657737083984e-05
0.009369369369369369  -0.9648522391942622  -0.9647252566824637  0.0001269825117985457
0.009379379379379379  -0.9614165455289753  -0.9612518553740714  0.0001646901549038349
0.009389389389389389  -0.9576385845795734  -0.9574536449540375  0.0001849396255358959
0.0093993993993994  -0.9535197010353511  -0.9533323414509273  0.0001873595844238407
0.00940940940940941  -0.9490613609815112  -0.9488888027131016  0.0001725582684095617
0.009419419419419419  -0.9442651513751349  -0.9441233452444742  0.0001418061306607266
0.009429429429429429  -0.9391327794778768  -0.9390360086166745  9.677086120229994e-05
0.009439439439439439  -0.9336660722465719  -0.9336267213636248  3.935088294715339e-05
0.009449449449449449  -0.9278669756808325  -0.9278953540445415  -2.837836370894742e-05
0.00945945945945946  -0.9217375541286909  -0.9218416769677871  -0.0001041228390962212
0.00946946946946947  -0.9152799895506194  -0.91546526540996  -0.0001852758593405834
0.009479479479479479  -0.9084965807406766  -0.908765409023062  -0.0002688282823853916
0.009489489489489489  -0.9013897425077797  -0.9017410821699501  -0.0003513396621703802
0.009499499499499499  -0.8939620048142033  -0.8943910185807655  -0.0004290137665622362
0.009509509509509509  -0.8862160118744312  -0.8867139100607819  -0.0004978981863507093
0.00951951951951952  -0.8781545212125766  -0.8787087200403814  -0.0005541988278047194
0.00952952952952953  -0.8697804026797785  -0.8703750744254977  -0.0005946717457191442
0.009539539539539539  -0.861096637432419  -0.8617136702363739  -0.0006170328039548645
0.009549549549549549  -0.8521063168693462  -0.8527266312717702  -0.0006203144024239382
0.009559559559559559  -0.8428126415311492  -0.8434177419206922  -0.0006051003895429785
0.009569569569569569  -0.833218919960127  -0.8337925051381412  -0.0005735851780142021
0.00957957957957958  -0.8233285675213831  -0.8238579961414454  -0.0005294286200623333
0.00958958958958959  -0.8131451051875128  -0.8136225152093383  -0.0004774100218254418
0.009599599599599599  -0.8026721582840561  -0.8030950757330725  -0.0004229174490163468
0.009609609609609609  -0.7919134551980985  -0.7922847917643709  -0.0003713365662724177
0.009619619619619619  -0.7808728260516442  -0.7812002480441651  -0.0003274219925208932
0.009629629629629629  -0.7695542013365456  -0.7698489415294798  -0.0002947401929341842
0.00963963963963964  -0.7579616105160603  -0.7582368756590123  -0.0002752651429520636
0.00964964964964965  -0.7460991805893497  -0.7463683679793489  -0.0002691873899992592
0.009659659659659659  -0.7339711346220633  -0.7342461012372561  -0.0002749666151927732
0.009669669669669669  -0.7215817902430338  -0.7218714123059601  -0.0002896220629262647
0.009679679679679679  -0.7089355581066101  -0.7092447775623478  -0.000309219455737697
0.009689689689689689  -0.6960369403226069  -0.6963664231851159  -0.0003294828625090007
0.0096996996996997  -0.6828905288529744  -0.6832369688446053  -0.0003464399916308647
0.00970970970970971  -0.6695010038774406  -0.6698580067572165  -0.0003570028797759139
0.00971971971971972  -0.6558731321264916  -0.6562325264523454  -0.0003593943258538568
0.009729729729729729  -0.6420117651848812  -0.6423651179856142  -0.0003533528007330089
0.009739739739739739  -0.6279218377642489  -0.6282619199291894  -0.000340082164940525
0.00974974974974975  -0.6136083659454328  -0.6139303185490136  -0.0003219526035808107
0.00975975975975976  -0.599076445393673  -0.5993784453000978  -0.0003019999064247658
0.00976976976976977  -0.5843312495442945  -0.5846145548196318  -0.0002833052753372645
0.00977977977977978  -0.569378027760472  -0.5696463891644529  -0.000268361403980899
0.009789789789789789  -0.5542221034645928  -0.5544806416327648  -0.0002585381681720067
0.009799799799799799  -0.5388688722426507  -0.5391226227661539  -0.0002537505235031823
0.00980980980980981  -0.5233237999239946  -0.5235762023997522  -0.0002524024757576404
0.00981981981981982  -0.5075924206345174  -0.5078440580721951  -0.0002516374376777541
0.00982982982982983  -0.4916803348276031  -0.4919282075809764  -0.000247872753373346
0.00983983983983984  -0.4755932072896237  -0.4758307498151985  -0.0002375425255747854
0.009849849849849849  -0.459336765122598  -0.4595546920723434  -0.0002179269497453729
0.009859859859859859  -0.4429167957064261  -0.4431047123508212  -0.0001879166443950475
0.00986986986986987  -0.4263391446379306  -0.426487698463154  -0.0001485538252234408
0.00987987987987988  -0.409609713650137  -0.4097129260418673  -0.0001032123917302785
0.00988988988988989  -0.3927344585107851  -0.3927917845604019  -5.732604961677934e-05
0.0098998998998999  -0.375719386901997  -0.3757370299651449  -1.764306314788744e-05
0.009909909909909909  -0.3585705562817119  -0.3585616259826311  8.930299080778248e-06
0.009919919919919919  -0.3412940717271855  -0.3412773220049111  1.674972227438953e-05
0.00992992992992993  -0.323896083761633  -0.3238931904307761  2.893330856901244e-06
0.00993993993993994  -0.3063827861644329  -0.3064143974714691  -3.161130703621673e-05
0.00994994994994995  -0.2887604137661027  -0.2888414980056591  -8.108423955643929e-05
0.00995995995995996  -0.2710352402286675  -0.2711705204821775  -0.0001352802535100062
0.009969969969969969  -0.2532135758122456  -0.25339404099486  -0.0001804651826143866
0.009979979979979979  -0.2353017651285156  -0.2355033413500968  -0.0002015762215811512
0.00998998998998999  -0.2173061848820213  -0.2174916148532361  -0.00018542997121479
0.01  -0.1992332416000081  -0.1993580408519707  -0.0001247992519625984
