t  x_1  x_2  x_3
0  0  6.158113941323334e-08  6.158113941323334e-08
1.001001001001001e-05  2.531030354829269e-05  3.192536801680487e-05  6.615064468512177e-06
2.002002002002002e-05  5.912353658469026e-05  6.296697504988616e-05  3.843438465195904e-06
3.003003003003003e-05  9.077224625286069e-05  9.264438547043444e-05  1.872139217573747e-06
4.004004004004004e-05  0.0001196305902295286  0.0001205692239089949  9.386336794662506e-07
5.005005005005005e-05  0.0001458689838657598  0.0001465029584170851  6.33974551325319e-07
6.006006006006006e-05  0.000169702944420133  0.0001703411026148681  6.381581947351059e-07
7.007007007007007e-05  0.0001913336735890511  0.0001920884640485967  7.547904595456376e-07
8.008008008008008e-05  0.0002109448286629524  0.0002118292527172493  8.844240542968721e-07
9.009009009009009e-05  0.0002287037266821781  0.0002296961135674621  9.923868852839616e-07
0.0001001001001001001  0.0002447627786475284  0.0002458418592081903  1.07908056066195e-06
0.0001101101101101101  0.0002592608230959676  0.0002604169106397247  1.156087543757115e-06
0.0001201201201201201  0.00027232434279772  0.0002735543301510605  1.229987353340524e-06
0.0001301301301301301  0.0002840685729606417  0.0002853630272912748  1.294454330633111e-06
0.0001401401401401401  0.0002945985104119067  0.0002959284353878198  1.329924975913084e-06
0.0001501501501501501  0.0003040098326741177  0.0003053188844228985  1.309051748780781e-06
0.0001601601601601602  0.0003123897348829819  0.0003135951906008943  1.205455717912408e-06
0.0001701701701701702  0.0003198176919595331  0.000320820736113134  1.003044153600877e-06
0.0001801801801801802  0.0003263661526681878  0.0003270695405024102  7.033878342224296e-07
0.0001901901901901902  0.000332101171684124  0.000332430465622544  3.292939384199668e-07
0.0002002002002002002  0.0003370829851445248  0.0003370066206144497  -7.636453007507475e-08
0.0002102102102102102  0.0003413665348196624  0.0003409100689032754  -4.564659163870384e-07
0.0002202202202202202  0.0003450019454273514  0.0003442528995555081  -7.490458718433001e-07
0.0002302302302302302  0.0003480349593506277  0.0003471364430143838  -8.985163362439335e-07
0.0002402402402402402  0.0003505073325874717  0.0003496407671612435  -8.665654262281653e-07
0.0002502502502502502  0.0003524571954793722  0.0003518165327661537  -6.406627132184975e-07
0.0002602602602602602  0.0003539193815629463  0.0003536808433261594  -2.385382367868527e-07
0.0002702702702702703  0.0003549257277410981  0.0003552179884123723  2.922606712742149e-07
0.0002802802802802803  0.000355505348990858  0.0003563850986220501  8.797496311920439e-07
0.0002902902902902903  0.0003556848912289849  0.0003571218731969153  1.436981967930368e-06
0.0003003003003003003  0.0003554887667261933  0.0003573628680606723  1.874101334479073e-06
0.0003103103103103103  0.0003549393784718379  0.0003570504621235148  2.111083651676901e-06
0.0003203203203203203  0.0003540573433951495  0.0003561466108859737  2.089267490824182e-06
0.0003303303303303303  0.0003528617315757446  0.000354641834397021  1.780102821276395e-06
0.0003403403403403403  0.0003513703514479454  0.0003525604893106888  1.190137862743391e-06
0.0003503503503503503  0.0003496001354515399  0.0003499621098515397  3.619743999998064e-07
0.0003603603603603604  0.0003475677243668216  0.0003469393149054053  -6.284094614162922e-07
0.0003703703703703704  0.0003452904273169617  0.0003436133221362571  -1.677105180704645e-06
0.0003803803803803804  0.0003427878734848084  0.0003401283784182343  -2.659495066574069e-06
0.0003903903903903904  0.0003400849107843309  0.0003366463623337414  -3.438548450589553e-06
0.0004004004004004004  0.000337216703373487  0.0003333424636631741  -3.874239710312862e-06
0.0004104104104104104  0.0003342375967904536  0.0003304022853392847  -3.835311451168884e-06
0.0004204204204204204  0.0003312361483714484  0.0003280200804378438  -3.216067933604601e-06
0.0004304304304304304  0.0003283594519126593  0.0003263972837281833  -1.962168184475941e-06
0.0004404404404404404  0.0003258492562005908  0.0003257401614759592  -1.090947246316573e-07
0.0004504504504504505  0.0003240869814112866  0.0003262553779503045  2.168396539017914e-06
0.0004604604604604604  0.00032362855114091  0.0003281425893465723  4.514038205662325e-06
0.0004704704704704705  0.0003251811288327884  0.0003315837783975754  6.40264956478702e-06
0.0004804804804804805  0.0003294584347523764  0.0003367298233697209  7.271388617344568e-06
0.0004904904904904905  0.00033691588071332  0.0003436855946277893  6.769713914469265e-06
0.0005005005005005005  0.0003475179517776839  0.0003524955194854017  4.97756770771778e-06
0.0005105105105105105  0.0003607383148246797  0.0003631319007381696  2.393585913489928e-06
0.0005205205205205205  0.0003757952446872774  0.0003754882186394214  -3.070260478559386e-07
0.0005305305305305305  0.0003919240069152305  0.0003893791666450199  -2.544840270210611e-06
0.0005405405405405405  0.0004085288656504632  0.0004045483265910464  -3.980539059416841e-06
0.0005505505505505506  0.0004252074161540868  0.0004206833107974448  -4.524105356641976e-06
0.0005605605605605605  0.0004417108474376923  0.0004374370681839535  -4.273779253738744e-06
0.0005705705705705706  0.0004578923738450854  0.0004544530672316509  -3.439306613434558e-06
0.0005805805805805806  0.0004736661706464567  0.0004713914076273707  -2.274763019085983e-06
0.0005905905905905905  0.0004889805250194756  0.0004879526981210483  -1.027826898427242e-06
0.0006006006006006006  0.0005038021283897761  0.0005038968156413573  9.468725158123543e-08
0.0006106106106106106  0.0005181075224334757  0.0005190543888605409  9.468664270652263e-07
0.0006206206206206207  0.0005318786578427117  0.0005333299070534551  1.451249210743374e-06
0.0006306306306306306  0.0005451006512975022  0.0005466965644819138  1.595913184411621e-06
0.0006406406406406406  0.0005577606581770191  0.0005591841089817472  1.423450804728145e-06
0.0006506506506506507  0.0005698472921184576  0.000570861881294248  1.014589175790323e-06
0.0006606606606606606  0.0005813503081516339  0.0005818197653962888  4.694572446549113e-07
0.0006706706706706706  0.0005922604138377377  0.0005921498477519728  -1.105660857648495e-07
0.0006806806806806807  0.0006025691450622192  0.0006019312149558484  -6.379301063708835e-07
0.0006906906906906907  0.0006122687770123612  0.0006112195925402071  -1.049184472154061e-06
0.0007007007007007007  0.0006213522562807841  0.0006200425887670258  -1.309667513758254e-06
0.0007107107107107107  0.0006298131470032506  0.000628400331732113  -1.412815271137607e-06
0.0007207207207207207  0.00063764558709033  0.000636270447762515  -1.375139327814984e-06
0.0007307307307307307  0.0006448442521536829  0.0006436157598097705  -1.228492343912421e-06
0.0007407407407407407  0.0006514043254935428  0.0006503928636447796  -1.011461848763207e-06
0.0007507507507507507  0.0006573214729785566  0.0006565598749322223  -7.615980463342989e-07
0.0007607607607607608  0.0006625918219326831  0.0006620820719114957  -5.097500211874006e-07
0.0007707707707707707  0.000667211943347784  0.0006669347758346599  -2.771675131241647e-07
0.0007807807807807808  0.000671178836881202  0.0006711034766673962  -7.536021380571186e-08
0.0007907907907907908  0.0006744899182073908  0.0006745817888266641  9.187061927331229e-08
0.0008008008008008008  0.0006771430083854853  0.0006773682033505057  2.251949650204383e-07
0.0008108108108108108  0.0006791363249622441  0.0006794627291880793  3.264042258352418e-07
0.0008208208208208208  0.0006804684745889698  0.0006808643842556593  3.959096666894535e-07
0.0008308308308308308  0.000681138446975558  0.000681570157965186  4.31710989628022e-07
0.0008408408408408408  0.0006811456100366905  0.0006815756118445311  4.30001807840601e-07
0.0008508508508508508  0.0006804897061195769  0.0006808768242748315  3.87118155254591e-07
0.0008608608608608609  0.0006791708492246732  0.000679473023813456  3.021745887827601e-07
0.0008708708708708709  0.0006771895231553283  0.0006773690711101175  1.795479547891813e-07
0.0008808808808808808  0.0006745465805505457  0.0006745769774172606  3.039686671487719e-08
0.0008908908908908909  0.0006712432427730591  0.0006711158753003456  -1.273674727135478e-07
0.0009009009009009009  0.0006672811006412919  0.0006670102278800924  -2.708727611994881e-07
0.0009109109109109108  0.0006626621160095795  0.0006622864901050035  -3.756259045760478e-07
0.0009209209209209209  0.0006573886242155568  0.0006569688218674652  -4.198023480915958e-07
0.0009309309309309309  0.0006514633374303529  0.0006510747113740585  -3.886260562944088e-07
0.000940940940940941  0.0006448893489621339  0.0006446114404058084  -2.779085563254678e-07
0.0009509509509509509  0.0006376701385793538  0.000637574193571084  -9.594500826985708e-08
0.0009609609609609609  0.0006298095789425012  0.0006299463082984683  1.367293559670878e-07
0.000970970970970971  0.000621311943247186  0.0006217017450386397  3.89801791453705e-07
0.0009809809809809809  0.0006121819142093248  0.0006128094155345974  6.275013252725337e-07
0.0009909909909909911  0.0006024245945423987  0.0006032386331763686  8.140386339699612e-07
0.001001001001001001  0.000592045512960618  0.0005929647207877069  9.192078270889217e-07
0.001011011011011011  0.0005810506020205484  0.0005819737744107204  9.231723901720204e-07
0.001021021021021021  0.0005694463612227936  0.0005702657431609725  8.193819381788854e-07
0.001031031031031031  0.0005572397151922905  0.0005578553106060678  6.155954137772356e-07
0.001041041041041041  0.0005444380910043942  0.0005447704846484054  3.323936440111823e-07
0.001051051051051051  0.0005310494428088835  0.0005310492338942839  -2.089145995955166e-10
0.001061061061061061  0.0005170822801272752  0.0005167348618743408  -3.474182529343908e-07
0.001071071071071071  0.0005025457003911492  0.0005018710165305188  -6.746838606304373e-07
0.001081081081081081  0.0004874494263747949  0.0004864972529867505  -9.52173388044401e-07
0.001091091091091091  0.0004718038492879892  0.0004706459038712501  -1.157945416739093e-06
0.001101101101101101  0.0004556200784395191  0.0004543407024213921  -1.27937601812698e-06
0.001111111111111111  0.0004389099985028098  0.0004375972179487909  -1.312780554018885e-06
0.001121121121121121  0.0004216863356300723  0.0004204247840657422  -1.261551564330139e-06
0.001131131131131131  0.0004039627338242955  0.0004028293076562507  -1.133426168044814e-06
0.001141141141141141  0.00038575384322978  0.0003848162009742787  -9.3764225550134e-07
0.001151151151151151  0.0003670754222329205  0.0003663927085676416  -6.827136652789501e-07
0.001161161161161161  0.0003479444555591412  0.0003475690950189024  -3.753605402387729e-07
0.001171171171171171  0.0003283792908107231  0.0003283584734354884  -2.081737523470595e-08
0.001181181181181181  0.0003083997961772263  0.0003087754174704961  3.756212932697566e-07
0.001191191191191191  0.000288027542299406  0.0002888338302577396  8.062879583336157e-07
0.001201201201201201  0.0002672860113925639  0.0002685447678046129  1.258756412048957e-06
0.001211211211211211  0.000246200836742232  0.0002479149804454464  1.714143703214358e-06
0.001221221221221221  0.0002248000753829514  0.0002269468258578273  2.146750474875945e-06
0.001231231231231231  0.0002031145159941811  0.0002056399402511727  2.525424256991619e-06
0.001241241241241241  0.0001811780226373392  0.0001839946834827626  2.816660845423382e-06
0.001251251251251251  0.0001590279123855269  0.0001620169746502849  2.989062264758055e-06
0.001261261261261261  0.0001367053609910555  0.000139723789834418  3.018428843362463e-06
0.001271271271271271  0.0001142558247117322  0.0001171483760825207  2.89255137078853e-06
0.001281281281281281  9.172945784216022e-05  9.43441937138762e-05  2.614735871715978e-06
0.001291291291291291  6.918149383007669e-05  7.138674639359032e-05  2.205252563513638e-06
0.001301301301301301  4.667254292192849e-05  4.837277129283632e-05  1.700228370907838e-06
0.001311311311311311  2.426874148837883e-05  2.541668411914184e-05  1.147942630763008e-06
0.001321321321321321  2.041669597271629e-06  2.644627467246443e-06  6.029578699748142e-07
0.001331331331331331  -1.99320625278459e-05  -1.981312764300042e-05  1.189348848454767e-07
0.001341341341341341  -4.15716651702856e-05  -4.183040240445848e-05  -2.587372341728827e-07
0.001351351351351351  -6.279355183596169e-05  -6.329282943109683e-05  -4.992775951351481e-07
0.001361361361361361  -8.351331072234396e-05  -8.410404023411424e-05  -5.9072951177028e-07
0.001371371371371371  -0.0001036482495355096  -0.0001041895562584518  -5.413067229421639e-07
0.001381381381381381  -0.0001231203942343849  -0.0001234980058078259  -3.776115734410322e-07
0.001391391391391391  -0.000141859701843194  -0.0001419997254815972  -1.40023638403174e-07
0.001401401401401401  -0.0001598071410211344  -0.0001596832118010174  1.239292201170425e-07
0.001411411411411411  -0.0001769172416550075  -0.0001765501958819737  3.67045773033833e-07
0.001421421421421421  -0.0001931597478344983  -0.0001926102719433611  5.494758911372315e-07
0.001431431431431431  -0.0002085201353619688  -0.0002078759989820481  6.441363799206785e-07
0.001441441441441441  -0.0002229989473754263  -0.000222359225851468  6.397215239583155e-07
0.001451451451451451  -0.0002366101046747188  -0.000236069102882974  5.410017917447654e-07
0.001461461461461461  -0.000249378501537552  -0.0002490118968200654  3.666047174866053e-07
0.001471471471471471  -0.000261337265107618  -0.0002611923864215791  1.448786860389051e-07
0.001481481481481481  -0.0002725250329372237  -0.0002726163438598593  -9.131092263553464e-08
0.001491491491491492  -0.0002829835156857233  -0.0002832934463210733  -3.099306353500191e-07
0.001501501501501501  -0.0002927554984148957  -0.0002932399336332102  -4.844352183145436e-07
0.001511511511511511  -0.0003018833291664928  -0.000302480426362278  -5.970971957851875e-07
0.001521521521521522  -0.0003104078665220969  -0.0003110485167877082  -6.406502656112621e-07
0.001531531531531532  -0.0003183678145193819  -0.000318985998695547  -6.181841761650686e-07
0.001541541541541541  -0.0003257993577739452  -0.0003263408605139396  -5.415027399943359e-07
0.001551551551551552  -0.0003327360128846632  -0.0003331643827301677  -4.283698455044994e-07
0.001561561561561562  -0.0003392086254104292  -0.0003395078192692608  -2.991938588315941e-07
0.001571571571571571  -0.00034524545806741  -0.0003454191852592702  -1.737271918601812e-07
0.001581581581581582  -0.0003508723309712571  -0.0003509406211453257  -6.829017406857069e-08
0.001591591591591592  -0.0003561127876184806  -0.0003561066735206362  6.114097844385578e-09
0.001601601601601602  -0.0003609882696049651  -0.0003609436563692055  4.461323575963207e-08
0.001611611611611612  -0.0003655182900262534  -0.0003654700685374107  4.82214888426714e-08
0.001621621621621622  -0.0003697205996798369  -0.000369697878176259  2.272150357793268e-08
0.001631631631631632  -0.0003736113432435291  -0.0003736343690546655  -2.302581113635977e-08
0.001641641641641642  -0.0003772052042146058  -0.0003772841918650276  -7.898765042176851e-08
0.001651651651651652  -0.0003805155384040136  -0.0003806512775807001  -1.35739176686505e-07
0.001661661661661662  -0.0003835544962821429  -0.0003837403394855364  -1.858432033934867e-07
0.001671671671671672  -0.0003863331348825441  -0.0003865577968703627  -2.246619878186235e-07
0.001681681681681682  -0.0003888615199197899  -0.0003891120736805335  -2.505537607436193e-07
0.001691691691691692  -0.0003911488188985428  -0.0003914133370637833  -2.645181652405153e-07
0.001701701701701702  -0.0003932033859804415  -0.0003934728257860566  -2.694398056150567e-07
0.001711711711711712  -0.0003950328392881446  -0.0003953019658519  -2.691265637554141e-07
0.001721721721721722  -0.0003966441313253449  -0.0003969114774251279  -2.673460997829774e-07
0.001731731731731732  -0.0003980436131048559  -0.0003983106478352802  -2.670347304243497e-07
0.001741741741741742  -0.0003992370925452587  -0.0003995068900983471  -2.697975530884119e-07
0.001751751751751752  -0.0004002298876364898  -0.0004005056381624735  -2.757505259836941e-07
0.001761761761761762  -0.0004010268748835772  -0.0004013105623705002  -2.83687486922978e-07
0.001771771771771772  -0.0004016325333470823  -0.0004019240328426081  -2.914994955258068e-07
0.001781781781781782  -0.0004020509848068618  -0.0004023477223736359  -2.967375667740934e-07
0.001791791791791792  -0.0004022860302655458  -0.0004025832274660923  -2.971972005465424e-07
0.001801801801801802  -0.0004023411832187407  -0.0004026325954127235  -2.914121939828047e-07
0.001811811811811812  -0.0004022196999030702  -0.0004024986727171697  -2.789728140994985e-07
0.001821821821821822  -0.0004019246068445169  -0.000402185229002645  -2.606221581281042e-07
0.001831831831831832  -0.0004014587259078055  -0.0004016968534842046  -2.381275763991587e-07
0.001841841841841842  -0.0004008246971027624  -0.0004010386608564548  -2.13963753692458e-07
0.001851851851851852  -0.0004000249992984945  -0.0004002158740804155  -1.908747819209561e-07
0.001861861861861862  -0.0003990619690973304  -0.0003992333690183229  -1.713999209925171e-07
0.001871871871871872  -0.0003979378179790644  -0.0003980952682739197  -1.574502948553636e-07
0.001881881881881882  -0.0003966546478799164  -0.0003968046593999773  -1.500115200609234e-07
0.001891891891891892  -0.0003952144653430564  -0.0003953634882957303  -1.490229526738478e-07
0.001901901901901902  -0.0003936191943856563  -0.0003937726463216341  -1.534519359778683e-07
0.001911911911911912  -0.0003918706881800396  -0.0003920322346296274  -1.615464495878234e-07
0.001921921921921922  -0.0003899707396819239  -0.000390141957156925  -1.71217475001097e-07
0.001931931931931932  -0.0003879210911634435  -0.0003881015699347735  -1.804787713299968e-07
0.001941941941941942  -0.0003857234430407286  -0.0003859113030009994  -1.878599602708167e-07
0.001951951951951952  -0.0003833794616609797  -0.0003835721745316942  -1.92712870714486e-07
0.001961961961961962  -0.0003808907865510896  -0.0003810861348313694  -1.953482802797592e-07
0.001971971971971972  -0.0003782590368285842  -0.0003784560078924835  -1.969710638992633e-07
0.001981981981981982  -0.0003754858170649934  -0.0003756852355944687  -1.994185294753345e-07
0.001991991991991992  -0.0003725727225556774  -0.0003727774677217328  -2.047451660553931e-07
0.002002002002002002  -0.0003695213413655505  -0.0003697360729319235  -2.147315663729725e-07
0.002012012012012012  -0.0003663332560151045  -0.000366563665160244  -2.304091451395241e-07
0.002022022022022022  -0.0003630100717940678  -0.0003632617424053888  -2.516706113210262e-07
0.002032032032032032  -0.0003595533899309958  -0.0003598305188661603  -2.771289351645445e-07
0.002042042042042042  -0.0003559648218765568  -0.0003562689989440005  -3.041770674437312e-07
0.002052052052052052  -0.0003522459920141952  -0.0003525752979623644  -3.293059481691732e-07
0.002062062062062062  -0.0003483985400956466  -0.0003487471672532153  -3.486271575687204e-07
0.002072072072072072  -0.0003444241234845877  -0.0003447826395125577  -3.585160279699737e-07
0.002082082082082082  -0.0003403244190559007  -0.0003406806822874159  -3.562632315152201e-07
0.002092092092092092  -0.0003361011248595206  -0.0003364417393700985  -3.406145105778807e-07
0.002102102102102102  -0.000331755961650024  -0.0003320680542620004  -3.120926119763354e-07
0.002112112112112112  -0.0003272906741863201  -0.0003275637051051618  -2.730309188416673e-07
0.002122122122122122  -0.0003227070322891835  -0.0003229343306976269  -2.272984084434053e-07
0.002132132132132132  -0.0003180068318554598  -0.0003181865834355055  -1.79751580045703e-07
0.002142142142142142  -0.0003131918955850505  -0.000313327396661993  -1.355010769425367e-07
0.002152152152152152  -0.0003082640737204171  -0.0003083631908751415  -9.911715472443912e-08
0.002162162162162162  -0.0003032252444936924  -0.0003032991580017457  -7.391350805328401e-08
0.002172172172172172  -0.0002980773146199666  -0.0002981387519430025  -6.143732303589633e-08
0.002182182182182182  -0.0002928222195772867  -0.0002928834782881012  -6.1258710814529e-08
0.002192192192192192  -0.0002874619237767677  -0.0002875330226467885  -7.109887002081962e-08
0.002202202202202202  -0.0002819984207721896  -0.0002820856953191019  -8.727454691234574e-08
0.002212212212212212  -0.0002764337332193877  -0.0002765391116859095  -1.053784665217667e-07
0.002222222222222222  -0.000270769912862488  -0.0002708909839673544  -1.210711048664145e-07
0.002232232232232232  -0.0002650090404250841  -0.0002651398793972937  -1.308389722095627e-07
0.002242242242242242  -0.0002591532254490417  -0.0002592858065604337  -1.325811113920433e-07
0.002252252252252252  -0.0002532046060127708  -0.0002533305245077869  -1.25918495016118e-07
0.002262262262262262  -0.0002471653484879559  -0.0002472775220861602  -1.121735982042541e-07
0.002272272272272272  -0.0002410376471627966  -0.0002411316775791663  -9.403041636974309e-08
0.002282282282282282  -0.0002348237238494414  -0.0002348986691690561  -7.494531961471434e-08
0.002292292292292292  -0.0002285258274746716  -0.000228584253289854  -5.842581518236819e-08
0.002302302302302302  -0.0002221462335590926  -0.0002221935516732699  -4.731811417731514e-08
0.002312312312312312  -0.0002156872437256522  -0.0002157304844032313  -4.32406775791299e-08
0.002322322322322322  -0.0002091511851602323  -0.000209197456392587  -4.627123235471085e-08
0.002332332332332332  -0.000202540409981296  -0.0002025953544473662  -5.494446607022183e-08
0.002342342342342342  -0.0001958572946580876  -0.0001959238513656715  -6.655670758390396e-08
0.002352352352352352  -0.0001891042393954882  -0.000189181954226299  -7.771483081074767e-08
0.002362362362362362  -0.0001822836673684384  -0.0001823686876164326  -8.502024799418237e-08
0.002372372372372372  -0.0001753980241161479  -0.0001754837778069355  -8.575369078760641e-08
0.002382382382382382  -0.0001684497767955785  -0.0001685282053428298  -7.842854725129632e-08
0.002392392392392392  -0.000161441413425826  -0.0001615045204169132  -6.310699108720281e-08
0.002402402402402402  -0.00015437544213612  -0.0001544168621810714  -4.142004495137175e-08
0.002412412412412412  -0.0001472543904271928  -0.0001472706804297109  -1.629000251807426e-08
0.002422422422422422  -0.0001400808042939859  -0.0001400722146107974  8.589683188553942e-09
0.002432432432432432  -0.0001328572474936458  -0.0001328278301028226  2.941739082320746e-08
0.002442442442442442  -0.0001255863006714183  -0.0001255433367114107  4.296396000761141e-08
0.002452452452452453  -0.0001182705605456997  -0.0001182234151293295  4.714541637023761e-08
0.002462462462462462  -0.0001109126390577099  -0.0001108712541205763  4.138493713364997e-08
0.002472472472472472  -0.0001035151624771109  -0.000103488459498311  2.670297879984866e-08
0.002482482482482483  -9.608077055265688e-05  -9.607524406600257e-05  5.526486654305776e-09
0.002492492492492492  -8.861211562529448e-05  -8.86308557898106e-05  -1.874016451611574e-08
0.002502502502502502  -8.111186173015716e-05  -8.115415941912699e-05  -4.229768896982613e-08
0.002512512512512513  -7.358268368563918e-05  -7.364426221720658e-05  -6.15785315674042e-08
0.002522522522522522  -6.602726619590852e-05  -6.610107133976921e-05  -7.380514386069194e-08
0.002532532532532532  -5.844830291819955e-05  -5.852568840440719e-05  -7.738548620763781e-08
0.002542542542542543  -5.084849554741929e-05  -5.092058154505856e-05  -7.208599763927571e-08
0.002552552552552552  -4.323055288443454e-05  -4.328951928762798e-05  -5.896640319343689e-08
0.002562562562562563  -3.559718989701659e-05  -3.563729503754348e-05  -4.010514052689288e-08
0.002572572572572573  -2.795112678057239e-05  -2.796930726306457e-05  -1.818048249218397e-08
0.002582582582582582  -2.029508801299546e-05  -2.029108205764247e-05  4.005955352986566e-09
0.002592592592592593  -1.263180140606186e-05  -1.260782832541125e-05  2.397308065061434e-08
0.002602602602602603  -4.96399715426631e-06  -4.924101793700168e-06  3.989536056614193e-08
0.002612612612612612  2.705593120709828e-06  2.756373719950689e-06  5.078059924086106e-08
0.002622622622622623  1.037423732525615e-05  1.043071442974424e-05  5.647710448809275e-08
0.002632632632632633  1.803920385186134e-05  1.809673554172571e-05  5.753168986436996e-08
0.002642642642642642  2.569776254006291e-05  2.57527099863131e-05  5.494744625019114e-08
0.002652652652652653  3.334718563134097e-05  3.339709080872844e-05  4.990517738747075e-08
0.002662662662662663  4.098474873640153e-05  4.102826126926215e-05  4.351253286061409e-08
0.002672672672672672  4.860773178727647e-05  4.864436300590807e-05  3.663121863160129e-08
0.002682682682682683  5.621342000365783e-05  5.624322894918697e-05  2.980894552914303e-08
0.002692692692692693  6.379910484595983e-05  6.382241985908526e-05  2.331501312543074e-08
0.002702702702702703  7.13620849763739e-05  7.137933789497445e-05  1.725291860054246e-08
0.002712712712712713  7.889966720085993e-05  7.891137323786664e-05  1.170603700671529e-08
0.002722722722722723  8.64091674466588e-05  8.641603414673278e-05  6.866700073986424e-09
0.002732732732732733  9.388791167889795e-05  9.389101790671661e-05  3.106227818662271e-09
0.002742742742742743  0.0001013332368913273  0.0001013341978734243  9.609820970257104e-10
0.002752752752752753  0.0001087424919973383  0.0001087435257969209  1.033799582614639e-09
0.002762762762762763  0.0001161130388043148  0.0001161168729251496  3.834120834841567e-09
0.002772772772772773  0.0001234422529477102  0.0001234518520767838  9.599129073561844e-09
0.002782782782782783  0.0001307275248107352  0.0001307456712349034  1.814642416823995e-08
0.002792792792792793  0.0001379662604420899  0.0001379950649133357  2.880447124583804e-08
0.002802802802802803  0.0001451558825120906  0.000145196333198331  4.045068624039549e-08
0.002812812812812813  0.0001522938311789357  0.0001523454934462035  5.166226726781688e-08
0.002822822822822823  0.0001593775650359288  0.0001594385217400492  6.095670412043495e-08
0.002832832832832833  0.0001664045619990387  0.0001664716369585184  6.707495947972904e-08
0.002842842842842843  0.0001733723201943503  0.0001734415656686752  6.924547432495117e-08
0.002852852852852853  0.0001802783588690756  0.0001803457251479168  6.73662788412124e-08
0.002862862862862863  0.0001871202192561526  0.0001871822757300423  6.205647388969268e-08
0.002872872872872873  0.0001938954654440878  0.000193950020140837  5.455469674918228e-08
0.002882882882882883  0.0002006016852647455  0.0002006481612085929  4.647594384739545e-08
0.002892892892892893  0.0002072364911206155  0.0002072759630385134  3.947191789795221e-08
0.002902902902902903  0.0002137975208647539  0.0002138323866017865  3.486573703264718e-08
0.002912912912912913  0.0002202824386182594  0.000220315782232268  3.334361400861622e-08
0.002922922922922923  0.0002266889356054672  0.0002267237149598683  3.477935440107638e-08
0.002932932932932933  0.0002330147309838245  0.0002330529740839256  3.824310010105947e-08
0.002942942942942943  0.0002392575726460685  0.0002392997800188633  4.22073727948365e-08
0.002952952952952953  0.0002454152380337696  0.0002454601568250558  4.491879128620509e-08
0.002962962962962963  0.0002514855348940759  0.0002515303975351584  4.486264108252355e-08
0.002972972972972973  0.0002574663021143937  0.0002575075209651198  4.121885072611063e-08
0.002982982982982983  0.000263355410441613  0.0002633896106356993  3.420019408629073e-08
0.002992992992992993  0.0002691507632628823  0.000269175942290489  2.51790276067183e-08
0.003003003003003003  0.0002748502944068487  0.0002748668448518013  1.655044495256584e-08
0.003013013013013013  0.0002804519706052529  0.0002804632940253682  1.132342011535238e-08
0.003023023023023023  0.0002859538042868784  0.0002859662976153293  1.249332845087037e-08
0.003033033033033033  0.0002913538367213363  0.0002913761843574146  2.234763607825672e-08
0.003043043043043043  0.0002966501454678294  0.0002966919415952719  4.179612744250293e-08
0.003053053053053053  0.0003018408449535985  0.0003019107524828796  6.990752928111039e-08
0.003063063063063063  0.0003069240872444347  0.0003070278569277962  1.037696833614747e-07
0.003073073073073073  0.0003118980626603165  0.0003120368050787132  1.387424183967294e-07
0.003083083083083083  0.0003167610004173398  0.000316930097057936  1.690966405961921e-07
0.003093093093093093  0.0003215111692565503  0.0003217001220461289  1.889527895785497e-07
0.003103103103103103  0.0003261468780856185  0.000326340240160891  1.933620752724908e-07
0.003113113113113113  0.0003306664765345317  0.000330845807263011  1.793307284792705e-07
0.003123123123123123  0.0003350683555990222  0.0003352149369063142  1.465813072919838e-07
0.003133133133133133  0.0003393509481786124  0.000339448829105746  9.788092713365788e-08
0.003143143143143143  0.0003435127296297102  0.0003435515681369525  3.883850724232044e-08
0.003153153153153153  0.0003475522183282966  0.0003475293888278286  -2.282950046806351e-08
0.003163163163163163  0.0003514679761729432  0.0003513895144755055  -7.846169743769543e-08
0.003173173173173173  0.0003552586091515334  0.0003551387588339318  -1.198503176015717e-07
0.003183183183183183  0.0003589227677333834  0.0003587821404968102  -1.406272365731551e-07
0.003193193193193193  0.0003624591474843333  0.0003623217672081378  -1.373802761955043e-07
0.003203203203203203  0.0003658664894111087  0.0003657562058973786  -1.102835137300681e-07
0.003213213213213213  0.0003691435804748234  0.0003690804676746798  -6.311280014364507e-08
0.003223223223223223  0.0003722892540222342  0.0003722866214240415  -2.632598192719125e-09
0.003233233233233233  0.0003753023901638648  0.0003753649276402549  6.25374763900551e-08
0.003243243243243243  0.0003781819162003161  0.0003783052808408165  1.233646405004508e-07
0.003253253253253253  0.0003809268070048286  0.000381098686459932  1.718794551034504e-07
0.003263263263263263  0.0003835360853845525  0.0003837384910485397  2.024056639872472e-07
0.003273273273273273  0.0003860088224071068  0.0003862211360742221  2.123136671152619e-07
0.003283283283283283  0.0003883441377713472  0.000388546306265028  2.021684936807412e-07
0.003293293293293293  0.0003905412000882747  0.0003907164727380444  1.752726497696684e-07
0.003303303303303303  0.0003925992271917276  0.0003927359614579514  1.367342662238051e-07
0.003313313313313313  0.0003945174864078418  0.0003946097796954542  9.229328761244278e-08
0.003323323323323323  0.0003962952948285313  0.0003963424830499592  4.718822142789954e-08
0.003333333333333333  0.0003979320195379178  0.0003979373499133717  5.330375453852475e-09
0.003343343343343343  0.0003994270778578676  0.0003993960500154099  -3.102784245772325e-08
0.003353353353353353  0.0004007799375382414  0.0004007188651244943  -6.107241374712956e-08
0.003363363363363363  0.0004019901169501492  0.0004019053715486817  -8.474540146745976e-08
0.003373373373373373  0.0004030571852657021  0.000402955360976052  -1.018242896501181e-07
0.003383383383383383  0.000403980762600829  0.0004038696925120014  -1.110700888276583e-07
0.003393393393393393  0.0004047605201541883  0.0004046507595697788  -1.097605844095086e-07
0.003403403403403403  0.000405396180332468  0.0004053023298681876  -9.385046428038056e-08
0.003413413413413413  0.000405887516830724  0.0004058286653011582  -5.885152956576403e-08
0.003423423423423423  0.0004062343547361  0.0004062330222008444  -1.332535255532327e-09
0.003433433433433433  0.0004064365705696539  0.0004065158289924448  7.925842279092165e-08
0.003443443443443443  0.0004064940923412407  0.0004066729895227168  1.78897181476068e-07
0.003453453453453453  0.0004064068995735178  0.0004066948234628714  2.879238893536583e-07
0.003463463463463463  0.0004061750233090773  0.0004065661028165642  3.910795074868879e-07
0.003473473473473473  0.0004057985460967691  0.0004062674713321337  4.689252353645571e-07
0.003483483483483484  0.0004052776019552616  0.000405778264249911  5.006622946494193e-07
0.003493493493493493  0.0004046123763535696  0.0004050804262869114  4.680499333418e-07
0.003503503503503503  0.0004038031061222187  0.000404162920223514  3.598141012953432e-07
0.003513513513513514  0.0004028500793590565  0.0004030257955014815  1.757161424250286e-07
0.003523523523523523  0.0004017536353549444  0.0004016830049568341  -7.063039811035839e-08
0.003533533533533533  0.0004005141644724894  0.0004001631540918944  -3.510103805949268e-07
0.003543543543543544  0.0003991321079966815  0.0003985076437849795  -6.244642117019688e-07
0.003553553553553553  0.0003976079580281111  0.0003967660900836119  -8.418679444992727e-07
0.003563563563563563  0.0003959422573407114  0.0003949894063653621  -9.528509753492964e-07
0.003573573573573574  0.0003941355992644831  0.0003932214240052789  -9.141752592041474e-07
0.003583583583583583  0.0003921886277452013  0.0003914903120906427  -6.983156545586292e-07
0.003593593593593594  0.0003901020374388717  0.0003898012515820206  -3.007858568510632e-07
0.003603603603603604  0.0003878765744339399  0.0003881317715864814  2.551971525415289e-07
0.003613613613613613  0.0003855130376276786  0.0003864308549273317  9.17817299653104e-07
0.003623623623623624  0.0003830122820736702  0.0003846224038444584  1.610121770788148e-06
0.003633633633633634  0.0003803752256512661  0.0003826130043536007  2.237778702334642e-06
0.003643643643643643  0.0003776028628510822  0.0003803032487267283  2.700385875646063e-06
0.003653653653653654  0.0003746962919452172  0.0003776012887691373  2.904996823920145e-06
0.003663663663663664  0.0003716567685087075  0.0003744369040450783  2.780135536370834e-06
0.003673673673673673  0.000368485809314606  0.0003707742510021422  2.288441687536239e-06
0.003683683683683684  0.0003651853918869609  0.0003666216349527562  1.436243065795306e-06
0.003693693693693694  0.0003617583344925402  0.0003620370859351555  2.787514426152581e-07
0.003703703703703703  0.0003582090121632663  0.000357129142162676  -1.079870000590308e-06
0.003713713713713714  0.0003545446917509838  0.0003520529369013207  -2.49175484966311e-06
0.003723723723723724  0.0003507779920186543  0.0003470023204660283  -3.775671552626032e-06
0.003733733733733734  0.0003469313520468939  0.0003421992157769077  -4.732136269986148e-06
0.003743743743743744  0.0003430449959249462  0.0003378816263532779  -5.163369571668276e-06
0.003753753753753754  0.0003391907447416236  0.0003342916637305707  -4.899081011052841e-06
0.003763763763763764  0.0003354949416022723  0.0003316646670072895  -3.830274594982788e-06
0.003773773773773774  0.0003321736922437766  0.0003302200303328676  -1.953661910909018e-06
0.003783783783783784  0.0003295795057071555  0.0003301538466108523  5.743409036968036e-07
0.003793793793793794  0.0003282439953956854  0.000331633037840785  3.389042445099591e-06
0.003803803803803804  0.0003288718449609928  0.0003347903765307923  5.91853156979951e-06
0.003813813813813814  0.0003322162397663717  0.0003397197702815078  7.503530515136066e-06
0.003823823823823824  0.0003388137821234073  0.0003464713890842413  7.657606960833967e-06
0.003833833833833834  0.0003487140335123988  0.000355046611285305  6.332577772906185e-06
0.003843843843843844  0.0003614314517517115  0.0003653932503212676  3.961798569556102e-06
0.003853853853853854  0.0003761684926108899  0.0003774019744920779  1.233481881187954e-06
0.003863863863863864  0.000392113045143974  0.0003909051204535899  -1.207924690384081e-06
0.003873873873873874  0.0004086198906999682  0.000405679130330667  -2.940760369301155e-06
0.003883883883883884  0.0004252494657377946  0.0004214515670245971  -3.797898713197494e-06
0.003893893893893894  0.000441729653772059  0.00043791310122995  -3.816552542108983e-06
0.003903903903903904  0.0004579006294752942  0.0004547341005483131  -3.166528926981129e-06
0.003913913913913914  0.000473669829436827  0.0004715846201788399  -2.085209257987164e-06
0.003923923923923924  0.0004889822617764434  0.0004881558560050969  -8.264057713465315e-07
0.003933933933933934  0.0005038030990058312  0.0005041806287157165  3.77529709885303e-07
0.003943943943943944  0.0005181082087231507  0.0005194503393010314  1.342130577880636e-06
0.003953953953953954  0.000531879253866646  0.0005338261258658555  1.946871999209559e-06
0.003963963963963964  0.0005451012326354977  0.0005472426386687606  2.141406033262993e-06
0.003973973973973974  0.0005577612532634518  0.0005597038362728244  1.942583009372553e-06
0.003983983983983984  0.0005698479112242399  0.0005712713354727003  1.423424248460435e-06
0.003993993993993994  0.0005813509547683634  0.0005820469312872328  6.959765188693399e-07
0.004004004004004004  0.0005922610649665273  0.0005921517553724677  -1.093095940596801e-07
0.004014014014014014  0.0006025697637443563  0.0006017050116875394  -8.647520568169382e-07
0.004024024024024024  0.0006122693617388024  0.0006108052334250415  -1.464128313760833e-06
0.004034034034034034  0.0006213528056203311  0.0006195165421436994  -1.836263476631748e-06
0.004044044044044044  0.0006298136596495332  0.0006278615382792469  -1.952121370286377e-06
0.004054054054054054  0.0006376460618666849  0.0006358213595943824  -1.824702272302473e-06
0.004064064064064064  0.0006448446880079997  0.0006433422994422636  -1.502388565736133e-06
0.004074074074074074  0.0006514047214897569  0.0006503473754975176  -1.057345992239254e-06
0.004084084084084084  0.0006573218282871142  0.0006567505484968184  -5.712797902958497e-07
0.004094094094094094  0.0006625921358252199  0.0006624710178310931  -1.211179941267926e-07
0.004104104104104104  0.0006672122151901448  0.0006674451976463607  2.329824562158486e-07
0.004114114114114114  0.0006711790661291705  0.0006716345538136289  4.554876844583633e-07
0.004124124124124124  0.0006744901044028607  0.0006750283390870538  5.382346841931e-07
0.004134134134134134  0.0006771431511530364  0.0006776412355132192  4.980843601827198e-07
0.004144144144144144  0.0006791364240065025  0.0006795068197107362  3.703957042336739e-07
0.004154154154154154  0.0006804685296928118  0.0006806684476022265  1.999179094146989e-07
0.004164164164164164  0.0006811384579981894  0.0006811694980883618  3.104009017244717e-08
0.004174174174174174  0.0006811455769127133  0.0006810448754727745  -1.0070143993885e-07
0.004184184184184184  0.0006804896288578718  0.0006803152766385375  -1.7435221933424e-07
0.004194194194194194  0.0006791707279079213  0.0006789850748581351  -1.856530497862168e-07
0.004204204204204204  0.0006771893579396872  0.0006770438967747198  -1.454611649674394e-07
0.004214214214214214  0.0006745463716656991  0.0006744712282205191  -7.514344517998463e-08
0.004224224224224224  0.0006712429905225206  0.0006712428205534696  -1.699690509865404e-10
0.004234234234234234  0.0006672808054030231  0.0006673373841343969  5.657873137381898e-08
0.004244244244244244  0.0006626617782367317  0.0006627420925169498  8.031428021812795e-08
0.004254254254254254  0.0006573882444379993  0.0006574557581776217  6.751373962242836e-08
0.004264264264264264  0.000651462916255185  0.0006514890976389439  2.618138375889978e-08
0.004274274274274274  0.0006448888870764606  0.0006448621590856523  -2.672799080834492e-08
0.004284284284284284  0.0006376696367529252  0.0006375996018454044  -7.003490752079383e-08
0.004294294294294294  0.0006298090380293709  0.0006297249690719282  -8.406895744275059e-08
0.004304304304304304  0.0006213113641899596  0.0006212552936803449  -5.607050961465437e-08
0.004314314314314314  0.00061218129804157  0.0006121972879877102  1.598994614016372e-08
0.004324324324324324  0.0006024239423948084  0.0006025460132381371  1.22070843328677e-07
0.004334334334334334  0.0005920448322175004  0.0005922863841366864  2.415519191859179e-07
0.004344344344344344  0.0005810499486825718  0.0005813972495169378  3.473008343660329e-07
0.004354354354354354  0.0005694457353590057  0.0005698572315169055  4.114961578997791e-07
0.004364364364364364  0.0005572391168454848  0.0005576511166728178  4.119998273329796e-07
0.004374374374374375  0.0005444375201904142  0.0005447754530772131  3.379328867988366e-07
0.004384384384384384  0.0005310488995183321  0.0005312421459434969  1.932464251647821e-07
0.004394394394394394  0.0005170817643236122  0.0005170792315611993  -2.532762412884963e-09
0.004404404404404405  0.000502545212012961  0.0005023285680551483  -2.16643957812678e-07
0.004414414414414414  0.0004874489653324166  0.000487040797783962  -4.081675484545757e-07
0.004424424424424424  0.0004718034154672856  0.0004712684868637497  -5.34928603535868e-07
0.004434434434434435  0.0004556196716962174  0.0004550587218629427  -5.609498332746765e-07
0.004444444444444444  0.0004389096186651474  0.0004384465676394053  -4.630510257421427e-07
0.004454454454454454  0.0004216859824968573  0.0004214506394505143  -2.353430463429736e-07
0.004464464464464465  0.0004039624071595098  0.0004040716473724785  1.092402129686926e-07
0.004474474474474474  0.0003857535427622479  0.0003862942105982868  5.406678360389029e-07
0.004484484484484484  0.0003670751476525865  0.000368091624383927  1.016476731340499e-06
0.004494494494494495  0.0003479442065117629  0.0003494327139511372  1.48850743937433e-06
0.004504504504504504  0.0003283790668892121  0.0003302895338709078  1.910466981695704e-06
0.004514514514514514  0.0003083995969151609  0.0003106445393360656  2.244942420904703e-06
0.004524524524524525  0.0002880273671576413  0.0002904959892406241  2.468622082982773e-06
0.004534534534534534  0.0002672858597465843  0.0002698607093793802  2.574849632795955e-06
0.004544544544544544  0.0002462007078610692  0.0002487738708915963  2.573163030527138e-06
0.004554554554554555  0.0002247999684073228  0.0002272860177335753  2.486049326252531e-06
0.004564564564564564  0.0002031144299115192  0.0002054580930604586  2.343663148939381e-06
0.004574574574574574  0.000181177956241269  0.0001833555681020887  2.177611860819677e-06
0.004584584584584585  0.00015902786423267  0.0001610429024793275  2.015038246657537e-06
0.004594594594594595  0.0001367053293573975  0.0001385794435271836  1.874114169786136e-06
0.004604604604604604  0.0001142558075330374  0.0001160175337823945  1.761726249357079e-06
0.004614614614614615  9.172945265075313e-05  9.340311341522757e-05  1.673660764474436e-06
0.004624624624624625  6.918149769827178e-05  7.077857686525528e-05  1.597079166983494e-06
0.004634634634634634  4.667255240340984e-05  4.818717599084019e-05  1.514623587430349e-06
0.004644644644644645  2.426875258818589e-05  2.567794640114184e-05  1.409193812955945e-06
0.004654654654654655  2.041677766922566e-06  3.310027597282644e-06  1.268349830360078e-06
0.004664664664664664  -1.993206233600437e-05  -1.884463348005226e-05  1.087428855952112e-06
0.004674674674674675  -4.15716783746504e-05  -4.070089110021677e-05  8.707872744336296e-07
0.004684684684684685  -6.279358400841217e-05  -6.216257341185645e-05  6.310105965557115e-07
0.004694694694694694  -8.351336726573251e-05  -8.312698737398385e-05  3.863798917486664e-07
0.004704704704704705  -0.0001036483352972835  -0.0001034910954234921  1.572398737913948e-07
0.004714714714714715  -0.000123120513080947  -0.0001231584084664924  -3.78953855453975e-08
0.004724724724724724  -0.0001418598562485223  -0.0001420455299651679  -1.856737166456082e-07
0.004734734734734735  -0.0001598073318012654  -0.0001600873733547198  -2.800415534543528e-07
0.004744744744744745  -0.000176917467856948  -0.0001772403342410209  -3.228663840728566e-07
0.004754754754754754  -0.0001931600068526048  -0.0001934830722181438  -3.230653655390077e-07
0.004764764764764765  -0.0002085204232608366  -0.0002088149690235566  -2.945457627199501e-07
0.004774774774774775  -0.0002229992593413783  -0.0002232527010703578  -2.534417289795112e-07
0.004784784784784784  -0.0002366104355093393  -0.0002368256296312774  -2.151941219380579e-07
0.004794794794794795  -0.0002493788461318425  -0.0002495708297899703  -1.919836581277417e-07
0.004804804804804805  -0.0002613376187822  -0.0002615285400660306  -1.909212838305924e-07
0.004814814814814814  -0.000272525391661265  -0.0002727386392832677  -2.132476220027021e-07
0.004824824824824825  -0.0002829838761537281  -0.000283238491484027  -2.54615330298909e-07
0.004834834834834835  -0.0002927558580718704  -0.0002930622025679442  -3.063444960738049e-07
0.004844844844844844  -0.0003018836860996511  -0.0003022410637922132  -3.573776925621048e-07
0.004854854854854855  -0.0003104082193615595  -0.0003108047661587378  -3.965467971783375e-07
0.004864864864864865  -0.0003183681623625448  -0.0003187828846905406  -4.147223279958243e-07
0.004874874874874875  -0.0003257997000709659  -0.0003262061577114689  -4.06457640502963e-07
0.004884884884884885  -0.0003327363493351071  -0.0003331072053919221  -3.708560568149786e-07
0.004894894894894895  -0.0003392089559184751  -0.0003395205093420903  -3.115534236151668e-07
0.004904904904904905  -0.0003452457826831312  -0.0003454816677510993  -2.358850679681475e-07
0.004914914914914915  -0.0003508726498485587  -0.0003510261069286999  -1.534570801411755e-07
0.004924924924924925  -0.0003561131009937863  -0.0003561875384489485  -7.443745516218193e-08
0.004934934934934935  -0.0003609885777647148  -0.0003609964851668463  -7.907402131517027e-09
0.004944944944944945  -0.0003655185932966561  -0.000365479160556899  3.943273975713169e-08
0.004954954954954955  -0.0003697208984079764  -0.0003696568903138696  6.400809410679695e-08
0.004964964964964965  -0.0003736116378100277  -0.0003735461399163363  6.549789369138422e-08
0.004974974974974975  -0.0003772054949965344  -0.0003771590867057414  4.640829079301289e-08
0.004984984984984985  -0.000380515825783762  -0.0003805045768640195  1.124891974252189e-08
0.004994994994994995  -0.0003835547806395438  -0.0003835892542100268  -3.447357048295182e-08
0.005005005005005005  -0.000386333404102025  -0.0003864186450929689  -8.524099094387198e-08
0.005015015015015015  -0.0003888617632407288  -0.0003889980261188718  -1.362628781429462e-07
0.005025025025025025  -0.0003911490383042795  -0.0003913329739984091  -1.839356941296623e-07
0.005035035035035035  -0.000393203583223418  -0.000393429579590086  -2.259963666680098e-07
0.005045045045045045  -0.0003950330159205419  -0.000395294381456621  -2.613655360790969e-07
0.005055055055055055  -0.0003966442887161487  -0.0003969341228012965  -2.898340851478429e-07
0.005065065065065065  -0.0003980437524639034  -0.0003983554518866757  -3.11699422772321e-07
0.005075075075075075  -0.0003992372149461504  -0.0003995646708504454  -3.274559042950546e-07
0.005085085085085085  -0.0004002299940244653  -0.0004005675994009725  -3.376053765072177e-07
0.005095095095095095  -0.0004010269660975842  -0.0004013695710708942  -3.426049733099641e-07
0.005105105105105105  -0.0004016326101278528  -0.0004019755343385469  -3.429242106941046e-07
0.005115115115115115  -0.0004020510478097464  -0.0004023902004737018  -3.391526639554498e-07
0.005125125125125125  -0.0004022860800816464  -0.0004026181707923127  -3.320907106662695e-07
0.005135135135135135  -0.0004023412203647727  -0.0004026639884469906  -3.227680822179193e-07
0.005145145145145145  -0.0004022197248469834  -0.0004025320884891515  -3.123636421680604e-07
0.005155155155155155  -0.0004019246200086391  -0.0004022266554873036  -3.020354786645329e-07
0.005165165165165165  -0.0004014587276727836  -0.0004017514299815002  -2.927023087165434e-07
0.005175175175175175  -0.0004008246877988663  -0.0004011095245893273  -2.848367904610054e-07
0.005185185185185185  -0.0004000249792419455  -0.0004003033123912961  -2.783331493505406e-07
0.005195195195195195  -0.0003990619385774408  -0.0003993344341471665  -2.72495569725664e-07
0.005205205205205205  -0.0003979377772711228  -0.00039820394121452  -2.661639433972291e-07
0.005215215215215215  -0.0003966545972210891  -0.000396912555803052  -2.579585819629192e-07
0.005225225225225225  -0.0003952144049659857  -0.0003954609985246159  -2.465935586302764e-07
0.005235235235235235  -0.0003936191245324568  -0.000393850313373332  -2.311888408751796e-07
0.005245245245245245  -0.000391870609059891  -0.0003920821173833352  -2.115083234441708e-07
0.005255255255255255  -0.0003899706514916257  -0.0003901587172355467  -1.880657439210279e-07
0.005265265265265265  -0.0003879209941155736  -0.0003880830644443827  -1.620703288091312e-07
0.005275275275275275  -0.0003857233373307669  -0.0003858585575097703  -1.352201790033505e-07
0.005285285285285285  -0.0003833793475048495  -0.0003834887347608387  -1.093872559892474e-07
0.005295295295295295  -0.0003808906641423678  -0.0003809769272359497  -8.626309358196688e-08
0.005305305305305305  -0.0003782589063658954  -0.0003783259506348789  -6.704426898346922e-08
0.005315315315315315  -0.0003754856787599034  -0.0003755379070281771  -5.222826827364644e-08
0.005325325325325325  -0.0003725725766133894  -0.0003726141422903422  -4.156567695275722e-08
0.005335335335335335  -0.0003695211907154272  -0.0003695553699541094  -3.417923868215787e-08
0.005345345345345345  -0.0003663331116250069  -0.0003663619343231665  -2.882269815960431e-08
0.005355355355355355  -0.0003630099335559815  -0.0003630341538156548  -2.422025967329169e-08
0.005365365365365365  -0.0003595532577401744  -0.0003595726668620421  -1.940912186770534e-08
0.005375375375375375  -0.0003559646956548611  -0.00035597870138569  -1.400573082895517e-08
0.005385385385385385  -0.0003522458716513874  -0.0003522542052404269  -8.333589039493088e-09
0.005395395395395395  -0.0003483984255112404  -0.0003484018053575523  -3.379846311840889e-09
0.005405405405405406  -0.0003444240145824401  -0.0003444246010489241  -5.864664839915282e-10
0.005415415415415415  -0.0003403243157491639  -0.0003403258336878787  -1.517938714773372e-09
0.005425425425425425  -0.0003361010270427538  -0.000336108502875959  -7.475833205196521e-09
0.005435435435435436  -0.0003317558692206712  -0.000331775012144705  -1.914292403374729e-08
0.005445445445445445  -0.0003272905870635547  -0.0003273269225517821  -3.633548822733852e-08
0.005455455455455455  -0.0003227069503657678  -0.0003227648711593525  -5.792079358463934e-08
0.005465465465465466  -0.000318006755038343  -0.0003180886779085426  -8.192287019961365e-08
0.005475475475475475  -0.0003131918237637639  -0.0003132976258318457  -1.058020680818456e-07
0.005485485485485485  -0.0003082640067834784  -0.0003083908639171861  -1.268571337077382e-07
0.005495495495495496  -0.0003032251823398973  -0.0003033678565225387  -1.426741826413675e-07
0.005505505505505505  -0.0002980772571367833  -0.0002982287932133381  -1.515360765548296e-07
0.005515515515515515  -0.0002928221666456927  -0.0002929748801055333  -1.527134598405312e-07
0.005525525525525526  -0.0002874618752899789  -0.0002876084566566224  -1.465813666435417e-07
0.005535535535535535  -0.0002819983765981724  -0.0002821329156043862  -1.34539006213844e-07
0.005545545545545545  -0.0002764336932324559  -0.0002765524415412026  -1.187483087466881e-07
0.005555555555555556  -0.0002707698769479685  -0.0002708716179773305  -1.017410293620226e-07
0.005565565565565565  -0.0002650090084524788  -0.0002650949769751521  -8.59685226732858e-08
0.005575575575575575  -0.0002591531972807477  -0.0002592265750796267  -7.337779887899758e-08
0.005585585585585586  -0.0002532045815156187  -0.0002532696727613223  -6.509124570358614e-08
0.005595595595595595  -0.0002471653275279284  -0.0002472265736130619  -6.124608513348364e-08
0.005605605605605605  -0.0002410376295919538  -0.0002410986484989748  -6.101890702100727e-08
0.005615615615615616  -0.000234823709541014  -0.0002348865349739513  -6.282543293733385e-08
0.005625625625625626  -0.0002285258162647258  -0.0002285904702915891  -6.465402686332508e-08
0.005635635635635635  -0.0002221462253063783  -0.0002222106931508511  -6.446784447285679e-08
0.005645645645645646  -0.0002156872382826108  -0.0002157478389968922  -6.060071428140102e-08
0.005655655655655656  -0.0002091511823637023  -0.0002092032576170681  -5.20752533658274e-08
0.005665665665665665  -0.0002025404096791087  -0.0002025791986006731  -3.878892156441733e-08
0.005675675675675676  -0.0001958572967061031  -0.0001958788362504005  -2.153954429737464e-08
0.005685685685685686  -0.0001891042436041679  -0.0001891061354710816  -1.891866913724793e-09
0.005695695695695695  -0.0001822836735930294  -0.0001822655883200373  1.808527299210325e-08
0.005705705705705706  -0.0001753980321872218  -0.0001753618721907048  3.615999651703644e-08
0.005715715715715716  -0.0001684497865463886  -0.0001683994915483809  5.029499800765806e-08
0.005725725725725725  -0.0001614414246827462  -0.0001613824643903184  5.896029242778906e-08
0.005735735735735736  -0.0001543754547422659  -0.0001543141030610399  6.135168122598194e-08
0.005745745745745746  -0.0001472544041900246  -0.000147196919586288  5.7484603736618e-08
0.005755755755755755  -0.0001400808190475696  -0.0001400326623913458  4.815665622377014e-08
0.005765765765765766  -0.0001328572630617089  -0.0001328224686379805  3.479442372842701e-08
0.005775775775775776  -0.0001255863168751698  -0.0001255670984628136  1.921841235618164e-08
0.005785785785785785  -0.000118270577211941  -0.0001182672069445981  3.370267342875204e-09
0.005795795795795796  -0.0001109126559973699  -0.0001109236077915863  -1.095179421636676e-08
0.005805805805805806  -0.0001035151795156296  -0.0001035374890209277  -2.230950529810715e-08
0.005815815815815815  -9.608078750580316e-05  -9.611055328394459e-05  -2.976577814142853e-08
0.005825825825825826  -8.861213231457699e-05  -8.864507105036526e-05  -3.293873578826976e-08
0.005835835835835836  -8.111187796806669e-05  -8.11438504546427e-05  -3.197248657600888e-08
0.005845845845845845  -7.358269929128806e-05  -7.361014038224846e-05  -2.744109096040632e-08
0.005855855855855856  -6.602728098148815e-05  -6.604749145273165e-05  -2.021047124349128e-08
0.005865865865865866  -5.844831670085625e-05  -5.845960213320422e-05  -1.12854323479678e-08
0.005875875875875875  -5.084850814233023e-05  -5.085017470342073e-05  -1.666561090505106e-09
0.005885885885885886  -4.323056410629144e-05  -4.322279950063234e-05  7.764605659103005e-09
0.005895895895895896  -3.559719956089708e-05  -3.558087763837833e-05  1.63219225187474e-08
0.005905905905905906  -2.795113470383537e-05  -2.792758416796568e-05  2.355053586968589e-08
0.005915915915915916  -2.029509401102348e-05  -2.02658669772884e-05  2.922703373508292e-08
0.005925925925925926  -1.263180529601427e-05  -1.259847258193234e-05  3.333271408193185e-08
0.005935935935935936  -4.963998752307891e-06  -4.927988529479954e-06  3.601022282793762e-08
0.005945945945945946  2.705593996671821e-06  2.743106983533089e-06  3.751298686126813e-08
0.005955955955955956  1.037424085659365e-05  1.041239544926987e-05  3.815459267622234e-08
0.005965965965965966  1.803921021884924e-05  1.807747285773516e-05  3.826263888591887e-08
0.005975975975975976  2.56977719210874e-05  2.573591134691924e-05  3.813942583184382e-08
0.005985985985985986  3.334719820617081e-05  3.338522886727036e-05  3.803066109955649e-08
0.005995995995995996  4.098476468006757e-05  4.102286783297276e-05  3.810315290519203e-08
0.006006006006006006  4.860775023933355e-05  4.8646184114989e-05  3.843387565544392e-08
0.006016016016016016  5.621344001296666e-05  5.625244813185863e-05  3.900811889196972e-08
0.006026026026026026  6.379912604588589e-05  6.383885952074557e-05  3.973347485968328e-08
0.006036036036036036  7.136210699709392e-05  7.14025756143749e-05  4.046861728097253e-08
0.006046046046046046  7.889968968382923e-05  7.894075163956347e-05  4.106195573423915e-08
0.006056056056056056  8.640919002188028e-05  8.645058765187848e-05  4.139762999820452e-08
0.006066066066066066  9.388793398721951e-05  9.392937447424258e-05  4.144048702307249e-08
0.006076076076076076  0.0001013332585666505  0.0001013745292050113  4.127063836075677e-08
0.006086086086086086  0.0001087425126798557  0.0001087836109935273  4.109831367159764e-08
0.006096096096096096  0.0001161130581379305  0.0001161543101432067  4.125200527617954e-08
0.006106106106106106  0.0001234422705815861  0.000123484408067677  4.213748609088221e-08
0.006116116116116116  0.000130727540387506  0.0001307717114965671  4.417110906112577e-08
0.006126126126126126  0.0001379662736140574  0.0001380139704262863  4.769681222888383e-08
0.006136136136136136  0.0001451558929312275  0.000145208794244384  5.290131315652063e-08
0.006146146146146146  0.0001522938385022009  0.0001523535829331943  5.974443099341894e-08
0.006156156156156156  0.0001593775689247926  0.000159445489403169  6.792047837640681e-08
0.006166166166166166  0.0001664045621184129  0.0001664814246266504  7.686250823755124e-08
0.006176176176176176  0.0001733723162139481  0.000173458109932133  8.579371818488312e-08
0.006186186186186186  0.0001802783504608669  0.0001803721718791807  9.382141831379377e-08
0.006196196196196196  0.0001871202060947542  0.0001872202663629804  1.00060268226176e-07
0.006206206206206206  0.0001938954472164005  0.0001939992118566193  1.037646402188405e-07
0.006216216216216216  0.0002006016616483035  0.0002007061086017804  1.044469534768988e-07
0.006226226226226226  0.0002072364618228002  0.0002073384219404576  1.01960117657434e-07
0.006236236236236236  0.0002137974855701292  0.0002138940138646702  9.652829454102809e-08
0.006246246246246246  0.0002202823970327474  0.0002203711161670984  8.871913435102977e-08
0.006256256256256256  0.0002266888874394832  0.0002267682495752431  7.936213575990714e-08
0.006266266266266266  0.0002330146759562967  0.0002330841036257123  6.942766941564417e-08
0.006276276276276276  0.0002392575104842371  0.0002393173996236345  5.988913939739709e-08
0.006286286286286286  0.0002454151684498844  0.0002454667621295046  5.15936796202654e-08
0.006296296296296296  0.0002514854576370022  0.0002515306222163119  4.516457930971119e-08
0.006306306306306306  0.0002574662169203242  0.000257507168663336  4.095174301185431e-08
0.006316316316316316  0.0002633553170580127  0.0002633943526279992  3.903556998648139e-08
0.006326326326326326  0.0002691506614409357  0.0002691899395401966  3.927809926092263e-08
0.006336336336336336  0.000274850186860859  0.0002748915914827725  4.140462191349779e-08
0.006346346346346346  0.0002804518641903051  0.000280496956672211  4.509248190592624e-08
0.006356356356356356  0.0002859536991812109  0.0002860037413803851  5.004219917419638e-08
0.006366366366366366  0.0002913537330944879  0.0002914097443682092  5.601127372133717e-08
0.006376376376376376  0.0002966500434626356  0.0002967128437417816  6.280027914601187e-08
0.006386386386386386  0.0003018407447542377  0.000301910939170063  7.019441582530777e-08
0.006396396396396396  0.0003069239890078387  0.0003070018657416003  7.787673376156469e-08
0.006406406406406407  0.0003118979665262867  0.000311983306297236  8.533977094931462e-08
0.006416416416416416  0.0003167609065360157  0.0003168527341873768  9.182765136109793e-08
0.006426426426426426  0.0003215110777875304  0.0003216074162577356  9.633847020525327e-08
0.006436436436436437  0.0003261467891608167  0.0003262444962057958  9.770704497910621e-08
0.006446446446446446  0.0003306663902971079  0.0003307611625416563  9.477224454838102e-08
0.006456456456456456  0.0003350682722026962  0.0003351548858575887  8.661365489252447e-08
0.006466466466466467  0.0003393508677299729  0.0003394236907445709  7.282301459792841e-08
0.006476476476476476  0.000343512652270965  0.0003435664124421453  5.37601711803103e-08
0.006486486486486486  0.0003475521441770439  0.0003475828808481827  3.073667113878817e-08
0.006496496496496497  0.0003514679053606522  0.0003514739773123746  6.071951722398227e-09
0.006506506506506506  0.0003552585417805088  0.0003552415234876985  -1.701829281035121e-08
0.006516516516516516  0.0003589227039301106  0.0003588879852782723  -3.471865183828126e-08
0.006526526526526527  0.0003624590873428263  0.0003624160055071839  -4.308183564245577e-08
0.006536536536536536  0.0003658664330448658  0.0003658278117369574  -3.862130790838973e-08
0.006546546546546546  0.0003691435279819145  0.0003691245752891353  -1.895269277917043e-08
0.006556556556556557  0.000372289205493629  0.0003723058184120223  1.661291839332021e-08
0.006566566566566566  0.0003753023456878125  0.000375368974191779  6.662850396649093e-08
0.006576576576576576  0.0003781818758685375  0.0003783091953597753  1.273194912378216e-07
0.006586586586586587  0.0003809267708991412  0.0003811194829492699  1.927120501286992e-07
0.006596596596596596  0.000383536053571952  0.0003837911659515301  2.551123795780318e-07
0.006606606606606606  0.0003860087949683703  0.0003863147131236125  3.059181552421885e-07
0.006616616616616617  0.0003883441147682016  0.0003886808045467218  3.366897785201414e-07
0.006626626626626626  0.0003905411815864302  0.0003908815412063549  3.403596199247545e-07
0.006636636636636636  0.0003925992132451827  0.000392911633752928  3.124205077453032e-07
0.006646646646646647  0.0003945174770710022  0.0003947693937529598  2.519166819576037e-07
0.006656656656656657  0.0003962952901426985  0.0003964573570135253  1.620668708268041e-07
0.006666666666666666  0.0003979320195538767  0.0003979824009038782  5.03813500015186e-08
0.006676676676676677  0.0003994270826103265  0.0003993552740956357  -7.180851469077831e-08
0.006686686686686687  0.0004007799470537246  0.0004005895323668371  -1.904146868875406e-07
0.006696696696696696  0.0004019901312586865  0.0004016999590120699  -2.901722466166134e-07
0.006706706706706707  0.000403057204390075  0.0004027006317346676  -3.565726554073819e-07
0.006716716716716717  0.000403980786553849  0.000403602867251198  -3.779193026509577e-07
0.006726726726726726  0.0004047605489513736  0.0004044133186106767  -3.472303406968627e-07
0.006736736736736737  0.0004053962139748592  0.0004051325093084217  -2.637046664374725e-07
0.006746746746746747  0.00040588755532787  0.0004057540576550029  -1.334976728671437e-07
0.006756756756756756  0.0004062343980830141  0.0004062647749110979  3.037682808380371e-08
0.006766766766766767  0.000406436618754923  0.000406645717453925  2.09098699002026e-07
0.006776776776776777  0.0004064941453495294  0.0004068741483882881  3.800030387586637e-07
0.006786786786786786  0.0004064069573905005  0.0004069262331894398  5.192757989393366e-07
0.006796796796796797  0.0004061750859057704  0.0004067801753760074  6.050894702369766e-07
0.006806806806806807  0.0004057986134422543  0.0004064194095666243  6.207961243699374e-07
0.006816816816816816  0.0004052776740225075  0.0004058354256060727  5.577515835652287e-07
0.006826826826826827  0.0004046124531047808  0.000405029808356198  4.17355251417157e-07
0.006836836836836837  0.0004038031875020663  0.0004040151458144919  2.119583124255775e-07
0.006846846846846846  0.0004028501653224102  0.0004028145780598973  -3.558726251287917e-08
0.006856856856856857  0.0004017537258484948  0.0004014599183275239  -2.938075209708868e-07
0.006866866866866867  0.0004005142594298353  0.000399988456121744  -5.258033080912964e-07
0.006876876876876876  0.0003991322073612145  0.0003984387283360016  -6.934790252128491e-07
0.006886886886886887  0.0003976080617292576  0.0003968456944704464  -7.623672588112163e-07
0.006896896896896897  0.0003959423652924028  0.0003952358562637111  -7.065090286917592e-07
0.006906906906906906  0.0003941357114041504  0.0003936229052742694  -5.128061298809855e-07
0.006916916916916917  0.0003921887439765324  0.0003920044577389004  -1.842862376320365e-07
0.006926926926926927  0.0003901021576840405  0.000390360345793358  2.581881093175072e-07
0.006936936936936937  0.0003878766985741918  0.000388652788551059  7.760899768672323e-07
0.006946946946946947  0.0003855131655787792  0.0003868285824343005  1.315416855521344e-06
0.006956956956956957  0.0003830124137046581  0.0003848232492705294  1.810835565871306e-06
0.006966966966966967  0.0003803753608384145  0.0003825668857444954  2.191524906080861e-06
0.006976976976976977  0.0003776030014116615  0.0003799912898666703  2.388288455008826e-06
0.006986986986986987  0.0003746964336470028  0.0003770378157414869  2.341382094484088e-06
0.006996996996996997  0.0003716569130008041  0.0003736653372766063  2.00842427580222e-06
0.007007007007007007  0.0003684859469381532  0.0003698576875644263  1.371740626273103e-06
0.007017017017017017  0.0003651855181505433  0.0003656299799872664  4.444618367230508e-07
0.007027027027027027  0.0003617584483896444  0.0003610333003640032  -7.251480256412549e-07
0.007037037037037037  0.0003582091118944713  0.0003561573744958168  -2.051737398654492e-06
0.007047047047047047  0.0003545447742037128  0.0003511309487473488  -3.413825456363977e-06
0.007057057057057057  0.0003507780520154748  0.0003461197605879135  -4.658291427561277e-06
0.007067067067067067  0.0003469313813045749  0.000341322112035825  -5.609269268749882e-06
0.007077077077077077  0.0003430449817730415  0.0003369621857852724  -6.082795987769052e-06
0.007087087087087087  0.0003391906690296416  0.0003332813594757631  -5.90930955387853e-06
0.007097097097097097  0.0003354947810116005  0.0003305278781324393  -4.966902879161212e-06
0.007107107107107107  0.000332173422603237  0.0003289453402761101  -3.228082327126917e-06
0.007117117117117117  0.0003295791143581575  0.0003287605398791024  -8.185744790550702e-07
0.007127127127127127  0.0003282435036405859  0.0003301712828056539  1.927779165067952e-06
0.007137137137137137  0.0003288713296401396  0.0003333348574423622  4.463527802222569e-06
0.007147147147147147  0.0003322158221172033  0.0003383578764567816  6.142054339578244e-06
0.007157157157157157  0.0003388135625150879  0.000345288208066733  6.474645551645091e-06
0.007167167167167167  0.0003487140207577069  0.000354109669026507  5.39564826880013e-06
0.007177177177177177  0.0003614315662084317  0.0003647400466088388  3.308480400407052e-06
0.007187187187187187  0.0003761686323478364  0.0003770328475015646  8.642151537281641e-07
0.007197197197197197  0.0003921131394692657  0.0003907829388295561  -1.330200639709561e-06
0.007207207207207207  0.0004086199098420027  0.0004057359614568596  -2.88394838514317e-06
0.007217217217217217  0.0004252494064848287  0.0004216010785565966  -3.648327928232071e-06
0.007227227227227227  0.0004417295236710691  0.0004380663032501837  -3.66322042088537e-06
0.007237237237237237  0.0004579004375449492  0.0004548153631622179  -3.085074382731313e-06
0.007247247247247247  0.0004736695825854773  0.0004715448451090764  -2.124737476400906e-06
0.007257257257257257  0.000488981964261694  0.000487980254113521  -1.001710148173e-06
0.007267267267267267  0.0005038027530146397  0.0005038896428093385  8.688979469880388e-08
0.007277277277277277  0.0005181078151241492  0.0005190936319195389  9.858167953896843e-07
0.007287287287287287  0.000531878812796616  0.0005334709440314742  1.59213123485818e-06
0.007297297297297297  0.0005451007438807801  0.0005469589873491288  1.858243468348762e-06
0.007307307307307307  0.0005577607164707429  0.0005595495123957179  1.78879592497498e-06
0.007317317317317317  0.0005698473260167195  0.0005712798686465303  1.432542629810764e-06
0.007327327327327327  0.000581350320794038  0.0005822208498722192  8.705290781811518e-07
0.007337337337337337  0.0005922604059580356  0.0005924624776898697  2.020717318341591e-07
0.007347347347347347  0.0006025691165877408  0.0006020992838250025  -4.698327627383368e-07
0.007357357357357357  0.0006122687276332976  0.0006112166816967096  -1.052045936587951e-06
0.007367367367367367  0.0006213521856474292  0.0006198798586154095  -1.472327032019712e-06
0.007377377377377377  0.0006298130547848587  0.000628126287436376  -1.686767348482699e-06
0.007387387387387387  0.0006376454729980518  0.0006359624914425733  -1.682981555478527e-06
0.007397397397397397  0.0006448441159419209  0.0006433651576276215  -1.478958314299404e-06
0.007407407407407407  0.0006514041669607221  0.0006502861517240799  -1.118015236642174e-06
0.007417417417417417  0.000657321291964307  0.0006566605153743734  -6.607765899336194e-07
0.007427427427427427  0.0006625916183172136  0.0006624161844507176  -1.75433866496052e-07
0.007437437437437438  0.0006672117170509251  0.0006674840032532194  2.722862022943402e-07
0.007447447447447447  0.0006711785878602055  0.0006718066422045574  6.280543443518485e-07
0.007457457457457457  0.0006744896464569783  0.0006753452492916149  8.556028346365027e-07
0.007467467467467468  0.0006771427139367864  0.0006780830430375461  9.403291007597202e-07
0.007477477477477477  0.0006791360078823294  0.0006800255305502833  8.895226679538504e-07
0.007487487487487487  0.0006804681349808276  0.00068119753712855  7.294021477224433e-07
0.007497497497497498  0.0006811380849775367  0.000681637690162005  4.996051844683444e-07
0.007507507507507507  0.0006811452258228858  0.0006813913431703055  2.46117347419729e-07
0.007517517517517517  0.0006804892998995862  0.0006805031075296752  1.380763008898729e-08
0.007527527527527528  0.000679170421244019  0.0006790101561108072  -1.602651332118519e-07
0.007537537537537537  0.0006771890736957641  0.0006769372807834649  -2.51792912299236e-07
0.007547547547547547  0.0006745461099304084  0.0006742943573180951  -2.517526123132314e-07
0.007557557557557558  0.0006712427513480961  0.0006710764529855883  -1.662983625077804e-07
0.007567567567567567  0.0006672805888054372  0.0006672663730756842  -1.421572975296697e-08
0.007577577577577577  0.0006626615841954649  0.0006628390546617657  1.774704663007592e-07
0.007587587587587588  0.0006573880728961568  0.0006577669413687717  3.788684726148839e-07
0.007597597597597597  0.0006514627671196359  0.0006520253544094268  5.625872897908673e-07
0.007607607607607607  0.0006448887602173059  0.0006455969288334965  7.081686161905434e-07
0.007617617617617618  0.0006376695320012679  0.0006384743964359183  8.048644346503537e-07
0.007627627627627627  0.0006298089551796769  0.000630661327492955  8.523723132780516e-07
0.007637637637637637  0.0006213113029971353  0.0006221708321437603  8.59529146624927e-07
0.007647647647647648  0.000612181258220466  0.0006130225981526864  8.413399322204076e-07
0.007657657657657658  0.0006024239236181282  0.0006032389378703735  8.150142522452561e-07
0.007667667667667667  0.0005920448341151974  0.0005928406803384105  7.958462232130793e-07
0.007677677677677678  0.0005810499708395245  0.0005818437465029613  7.937756634368185e-07
0.007687687687687688  0.0005694457773129291  0.0005702570876021171  8.113102891879826e-07
0.007697697697697697  0.0005572391780826177  0.0005580823799185556  8.432018359378745e-07
0.007707707707707708  0.0005444376001454307  0.0005453155087125295  8.779085670987657e-07
0.007717717717717718  0.0005310489975666274  0.0005319495095054957  9.005119388683265e-07
0.007727727727727727  0.0005170818797809163  0.0005179783369531032  8.964571721869477e-07
0.007737737737737738  0.0005025453441250255  0.0005034006587089302  8.553145839046254e-07
0.007747747747747748  0.0004874491132717698  0.0004882228592811548  7.737460093849369e-07
0.007757757757757757  0.0004718035783253815  0.0004724605909171213  6.570125917398158e-07
0.007767767767767768  0.0004556198484734558  0.00045613849761744  5.186491439841418e-07
0.007777777777777778  0.0004389098082602008  0.0004392881090103511  3.783007501503041e-07
0.007787787787787787  0.0004216861836918191  0.0004219442809952031  2.580973033840424e-07
0.007797797797797798  0.0004039626186110019  0.0004041408739818358  1.782553708338922e-07
0.007807807807807808  0.0003857537629753491  0.0003859065431934746  1.527802181254664e-07
0.007817817817817818  0.0003670753749649307  0.0003672615288594465  1.861538945157845e-07
0.007827827827827828  0.0003479444390634975  0.0003482161703969507  2.717313334531994e-07
0.007837837837837838  0.000328379302596496  0.0003287715555331501  3.922529366541441e-07
0.007847847847847847  0.0003083998334330703  0.0003089223110857453  5.224776526749873e-07
0.007857857857857857  0.0002880276018413423  0.0002886611242301444  6.335223888021295e-07
0.007867867867867868  0.0002672860895954644  0.0002679842335370017  6.981439415373316e-07
0.007877877877877878  0.0002462009294772931  0.0002468969182844398  6.959888071467234e-07
0.007887887887887888  0.0002248001779214723  0.0002254179868483644  6.178089268920619e-07
0.007897897897897898  0.0002031146229192919  0.0002035824296831219  4.678067638299839e-07
0.007907907907907907  0.0001811781277305631  0.0001814417310490351  2.636033184719709e-07
0.007917917917917917  0.0001590280085094752  0.0001590617647551536  3.375624567838868e-08
0.007927927927927928  0.0001367054399779559  0.0001365186507131927  -1.867892647631933e-07
0.007937937937937938  0.0001142558772479419  0.0001138933328247599  -3.625444231819726e-07
0.007947947947947948  9.172947338323394e-05  9.126587942441964e-05  -4.635939588143006e-07
0.007957957957957958  6.918146057566575e-05  6.871055642967508e-05  -4.709041459906755e-07
0.007967967967967967  4.667244785772754e-05  4.629256907590589e-05  -3.798787818216486e-07
0.007977977977977977  2.426857057208561e-05  2.40670387951189e-05  -2.015317769667066e-07
0.007987987987987989  2.041408116175797e-06  2.080340187754621e-06  3.893207157882435e-08
0.007997997997997998  -1.993242937396597e-05  -1.962654596817974e-05  3.058834057862276e-07
0.008008008008008008  -4.157211804941782e-05  -4.101341300788269e-05  5.587050415351268e-07
0.008018018018018018  -6.279407939802397e-05  -6.203595434680996e-05  7.581250512140079e-07
0.008028028028028027  -8.351390561148982e-05  -8.264171624710943e-05  8.721893643803922e-07
0.008038038038038037  -0.000103648901614062  -0.0001027678196400515  8.810819740104998e-07
0.008048048048048049  -0.0001231210907792685  -0.0001223410722836489  7.800184956196436e-07
0.008058058058058058  -0.0001418604280858139  -0.0001412806508230385  5.797772627754187e-07
0.008068068068068068  -0.0001598078810291128  -0.0001595030535471224  3.048274819903612e-07
0.008078078078078078  -0.0001769179794448835  -0.0001769285989395  -1.061949461651562e-08
0.008088088088088087  -0.0001931604685274961  -0.000193488451804685  -3.279832771889445e-07
0.008098098098098097  -0.0002085208261770658  -0.0002091310506474601  -6.102244703943215e-07
0.008108108108108109  -0.0002229995983227466  -0.0002238269044957594  -8.273061730127622e-07
0.008118118118118118  -0.0002366107088251112  -0.0002375710031603781  -9.602943352668436e-07
0.008128128128128128  -0.0002493790549374607  -0.0002503824875794097  -1.003432641949031e-06
0.008138138138138138  -0.0002613377664068797  -0.000262301679807257  -9.639134003773444e-07
0.008148148148148147  -0.000272525482833466  -0.0002733849919196492  -8.595090861831752e-07
0.008158158158158157  -0.0002829839163349567  -0.0002836985456771197  -7.146293421630393e-07
0.008168168168168169  -0.000292755852922577  -0.0002933114890719614  -5.556361493844284e-07
0.008178178178178178  -0.0003018836411239435  -0.0003022899726344817  -4.063315105382005e-07
0.008188188188188188  -0.0003104081396876307  -0.0003106925622002355  -2.844225126047905e-07
0.008198198198198198  -0.0003183680526078722  -0.0003185675597148489  -1.995071069767337e-07
0.008208208208208207  -0.000325799564304825  -0.0003259523431636686  -1.527788588435845e-07
0.008218218218218219  -0.0003327361911048206  -0.0003328744902155139  -1.382991106933036e-07
0.008228228228228229  -0.0003392087782765553  -0.0003393541798538592  -1.4540157730386e-07
0.008238238238238238  -0.0003452455882252342  -0.0003454072149460136  -1.616267207794268e-07
0.008248248248248248  -0.000350872440793468  -0.0003510479933615011  -1.755525680330956e-07
0.008258258258258258  -0.000356112879190209  -0.0003562918654093427  -1.789862191337401e-07
0.008268268268268267  -0.0003609883447796356  -0.0003611565172570915  -1.681724774559175e-07
0.008278278278278279  -0.0003655183504239082  -0.0003656622651151529  -1.439146912447049e-07
0.008288288288288289  -0.0003697206467164059  -0.0003698313808746466  -1.107341582407082e-07
0.008298298298298298  -0.0003736113781698941  -0.0003736867510203001  -7.537285040602835e-08
0.008308308308308308  -0.0003772052281217125  -0.0003772502669469815  -4.503882526895849e-08
0.008318318318318318  -0.0003805155522404214  -0.0003805413464706329  -2.57942302115061e-08
0.008328328328328327  -0.0003835545008748473  -0.0003835759039697636  -2.140309491628373e-08
0.008338338338338339  -0.0003863331309561595  -0.0003863659471859586  -3.28162297990979e-08
0.008348348348348349  -0.0003888615080946688  -0.0003889198185178765  -5.831042320763842e-08
0.008358358358358358  -0.000391148799724621  -0.0003912429544826095  -9.415475798845016e-08
0.008368368368368368  -0.0003932033599263491  -0.0003933389387033122  -1.355787769630537e-07
0.008378378378378378  -0.0003950328067618723  -0.0003952105878561027  -1.777810942303875e-07
0.008388388388388388  -0.0003966440926832762  -0.000396860837789953  -2.167451066768648e-07
0.008398398398398399  -0.0003980435686521233  -0.0003982932754193612  -2.497067672379053e-07
0.008408408408408409  -0.000399237042544399  -0.0003995122675499012  -2.75225005502179e-07
0.008418418418418418  -0.0004002298323268358  -0.0004005227432884603  -2.929109616245373e-07
0.008428428428428428  -0.0004010268144598779  -0.0004013297669337207  -3.029524738427285e-07
0.008438438438438438  -0.0004016324679846577  -0.0004019380763379212  -3.056083532635215e-07
0.008448448448448448  -0.0004020509146535229  -0.0004023517517164773  -3.008370629544398e-07
0.008458458458458459  -0.0004022859554563961  -0.0004025741278398067  -2.881723834106411e-07
0.008468468468468469  -0.0004023411038778862  -0.0004026079840138545  -2.668801359683522e-07
0.008478478478478478  -0.0004022196161373172  -0.0004024559622733569  -2.363461360397278e-07
0.008488488488488488  -0.0004019245187453407  -0.0004021210959696984  -1.965772243576634e-07
0.008498498498498498  -0.0004014586335663661  -0.0004016072949394276  -1.486613730615136e-07
0.008508508508508508  -0.0004008246006001177  -0.0004009196377036531  -9.503710353539127e-08
0.008518518518518519  -0.0004000248987121321  -0.0004000643640239402  -3.946531180809088e-08
0.008528528528528529  -0.0003990618645027859  -0.0003990485317193273  1.333278345865517e-08
0.008538538538538538  -0.0003979377094585795  -0.0003978793828791972  5.832657938234379e-08
0.008548548548548548  -0.0003966545354934684  -0.0003965635373444103  9.099814905809758e-08
0.008558558558558558  -0.0003952143491587045  -0.000395106178602367  1.081705563375193e-07
0.008568568568568568  -0.0003936190744779502  -0.0003935104082594286  1.086662185216134e-07
0.008578578578578579  -0.0003918705646448272  -0.0003917769173615408  9.364728328637838e-08
0.008588588588588589  -0.0003899706125621566  -0.0003899040621604922  6.655040166441296e-08
0.008598598598598598  -0.0003879209605688709  -0.0003878883514929224  3.260907594849257e-08
0.008608608608608608  -0.0003857233090287312  -0.0003857252700319125  -1.961003181290711e-09
0.008618618618618618  -0.0003833793243410373  -0.0003834102935509543  -3.096920991700614e-08
0.008628628628628628  -0.0003808906459985246  -0.0003809399131063049  -4.926710778035102e-08
0.008638638638638639  -0.0003782588931444488  -0.0003783124822488833  -5.358910443452628e-08
0.008648648648648649  -0.0003754856703393642  -0.0003755287351061911  -4.306476682685656e-08
0.008658658658658658  -0.0003725725728818346  -0.0003725918859785396  -1.931309670500335e-08
0.008668668668668668  -0.0003695211915837675  -0.0003695072999462152  1.38916375522994e-08
0.008678678678678678  -0.0003663331169881675  -0.0003662818030994201  5.131388874744921e-08
0.008688688688688688  -0.0003630099432911866  -0.0003629227650378802  8.717825330644422e-08
0.008698698698698699  -0.0003595532717575268  -0.0003594371235550032  1.16148202523533e-07
0.008708708708708709  -0.000355964713835096  -0.0003558305257769129  1.341880581831167e-07
0.008718718718718719  -0.0003522458938841281  -0.0003521067320621689  1.391618219591731e-07
0.008728728728728728  -0.0003483984516869456  -0.0003482673753507868  1.310763361588052e-07
0.008738738738738738  -0.0003444240445961669  -0.000344312100601587  1.119439945798922e-07
0.008748748748748749  -0.0003403243494557903  -0.0003402390398364961  8.530961929421616e-08
0.008758758758758759  -0.0003361010643359571  -0.0003360455208985656  5.554343739149403e-08
0.008768768768768769  -0.0003317559100012923  -0.0003317288722037557  2.703779753663064e-08
0.008778778778778779  -0.0003272906311750548  -0.0003272871767889509  3.454386103931336e-09
0.008788788788788788  -0.0003227069976916071  -0.0003227198467769415  -1.284908533440371e-08
0.008798798798798798  -0.0003180068054346099  -0.0003180279291034161  -2.112366880615809e-08
0.008808808808808809  -0.0003131918771145688  -0.0003132141063720474  -2.22292574785822e-08
0.008818818818818819  -0.0003082640629461645  -0.0003082824126201141  -1.834967394958448e-08
0.008828828828828829  -0.0003032252411666527  -0.0003032377324534465  -1.249128679377091e-08
0.008838838838838839  -0.0002980773184888905  -0.0002980851853134336  -7.866824543081418e-09
0.008848848848848848  -0.0002928222303763462  -0.0002928295098115162  -7.279435170046058e-09
0.008858858858858858  -0.0002874619412454775  -0.000287474555319528  -1.261407405053283e-08
0.008868868868868869  -0.00028199844464081  -0.0002820229622329686  -2.45175921585847e-08
0.008878878878878879  -0.0002764337632005175  -0.0002764760744235188  -4.231122300126563e-08
0.008888888888888889  -0.0002707699486749752  -0.0002708340848406301  -6.413616565495526e-08
0.008898898898898899  -0.00026500908178293  -0.0002650963756789534  -8.729389602341779e-08
0.008908908908908908  -0.000259153272058747  -0.0002592619845080973  -1.087124493502948e-07
0.008918918918918918  -0.0002532046575753227  -0.0002533301115694751  -1.254539941524554e-07
0.008928928928928929  -0.0002471654046921134  -0.0002473005826480499  -1.351779559365107e-07
0.008938938938938939  -0.0002410377076927412  -0.0002411741953778152  -1.364876850740192e-07
0.008948948948948949  -0.0002348237883980676  -0.000234952901049717  -1.291126516494003e-07
0.008958958958958959  -0.0002285258957165492  -0.0002286398040627005  -1.139083461512973e-07
0.008968968968968968  -0.0002221463051656921  -0.0002222389915764959  -9.268641080380506e-08
0.008978978978978978  -0.0002156873183773717  -0.0002157552317642158  -6.791338684413004e-08
0.00898898898898899  -0.0002091512625006835  -0.0002091935964845448  -4.233398386130263e-08
0.008998998998998999  -0.0002025404896854812  -0.0002025590712197986  -1.858153431734963e-08
0.009009009009009009  -0.0001958573701066458  -0.0001958562115999242  1.158506721571405e-09
0.009019019019019019  -0.0001891043099722381  -0.0001890888933390486  1.541663318944779e-08
0.009029029029029028  -0.0001822837332276711  -0.0001822601838232849  2.354940438619867e-08
0.009039039039039038  -0.0001753980853944514  -0.0001753723424517762  2.57429426751951e-08
0.00904904904904905  -0.0001684498336376343  -0.0001684269367460184  2.289689161587435e-08
0.009059059059059059  -0.0001614414659877248  -0.0001614250452133494  1.642077437536576e-08
0.009069069069069069  -0.0001543754905730045  -0.0001543675081060853  7.982466919154727e-09
0.009079079079079079  -0.0001472544348737439  -0.0001472551843268213  -7.49453077424295e-10
0.009089089089089088  -0.0001400808449126244  -0.000140089176575255  -8.331662630645109e-09
0.009099099099099098  -0.0001328572844372258  -0.0001328709959453516  -1.37115081258151e-08
0.00910910910910911  -0.000125586334103357  -0.0001256026496260948  -1.631552273777368e-08
0.009119119119119119  -0.0001182705906327763  -0.0001182866487635523  -1.605813077597122e-08
0.009129129129129129  -0.0001109126659590634  -0.000110925945753756  -1.327979469257026e-08
0.009139139139139139  -0.0001035151863526514  -0.0001035238195172412  -8.63316458977277e-09
0.009149149149149148  -9.60807915804536e-05  -9.608373258131768e-05  -2.941000864080411e-09
0.009159159159159158  -8.861213397473519e-05  -8.860918478471953e-05  2.949190015667075e-09
0.00916916916916917  -8.111187756625575e-05  -8.110358552697224e-05  8.292039283507024e-09
0.009179179179179179  -7.358269718833345e-05  -7.357016065094577e-05  1.253653738767868e-08
0.009189189189189189  -6.602727753501706e-05  -6.601190258852995e-05  1.537494648711283e-08
0.009199199199199199  -5.844831226965317e-05  -5.843156465220603e-05  1.674761744713813e-08
0.009209209209209208  -5.084850308967512e-05  -5.083169357005378e-05  1.680951962134092e-08
0.009219219219219218  -4.323055879284094e-05  -4.321468940499087e-05  1.586938785007395e-08
0.00922922922922923  -3.559719435239836e-05  -3.558287939981321e-05  1.431495258515412e-08
0.009239239239239239  -2.795112996206353e-05  -2.793859206566392e-05  1.253789639961121e-08
0.009249249249249249  -2.029509010133707e-05  -2.028421971101299e-05  1.087039032408299e-08
0.009259259259259259  -1.26318025818007e-05  -1.2622260986325e-05  9.541595475694425e-09
0.009269269269269268  -4.963997598207954e-06  -4.955339191339034e-06  8.658406868919975e-09
0.00927927927927928  2.705593226500572e-06  2.713803652316362e-06  8.210425815789924e-09
0.00928928928928929  1.037423779893985e-05  1.038233326107465e-05  8.095462134800028e-09
0.009299299299299299  1.803920451196995e-05  1.804736366486627e-05  8.159152896320348e-09
0.009309309309309309  2.569776320285809e-05  2.570600400497562e-05  8.240802117528122e-09
0.009319319319319319  3.334718611762759e-05  3.335540346501587e-05  8.217347388287223e-09
0.009329329329329328  4.098474886456111e-05  4.09927872002772e-05  8.03833571608886e-09
0.00933933933933934  4.860773137694453e-05  4.86154779983073e-05  7.746621362765972e-09
0.00934934934934935  5.621341887418017e-05  5.622090083942532e-05  7.481965245147474e-09
0.009359359359359359  6.379910281595733e-05  6.380657020055292e-05  7.467384595586757e-09
0.009369369369369369  7.136208186382739e-05  7.1370062491448e-05  7.980627620611611e-09
0.009379379379379379  7.889966283476413e-05  7.890897813468812e-05  9.315299923993276e-09
0.009389389389389389  8.640916164863868e-05  8.642089923768261e-05  1.173758904392979e-08
0.0093993993993994  9.388790427481171e-05  9.390334939090674e-05  1.544511609502996e-08
0.00940940940940941  0.0001013332277011486  0.0001013537617775467  2.053407639807288e-08
0.009419419419419419  0.0001087424808500463  0.0001087694605363796  2.697968633325423e-08
0.009429429429429429  0.0001161130255329639  0.0001161476583338253  3.463280086140035e-08
0.009439439439439439  0.000123442237381227  0.0001234854706404564  4.323325922939549e-08
0.009449449449449449  0.0001307275067803035  0.0001307799446256422  5.243784533873999e-08
0.00945945945945946  0.0001379662397848382  0.0001380280983027586  6.185851792039486e-08
0.00946946946946947  0.0001451558590620068  0.0001452269639601984  7.110489819162069e-08
0.009479479479479479  0.000152293804777301  0.0001523736293060153  7.98245287142636e-08
0.009489489489489489  0.0001593775355221051  0.0001594652703094794  8.773478737429804e-08
0.009499499499499499  0.0001664045292148825  0.0001664991713783304  9.464216344794879e-08
0.009509509509509509  0.0001733722839863519  0.0001734727309987975  1.004470124455891e-07
0.00951951951951952  0.0001802783190903324  0.0001803834538394845  1.051347491521032e-07
0.00952952952952953  0.0001871201757518354  0.0001872289329898715  1.087572380360487e-07
0.009539539539539539  0.0001938954180699831  0.0001940068278819224  1.114098119393066e-07
0.009549549549549549  0.0002006016338757064  0.0002007148440813169  1.132102056104767e-07
0.009559559559559559  0.0002072364355803627  0.000207350720276596  1.142846962333367e-07
0.009569569569569569  0.0002137974610329534  0.0002139122255657876  1.147645328341553e-07
0.00957957957957958  0.0002202823743675533  0.00022039716693764  1.147925700866609e-07
0.00958958958958959  0.000226688866796494  0.0002268034034094476  1.145366129535683e-07
0.009599599599599599  0.0002330146575003584  0.0002331288604473347  1.142029469763418e-07
0.009609609609609609  0.000239257494361241  0.0002393715368968746  1.140425356336043e-07
0.009619619619619619  0.0002454151548277911  0.0002455294972733531  1.143424455619848e-07
0.009629629629629629  0.0002514854466546985  0.0002516008450569395  1.153984022409611e-07
0.00963963963963964  0.0002574662087296322  0.0002575836772850028  1.174685553706088e-07
0.00964964964964965  0.0002633553117950854  0.0002634760263542146  1.207145591291983e-07
0.009659659659659659  0.0002691506592581516  0.0002692758002852811  1.251410271294984e-07
0.009669669669669669  0.000274850187882816  0.0002749807363942695  1.305485114535296e-07
0.009679679679679679  0.0002804518685600124  0.0002805883840459606  1.365154859481708e-07
0.009689689689689689  0.000285953707024517  0.0002860961292279612  1.424222034442026e-07
0.0096996996996997  0.000291353744539219  0.0002915012669547439  1.475224155248855e-07
0.00970970970970971  0.0002966500586321356  0.0002968011178525394  1.510592204038552e-07
0.00971971971971972  0.0003018407637639894  0.0003019931742913839  1.524105273944761e-07
0.009729729729729729  0.000306924011964916  0.0003070752513603826  1.512393954666044e-07
0.009739739739739739  0.0003118979935531074  0.000312045611249196  1.476176960885436e-07
0.00974974974974975  0.0003167609377500021  0.0003169030283651269  1.420906151248461e-07
0.00975975975975976  0.0003215111132689151  0.0003216467680963478  1.356548274327406e-07
0.00976976976976977  0.0003261468290262996  0.0003262764646930109  1.296356667112425e-07
0.00977977977977978  0.0003306664346380975  0.000330791901954923  1.254673168254983e-07
0.009789789789789789  0.0003350683210917543  0.0003351927216290656  1.244005373113267e-07
0.009799799799799799  0.0003393509212636504  0.0003394781048409992  1.271835773487915e-07
0.00980980980980981  0.0003435127105370055  0.000343646487309061  1.337767720555115e-07
0.00981981981981982  0.000347552207243872  0.0003476953754875467  1.431682436747175e-07
0.00982982982982983  0.0003514679733004419  0.0003516213252518606  1.533519514187163e-07
0.00983983983983984  0.0003552586146561696  0.0003554201260690014  1.615114128318291e-07
0.009849849849849849  0.0003589227818174082  0.0003590872027941319  1.644209767236757e-07
0.009859859859859859  0.0003624591702956497  0.0003626182076116759  1.590373160262012e-07
0.00986986986986987  0.0003658665211082413  0.0003660097315380999  1.432104298585714e-07
0.00987987987987988  0.000369143621211593  0.0003692600249728705  1.164037612774878e-07
0.00988988988988989  0.0003722893039250234  0.0003723695871274557  8.028320243227537e-08
0.0098998998998999  0.000375302449366982  0.000375341471087129  3.902172014696613e-08
0.009909909909909909  0.0003781819848220073  0.0003781811593287444  -8.254932629386119e-10
0.009919919919919919  0.0003809268851577019  0.0003808958955594919  -3.098959820994809e-08
0.00992992992992993  0.0003835361731627941  0.0003834934113723041  -4.276179049002076e-08
0.00993993993993994  0.0003860089199069885  0.0003859800558324206  -2.886407456792603e-08
0.00994994994994995  0.0003883442450633756  0.0003883584152016248  1.417013824919593e-08
0.00995995995995996  0.0003905413172455549  0.000390624589176422  8.327193086709846e-08
0.009969969969969969  0.0003925993542691229  0.0003927653590456168  1.660047764938822e-07
0.009979979979979979  0.0003945176234574888  0.0003947555325102576  2.379090527687613e-07
0.00998998998998999  0.0003962954418913931  0.0003965557718460551  2.603299546619824e-07
0.01  0.0003979321766436007  0.0003981112019572001  1.790253135994149e-07
