t  x_1  x_2
0  0.000213628300444106  -0.001983460234805989
1.001001001001001e-05  0.0008740206542573053  0.002229656438726265
2.002002002002002e-05  0.001591508171022606  -0.001638548931099665
3.003003003003003e-05  0.002365977323375039  0.0004468286850924342
4.004004004004004e-05  0.003197305567911353  0.007590211180996595
5.005005005005005e-05  0.004085361364579916  0.005539275190777983
6.006006006006006e-05  0.005030004197494106  0.00586059853784891
7.007007007007007e-05  0.006031084597165928  0.004036422609801184
8.008008008008008e-05  0.007088444164156343  0.007794794184967231
9.009009009009009e-05  0.008201915594138531  0.006114198160584104
0.0001001001001001001  0.009371322704370091  0.009765307136294636
0.0001101101101101101  0.01059648046157016  0.007944796298067212
0.0001201201201201201  0.01187719501119677  0.007623864751598475
0.0001301301301301301  0.01321326370812029  0.01279504320292609
0.0001401401401401401  0.01460447514868718  0.01378848387798621
0.0001501501501501501  0.01605060920417015  0.01627517824078981
0.0001601601601601602  0.01755143705559856  0.01960134243776119
0.0001701701701701702  0.01910672122996376  0.02128496762666022
0.0001801801801801802  0.02071621563779458  0.02192207331836651
0.0001901901901901902  0.02237966561209431  0.02187581659781695
0.0002002002002002002  0.02409680794863716  0.02358842079099313
0.0002102102102102102  0.02586737094761327  0.02745884799860814
0.0002202202202202202  0.02769107445662073  0.03146705442487864
0.0002302302302302302  0.02956762991499159  0.03159372039604551
0.0002402402402402402  0.03149674039945111  0.03488825281351088
0.0002502502502502502  0.033478100671099  0.04007698492060049
0.0002602602602602602  0.03551139722370592  0.0433181928854998
0.0002702702702702703  0.03759630833332026  0.04287133299719214
0.0002802802802802803  0.03973250410917142  0.04164162524851279
0.0002902902902902903  0.04191964654586991  0.04529146291940808
0.0003003003003003003  0.04415738957688707  0.04829672216173234
0.0003103103103103103  0.04644537912931414  0.04773103668605752
0.0003203203203203203  0.04878325317988373  0.05013959328945547
0.0003303303303303303  0.05117064181225334  0.05252559529601775
0.0003403403403403403  0.05360716727553695  0.05331987434748153
0.0003503503503503503  0.05609244404407303  0.05759870594314103
0.0003603603603603604  0.05862607887842767  0.06076851909581985
0.0003703703703703704  0.06120767088761365  0.06088686851857048
0.0003803803803803804  0.06383681159252423  0.05970971655442841
0.0003903903903903904  0.06651308499056362  0.06159780417476993
0.0004004004004004004  0.06923606762147204  0.06344058607323023
0.0004104104104104104  0.07200532863432464  0.07103367511860435
0.0004204204204204204  0.07482042985571177  0.07376994794440725
0.0004304304304304304  0.0776809258590572  0.0747182823752375
0.0004404404404404404  0.08058636403511035  0.07848566418302834
0.0004504504504504505  0.08353628466354905  0.07936239564282647
0.0004604604604604604  0.08653022098572932  0.08263801300695026
0.0004704704704704705  0.08956769927853349  0.08618988558099153
0.0004804804804804805  0.09264823892932858  0.09076676943082555
0.0004904904904904905  0.09577135251201011  0.09118661646048204
0.0005005005005005005  0.09893654586412573  0.09684098895272439
0.0005105105105105105  0.1021433181650668  0.1029060075834294
0.0005205205205205205  0.1053911620153116  0.1042229485096598
0.0005305305305305305  0.108679563516704  0.1089234864025859
0.0005405405405405405  0.1120080023537782  0.1122784263867163
0.0005505505505505506  0.1153759518760681  0.1171617963526611
0.0005605605605605605  0.1187828791814541  0.1140569878607637
0.0005705705705705706  0.1222282452004727  0.1171867063084432
0.0005805805805805806  0.1257115047816144  0.1208735226243992
0.0005905905905905905  0.1292321067775756  0.126843274012952
0.0006006006006006006  0.1327894941324711  0.1297353303278874
0.0006106106106106106  0.1363831039699747  0.1302009256629149
0.0006206206206206207  0.1400123676823768  0.1365649295528727
0.0006306306306306306  0.1436767110205396  0.1398116962725248
0.0006406406406406406  0.1473755541847868  0.1424704352124268
0.0006506506506506507  0.1511083119166058  0.1474068776447587
0.0006606606606606606  0.1548743935912835  0.1463247222108813
0.0006706706706706706  0.1586732033113348  0.1530532010284591
0.0006806806806806807  0.1625041400007838  0.1574895528874123
0.0006906906906906907  0.1663665975002789  0.1611004612983782
0.0007007007007007007  0.1702599646629888  0.1653339555456391
0.0007107107107107107  0.1741836254513033  0.1667203713797595
0.0007207207207207207  0.1781369590342915  0.1728834172832204
0.0007307307307307307  0.1821193398859376  0.1787410482302096
0.0007407407407407407  0.1861301378840913  0.1815629141117896
0.0007507507507507507  0.1901687184101577  0.1921409565055542
0.0007607607607607608  0.194234442449517  0.1925843522722145
0.0007707707707707707  0.1983266666925826  0.1970132105517993
0.0007807807807807808  0.2024447436366069  0.2007139018717989
0.0007907907907907908  0.2065880216880613  0.2043327771498273
0.0008008008008008008  0.2107558452657551  0.2120541261047987
0.0008108108108108108  0.2149475549044799  0.2145687961309706
0.0008208208208208208  0.219162487359341  0.2181834700600378
0.0008308308308308308  0.2233999757106382  0.2225575988122246
0.0008408408408408408  0.2276593494693095  0.2253142078059253
0.0008508508508508508  0.2319399346829683  0.2304575511288862
0.0008608608608608609  0.236241054042417  0.2334652326106544
0.0008708708708708709  0.2405620269887089  0.2384955421742501
0.0008808808808808808  0.2449021698207008  0.2402681743055829
0.0008908908908908909  0.2492607958030454  0.2443485009429283
0.0009009009009009009  0.2536372152746605  0.2494971737420939
0.0009109109109109108  0.2580307357576036  0.2519231689856573
0.0009209209209209209  0.2624406620663319  0.2569555569314653
0.0009309309309309309  0.2668662964173547  0.2602988153389074
0.000940940940940941  0.2713069385391955  0.264143773147786
0.0009509509509509509  0.2757618857826703  0.2690707172844289
0.0009609609609609609  0.2802304332314395  0.2748780756585193
0.000970970970970971  0.2847118738127699  0.2797455039961775
0.0009809809809809809  0.2892054984084831  0.2836994767002197
0.0009909909909909911  0.2937105959660497  0.2915098263935976
0.001001001001001001  0.2982264537852888  0.2955860120228085
0.001011011011011011  0.3027523586075275  0.2990660545264934
0.001021021021021021  0.3072875926018513  0.3049988554163403
0.001031031031031031  0.3118314380887401  0.3091338100048766
0.001041041041041041  0.3163831760093613  0.316702448418235
0.001051051051051051  0.3209420860358762  0.3216731031967361
0.001061061061061061  0.3255074466811709  0.3263946000873566
0.001071071071071071  0.3300785354079548  0.3300984002869874
0.001081081081081081  0.334654628736927  0.3340157538525501
0.001091091091091091  0.3392350023538267  0.3406093946542164
0.001101101101101101  0.3438189312150924  0.3434067034418544
0.001111111111111111  0.3484056896517606  0.3498063744774594
0.001121121121121121  0.3529945514712398  0.3523030686152169
0.001131131131131131  0.3575847900564767  0.3569130361739727
0.001141141141141141  0.3621756784619653  0.3600639642783644
0.001151151151151151  0.3667664895058922  0.3661498402482945
0.001161161161161161  0.3713564958576502  0.3661815266677512
0.001171171171171171  0.3759449701197273  0.3708825953228757
0.001181181181181181  0.3805311849028591  0.3777110365544675
0.001191191191191191  0.3851144128930665  0.3788863220749836
0.001201201201201201  0.3896939269089266  0.3840660584751306
0.001211211211211211  0.3942689999471714  0.3882962123174863
0.001221221221221221  0.3988389052142739  0.3919255044574924
0.001231231231231231  0.4034029161412601  0.3967603848553766
0.001241241241241241  0.4079603063784987  0.3976094681305916
0.001251251251251251  0.4125103497665135  0.4046395329097483
0.001261261261261261  0.4170523202782794  0.4113434280442366
0.001271271271271271  0.4215854919273938  0.4140875482253094
0.001281281281281281  0.4261091386357457  0.4199986942895724
0.001291291291291291  0.4306225340528643  0.4269380783685572
0.001301301301301301  0.4351249513179621  0.43120464796142
0.001311311311311311  0.4396156627538322  0.4370031068190114
0.001321321321321321  0.4440939394800103  0.4427686965598225
0.001331331331331331  0.4485590509303231  0.447510551713681
0.001341341341341341  0.4530102642572498  0.4529379491356129
0.001351351351351351  0.457446843602678  0.4583463075192187
0.001361361361361361  0.4618680492109811  0.4634244367252235
0.001371371371371371  0.4662731363564463  0.4681037041122288
0.001381381381381381  0.4706613540522705  0.4728068270019896
0.001391391391391391  0.4750319435032497  0.4757717018185714
0.001401401401401401  0.4793841362580825  0.4826013070926595
0.001411411411411411  0.4837171520103247  0.4853235112944522
0.001421421421421421  0.4880301959894154  0.4900072192483436
0.001431431431431431  0.4923224558743922  0.4945790250109228
0.001441441441441441  0.4965930981533168  0.496423505797683
0.001451451451451451  0.5008412638408871  0.5007533185039953
0.001461461461461461  0.5050660634551375  0.5037613542806464
0.001471471471471471  0.50926657114189  0.5084150218406753
0.001481481481481481  0.5134418178228009  0.5112281920087109
0.001491491491491492  0.5175907832297538  0.5160727456487411
0.001501501501501501  0.5217123866757861  0.5194119168402517
0.001511511511511511  0.5258054764011642  0.5237385448802471
0.001521521521521522  0.5298688173240933  0.5264957493544477
0.001531531531531532  0.5339010770202284  0.5294909462927408
0.001541541541541541  0.5379008097559703  0.5344132628111276
0.001551551551551552  0.5418664384099087  0.5393482208345478
0.001561561561561562  0.5457962341389684  0.5448475820956012
0.001571571571571571  0.5496882936846211  0.5487294142941462
0.001581581581581582  0.5535405142764509  0.5539894107308954
0.001591591591591592  0.5573505661815534  0.5559147567437257
0.001601601601601602  0.5611158630770405  0.5621869565168331
0.001611611611611612  0.5648335305979791  0.5649918049712956
0.001621621621621622  0.5685003736432556  0.5705135256959168
0.001631631631631632  0.5721128433154327  0.5737927412997766
0.001641641641641642  0.5756670047331625  0.5777342454051912
0.001651651651651652  0.5791585073868842  0.5823460149791498
0.001661661661661662  0.5825825602022323  0.5867002546130944
0.001671671671671672  0.5859339140100341  0.5890566817008083
0.001681681681681682  0.5892068546585048  0.5933853304511018
0.001691691691691692  0.5923952104805884  0.5956753722631193
0.001701701701701702  0.5954923781600853  0.598917992255934
0.001711711711711712  0.5984913711116923  0.6014116350947104
0.001721721721721722  0.601384894169781  0.6034835212549942
0.001731731731731732  0.6041654475353073  0.6068099599970604
0.001741741741741742  0.6068254614485866  0.6090650082559109
0.001751751751751752  0.6093574608897909  0.6118992794054985
0.001761761761761762  0.611754256815598  0.6114693226554428
0.001771771771771772  0.6140091572173952  0.6160459176888574
0.001781781781781782  0.6161161879906533  0.6159552030162402
0.001791791791791792  0.6180703107301831  0.6184265212133422
0.001801801801801802  0.6198676226725406  0.6195100693253339
0.001811811811811812  0.6215055236080367  0.6217353453396275
0.001821821821821822  0.6229828360080738  0.6229424297988438
0.001831831831831832  0.6242998678823615  0.6256810754480913
0.001841841841841842  0.6254584126600798  0.6273583084625128
0.001851851851851852  0.626461686019394  0.6262207777889672
0.001861861861861862  0.6273142052234854  0.6279287061175124
0.001871871871871872  0.6280216213126587  0.6291816070832633
0.001881881881881882  0.628590517793663  0.6288920333643607
0.001891891891891892  0.6290281909249709  0.6299131775271455
0.001901901901901902  0.6293424263435712  0.6306653423778599
0.001911911911911912  0.6295412849372591  0.6313978736838946
0.001921921921921922  0.6296329080437969  0.6313819176090132
0.001931931931931932  0.6296253488064831  0.6304979949318378
0.001941941941941942  0.6295264333237971  0.6315018993553597
0.001951951951951952  0.6293436524513319  0.6314228380107918
0.001961961961961962  0.6290840829464303  0.6303095439702169
0.001971971971971972  0.6287543351485276  0.6300414346876578
0.001981981981981982  0.6283605235170538  0.6295376747054149
0.001991991991991992  0.6279082559986826  0.629012097529514
0.002002002002002002  0.6274026373555831  0.6278866133067312
0.002012012012012012  0.6268482841366266  0.6268123221252818
0.002022022022022022  0.6262493551402677  0.6260405899094713
0.002032032032032032  0.6256095701315615  0.6257877821557396
0.002042042042042042  0.6249322452285548  0.6254612717816487
0.002052052052052052  0.6242203257029337  0.6243153950180804
0.002062062062062062  0.623476418793389  0.6232231266730851
0.002072072072072072  0.6227028256068791  0.6223321524506603
0.002082082082082082  0.6219015714764849  0.6226912748979438
0.002092092092092092  0.6210744343764638  0.6229134208605052
0.002102102102102102  0.6202229711729308  0.6199451565289587
0.002112112112112112  0.6193485416209155  0.6204505628100263
0.002122122122122122  0.6184523301137647  0.6183350438274876
0.002132132132132132  0.6175353652565249  0.6163166873263128
0.002142142142142142  0.6165985373779577  0.6150405043490076
0.002152152152152152  0.6156426141216833  0.61526938365558
0.002162162162162162  0.6146682542698383  0.6141908170777128
0.002172172172172172  0.613676019956984  0.6151051602192937
0.002182182182182182  0.6126663874294994  0.6143261388845281
0.002192192192192192  0.6116397564993125  0.6108553587450326
0.002202202202202202  0.6105964588319328  0.6109280146435143
0.002212212212212212  0.6095367651981785  0.6095797313098572
0.002222222222222222  0.6084608918079948  0.606722881687137
0.002232232232232232  0.6073690058335551  0.6068062937569652
0.002242242242242242  0.6062612302182685  0.6054234639870607
0.002252252252252252  0.6051376478579193  0.6056070494791616
0.002262262262262262  0.6039983052308565  0.6041319318317812
0.002272272272272272  0.6028432155454103  0.6031077644808682
0.002282282282282282  0.6016723614648731  0.6021442419694547
0.002292292292292292  0.6004856974634292  0.6000884089257937
0.002302302302302302  0.5992831518598841  0.5973463867070089
0.002312312312312312  0.5980646285708071  0.5972458981376841
0.002322322322322322  0.5968300086194239  0.5966423663510609
0.002332332332332332  0.5955791514325607  0.5956426740124112
0.002342342342342342  0.5943118959539779  0.5936194951937717
0.002352352352352352  0.5930280615992253  0.5920125410988092
0.002362362362362362  0.591727449074244  0.5906704790870094
0.002372372372372372  0.5904098410774706  0.5896891784089976
0.002382382382382382  0.5890750029030378  0.5886907581587908
0.002392392392392392  0.5877226829608018  0.5859203943772264
0.002402402402402402  0.5863526132274451  0.5844142946189167
0.002412412412412412  0.5849645096413219  0.5846454727336121
0.002422422422422422  0.5835580724527991  0.5839140521696234
0.002432432432432432  0.5821329865405724  0.5808400528990151
0.002442442442442442  0.5806889217039253  0.5789072513556182
0.002452452452452453  0.5792255329397807  0.577211914649025
0.002462462462462462  0.5777424607130761  0.5755706870182288
0.002472472472472472  0.5762393312283155  0.5741999950463593
0.002482482482482483  0.5747157567097191  0.5731882206029449
0.002492492492492492  0.5731713356968805  0.5704715675216657
0.002502502502502502  0.5716056533627005  0.5692661183902636
0.002512512512512513  0.570018281859712  0.5687647317328485
0.002522522522522522  0.5684087807008427  0.5663574150360003
0.002532532532532532  0.5667766971801873  0.5659342601492817
0.002542542542542543  0.5651215668390733  0.5633146224539152
0.002552552552552552  0.5634429139823837  0.5595966306941969
0.002562562562562563  0.5617402522496339  0.5589847784091324
0.002572572572572573  0.5600130852450476  0.5579984464505753
0.002582582582582582  0.5582609072302452  0.554406614601415
0.002592592592592593  0.5564832038828984  0.5546856777106898
0.002602602602602603  0.554679453123831  0.5531890267814455
0.002612612612612612  0.5528491260148184  0.5505214727020242
0.002622622622622623  0.5509916877283918  0.5493964061865259
0.002632632632632633  0.5491065985904058  0.5477932725545128
0.002642642642642642  0.547193315195214  0.5457261570650423
0.002652652652652653  0.5452512915926205  0.5431371066854855
0.002662662662662663  0.5432799805447553  0.5427463228994269
0.002672672672672672  0.5412788348501585  0.5383283233357752
0.002682682682682683  0.539247308731432  0.5370746103610238
0.002692692692692693  0.5371848592817686  0.535034746292448
0.002702702702702703  0.5350909479646807  0.5332452854492812
0.002712712712712713  0.532965042160362  0.5314650550778177
0.002722722722722723  0.5308066167510681  0.5291304014244448
0.002732732732732733  0.5286151557369633  0.5268778830903112
0.002742742742742743  0.5263901538731616  0.5243461750270992
0.002752752752752753  0.5241311183177711  0.5227255826987338
0.002762762762762763  0.5218375702802222  0.5186568001534426
0.002772772772772773  0.5195090466585054  0.5180781317092855
0.002782782782782783  0.5171451016536125  0.5159606766587604
0.002792792792792793  0.5147453083492444  0.5135057097950794
0.002802802802802803  0.5123092602447107  0.5106577248963283
0.002812812812812813  0.5098365727291456  0.5071563831489977
0.002822822822822823  0.5073268844853788  0.5055768056604332
0.002832832832832833  0.5047798588123603  0.5023852246711016
0.002842842842842843  0.5021951848556447  0.5000021399522178
0.002852852852852853  0.4995725787363516  0.4968835910232029
0.002862862862862863  0.4969117845699899  0.4946399006512025
0.002872872872872873  0.4942125753677019  0.4926647968845114
0.002882882882882883  0.4914747538138485  0.4897628543577305
0.002892892892892893  0.4886981529151276  0.4868694481309365
0.002902902902902903  0.485882636517995  0.4835509015224467
0.002912912912912913  0.4830280996926468  0.4807996773377172
0.002922922922922923  0.4801344689833119  0.4779236071064497
0.002932932932932933  0.4772017025261733  0.4749383662813534
0.002942942942942943  0.4742297900376801  0.4722231909449072
0.002952952952952953  0.4712187526773888  0.4691288997780118
0.002962962962962963  0.4681686427907864  0.4665158860704587
0.002972972972972973  0.4650795435387073  0.4632369229763202
0.002982982982982983  0.4619515684209174  0.4595031545161261
0.002992992992992993  0.4587848607024055  0.4578212963405122
0.003003003003003003  0.4555795914616868  0.4547127667381795
0.003013013013013013  0.4523359597295462  0.450912037985329
0.003023023023023023  0.4490541968174881  0.4481269666845977
0.003033033033033033  0.4457345577056185  0.4442555369008188
0.003043043043043043  0.4423773231451945  0.4400569289191172
0.003053053053053053  0.4389827987051079  0.4372098655423877
0.003063063063063063  0.4355513137899312  0.4343319556362218
0.003073073073073073  0.4320832206388232  0.4307547715572134
0.003083083083083083  0.4285788933140325  0.4273479389503691
0.003093093093093093  0.4250387266871415  0.4235079749027201
0.003103103103103103  0.4214631354305308  0.4201743018178669
0.003113113113113113  0.4178525530207814  0.4160598319095696
0.003123123123123123  0.4142074307599781  0.4127928882480121
0.003133133133133133  0.4105282368200971  0.4088032442201429
0.003143143143143143  0.4068154553149304  0.4055542642348297
0.003153153153153153  0.4030695854031872  0.4018136010287211
0.003163163163163163  0.3992911404256813  0.3977330606897977
0.003173173173173173  0.3954806470789207  0.3939115814447655
0.003183183183183183  0.391638644626639  0.3899238000831282
0.003193193193193193  0.3877656841502941  0.3856189416616062
0.003203203203203203  0.3838623278390341  0.3822208151593193
0.003213213213213213  0.3799291483190759  0.378486112407223
0.003223223223223223  0.3759667280221433  0.3751327900171828
0.003233233233233233  0.3719756585921168  0.3711344055825533
0.003243243243243243  0.3679565403288531  0.3674135012128498
0.003253253253253253  0.3639099816678066  0.363290089218239
0.003263263263263263  0.3598365986939814  0.3597326806828512
0.003273273273273273  0.3557370146884665  0.3532518615501924
0.003283283283283283  0.3516118597058001  0.3501479738830087
0.003293293293293293  0.3474617701802978  0.3469438100304357
0.003303303303303303  0.3432873885594918  0.3420273797294635
0.003313313313313313  0.3390893629626776  0.3383073422352318
0.003323323323323323  0.3348683468628399  0.3341823989906075
0.003333333333333333  0.3306249987899956  0.3300633305846504
0.003343343343343343  0.32635998205423  0.3252827229716669
0.003353353353353353  0.3220739644867004  0.3214756673643941
0.003363363363363363  0.3177676181970095  0.3165015473352955
0.003373373373373373  0.313441619345371  0.3119787920552906
0.003383383383383383  0.3090966479281357  0.308807505800585
0.003393393393393393  0.3047333875753465  0.303158289532044
0.003403403403403403  0.3003525253590588  0.3003150358851843
0.003413413413413413  0.2959547516112515  0.295508309429866
0.003423423423423423  0.2915407597503168  0.2905582180479721
0.003433433433433433  0.2871112461151143  0.287095339607793
0.003443443443443443  0.2826669098057336  0.2816969359819559
0.003453453453453453  0.2782084525301654  0.27794033022092
0.003463463463463463  0.2737365784561393  0.2728158084239988
0.003473473473473473  0.2692519940675157  0.2683813271872276
0.003483483483483484  0.2647554080246678  0.2641921267907108
0.003493493493493493  0.2602475310282537  0.2597097679344492
0.003503503503503503  0.255729075686027  0.2559497880849825
0.003513513513513514  0.2512007563822226  0.251116596749441
0.003523523523523523  0.2466632891491783  0.2464956005016237
0.003533533533533533  0.2421173915408875  0.2419203287778126
0.003543543543543544  0.2375637825081807  0.2375889503357576
0.003553553553553553  0.2330031822753554  0.232827246886292
0.003563563563563563  0.228436312217998  0.2280911203700017
0.003573573573573574  0.2238638947418348  0.2239982684832929
0.003583583583583583  0.2192866531624787  0.2191862082481238
0.003593593593593594  0.2147053115859148  0.214739360591574
0.003603603603603604  0.2101205947896517  0.2104904110046578
0.003613613613613613  0.205533228104393  0.2056546683605803
0.003623623623623624  0.2009439372962027  0.2011465965211465
0.003633633633633634  0.1963534484490888  0.1960813061966024
0.003643643643643643  0.1917624878478978  0.1917468971193115
0.003653653653653654  0.187171781861579  0.1872718226703289
0.003663663663663664  0.1825820568266958  0.1824619378414339
0.003673673673673673  0.1779940389311813  0.1786742228170445
0.003683683683683684  0.1734084540983677  0.1733039509322951
0.003693693693693694  0.1688260278711827  0.1691195884730946
0.003703703703703703  0.1642474852966063  0.1654504657066722
0.003713713713713714  0.1596735508102849  0.1601178801918204
0.003723723723723724  0.155104948121379  0.1560537461212008
0.003733733733733734  0.1505424000976054  0.150943793205445
0.003743743743743744  0.1459866286504846  0.1458744749142639
0.003753753753753754  0.1414383546208075  0.1415233683907928
0.003763763763763764  0.1368982976643154  0.1375943549475089
0.003773773773773774  0.1323671761376136  0.1332024459287766
0.003783783783783784  0.1278457069843501  0.1286454537850227
0.003793793793793794  0.1233346056215958  0.124833883356157
0.003803803803803804  0.1188345858265477  0.1200308557847029
0.003813813813813814  0.1143463596234741  0.1148667602547581
0.003823823823823824  0.1098706371709788  0.1108455688159338
0.003833833833833834  0.1054081266495546  0.1059315473539123
0.003843843843843844  0.1009595341494953  0.1019679260808336
0.003853853853853854  0.09652556355909786  0.09741502371582748
0.003863863863863864  0.09210691645326041  0.0919811899698622
0.003873873873873874  0.08770429198243579  0.0890557963630153
0.003883883883883884  0.08331838676199811  0.0843291844369727
0.003893893893893894  0.0789498947619803  0.07982380681731419
0.003903903903903904  0.07459950719726442  0.07576707598770611
0.003913913913913914  0.07026791241818682  0.07148908525666994
0.003923923923923924  0.06595579580160622  0.06653879544023351
0.003933933933933934  0.06166383964247327  0.06306558870085739
0.003943943943943944  0.05739272304583434  0.05757272053519033
0.003953953953953954  0.05314312181939289  0.05393938750980535
0.003963963963963964  0.04891570836656809  0.04954575437147293
0.003973973973973974  0.04471115158009546  0.04581013996412165
0.003983983983983984  0.0405301167361873  0.04208513273483565
0.003993993993993994  0.03637326538925997  0.03727359480337438
0.004004004004004004  0.0322412559858798  0.03346759656381259
0.004014014014014014  0.0281347427779962  0.02941096155831642
0.004024024024024024  0.02405437449121334  0.02444390591602223
0.004034034034034034  0.02000079675123471  0.02074398164713454
0.004044044044044044  0.0159746509447562  0.01746003984428033
0.004054054054054054  0.01197657411798548  0.01342690280823311
0.004064064064064064  0.008007198875850566  0.008814741151462144
0.004074074074074074  0.004067153281890397  0.004675157154431273
0.004084084084084084  0.0001570607588904371  0.001082822382935816
0.004094094094094094  -0.003722460009758323  -0.003338597003109023
0.004104104104104104  -0.007570795177965571  -0.006997201083052615
0.004114114114114114  -0.01138733583406475  -0.009931230684090565
0.004124124124124124  -0.01517147809714093  -0.01439299502605697
0.004134134134134134  -0.0189226232126138  -0.01779984284701979
0.004144144144144144  -0.02264017764693778  -0.02204616019263
0.004154154154154154  -0.02632355318155031  -0.02534383592038334
0.004164164164164164  -0.02997216700593263  -0.02814109933650836
0.004174174174174174  -0.03358544180980044  -0.03289910664583221
0.004184184184184184  -0.03716280587449416  -0.03634101056748131
0.004194194194194194  -0.04070369316341202  -0.03950981892695828
0.004204204204204204  -0.0442075434115687  -0.04313286681240157
0.004214214214214214  -0.04767380221426648  -0.04727688673487131
0.004224224224224224  -0.05110192111479094  -0.05104478362479256
0.004234234234234234  -0.05449135769121368  -0.05328057975468908
0.004244244244244244  -0.05784157564220434  -0.05779526191758445
0.004254254254254254  -0.06115204487189846  -0.06103340598996851
0.004264264264264264  -0.06442224157374989  -0.06440124425503997
0.004274274274274274  -0.06765164831344435  -0.06765991329324665
0.004284284284284284  -0.07083975411074712  -0.06979714605678598
0.004294294294294294  -0.07398605452035727  -0.0736084617096803
0.004304304304304304  -0.07709005171172922  -0.07683244302327466
0.004314314314314314  -0.08015125454784858  -0.08029817004133548
0.004324324324324324  -0.08316917866292516  -0.08280534887587113
0.004334334334334334  -0.08614334653905034  -0.08601245918750221
0.004344344344344344  -0.08907328758174296  -0.08858223197852824
0.004354354354354354  -0.09195853819440961  -0.0917170410198527
0.004364364364364364  -0.09479864185170896  -0.09458765656835202
0.004374374374374375  -0.09759314917177425  -0.09694044353084337
0.004384384384384384  -0.1003416179873183  -0.1002910932278395
0.004394394394394394  -0.1030436134156005  -0.1025435336024389
0.004404404404404405  -0.1056987079272406  -0.1054235031644045
0.004414414414414414  -0.1083064814138589  -0.1076989767356149
0.004424424424424424  -0.1108665212545382  -0.1108923447673146
0.004434434434434435  -0.1133784223811393  -0.1132678468832412
0.004444444444444444  -0.1158417873423666  -0.1163731878473147
0.004454454454454454  -0.1182562263666678  -0.1184083197743819
0.004464464464464465  -0.1206213574239084  -0.1209740619695764
0.004474474474474474  -0.1229368062858141  -0.1229500031898292
0.004484484484484484  -0.1252022065851814  -0.1254832980383078
0.004494494494494495  -0.1274171998738489  -0.1270554175624987
0.004504504504504504  -0.1295814356794193  -0.1289251466419348
0.004514514514514514  -0.1316945715607038  -0.1316743327752259
0.004524524524524525  -0.1337562731619118  -0.1335253034816772
0.004534534534534534  -0.135766214265552  -0.1356414197408825
0.004544544544544544  -0.1377240768440502  -0.1376404790798704
0.004554554554554555  -0.1396295511100688  -0.1394136963657251
0.004564564564564564  -0.1414823355655234  -0.1414321831665543
0.004574574574574574  -0.1432821370492873  -0.1428341270340048
0.004584584584584585  -0.1450286707835799  -0.144413683914714
0.004594594594594595  -0.1467216604190223  -0.1460812118460909
0.004604604604604604  -0.1483608380783664  -0.1481092617847184
0.004614614614614615  -0.1499459443988777  -0.1499073192931332
0.004624624624624625  -0.1514767285733754  -0.151333864512171
0.004634634634634634  -0.1529529483899152  -0.1532090245291104
0.004644644644644645  -0.1543743702701146  -0.153900534370169
0.004654654654654655  -0.1557407693061106  -0.1552915241463774
0.004664664664664664  -0.1570519292961465  -0.1569431391958508
0.004674674674674675  -0.1583076427787813  -0.1579281599169541
0.004684684684684685  -0.1595077110657124  -0.1588748398455467
0.004694694694694694  -0.160651944273219  -0.1601365471195434
0.004704704704704705  -0.1617401613522017  -0.1610586372779804
0.004714714714714715  -0.1627721901168316  -0.1618308104181634
0.004724724724724724  -0.1637478672717942  -0.1629964529199773
0.004734734734734735  -0.164667038438127  -0.1644407411952017
0.004744744744744745  -0.1655295581776457  -0.1649650008219023
0.004754754754754754  -0.1663352900159588  -0.1657083166371311
0.004764764764764765  -0.1670841064640581  -0.1656391738792417
0.004774774774774775  -0.167775889038493  -0.1672625238555868
0.004784784784784784  -0.1684105282801171  -0.167309250283297
0.004794794794794795  -0.168987923771408  -0.1683299666274236
0.004804804804804805  -0.169507984152355  -0.169109023495362
0.004814814814814814  -0.1699706271349157  -0.1693972949527568
0.004824824824824825  -0.1703757795160359  -0.1702491954251684
0.004834834834834835  -0.1707233771892317  -0.1696769051513414
0.004844844844844844  -0.1710133651547333  -0.170136215533736
0.004854854854854855  -0.1712456975281874  -0.17039699085298
0.004864864864864865  -0.1714203375479179  -0.1706823058928659
0.004874874874874875  -0.1715372575807411  -0.1703109174861651
0.004884884884884885  -0.1715964391263393  -0.1707494451284776
0.004894894894894895  -0.1715978728201875  -0.1709255303829907
0.004904904904904905  -0.1715415584350354  -0.1707999676752415
0.004914914914914915  -0.1714275048809428  -0.1702953449102862
0.004924924924924925  -0.1712557302038705  -0.1711252820815702
0.004934934934934935  -0.1710262615828247  -0.1700816721538892
0.004944944944944945  -0.1707391353255563  -0.169165578902173
0.004954954954954955  -0.170394396862816  -0.1695173201738298
0.004964964964964965  -0.1699921007411669  -0.1687832451633744
0.004974974974974975  -0.1695323106143526  -0.1685122541160926
0.004984984984984985  -0.1690150992332259  -0.168303929016592
0.004994994994994995  -0.168440548434238  -0.1670018356960593
0.005005005005005005  -0.1678087462693942  -0.1668397145985083
0.005015015015015015  -0.1671197927074817  -0.1657677423889226
0.005025025025025025  -0.1663737996181385  -0.1648121120690385
0.005035035035035035  -0.1655708850390834  -0.1644315100871085
0.005045045045045045  -0.1647111760145566  -0.1636117609259291
0.005055055055055055  -0.1637948085752177  -0.1623467769130272
0.005065065065065065  -0.1628219277166219  -0.1619841920435476
0.005075075075075075  -0.1617926873762772  -0.160692732332022
0.005085085085085085  -0.1607072504092876  -0.1594879695535649
0.005095095095095095  -0.159565788562585  -0.1582519851320862
0.005105105105105105  -0.1583684824477527  -0.1571868094805196
0.005115115115115115  -0.1571155215124492  -0.156523534593405
0.005125125125125125  -0.1558071040104315  -0.1544863695312234
0.005135135135135135  -0.1544434369701864  -0.1537665789963227
0.005145145145145145  -0.153024736162171  -0.1519601941304793
0.005155155155155155  -0.1515512260646748  -0.1504033374262614
0.005165165165165165  -0.1500231398282982  -0.149034730766808
0.005175175175175175  -0.1484407192390635  -0.1473791642385184
0.005185185185185185  -0.1468042146801571  -0.1458146297573211
0.005195195195195195  -0.1451138850923112  -0.1445138994759067
0.005205205205205205  -0.1433699979328333  -0.1429873915809305
0.005215215215215215  -0.1415728291332871  -0.1401504159229201
0.005225225225225225  -0.1397226630558315  -0.1387599824121868
0.005235235235235235  -0.1378197924482277  -0.1372963239726822
0.005245245245245245  -0.1358645183975185  -0.1355918091297636
0.005255255255255255  -0.133857150282387  -0.1331190164833569
0.005265265265265265  -0.1317980057242058  -0.1306642893143762
0.005275275275275275  -0.12968741053678  -0.1292087441619058
0.005285285285285285  -0.1275256986747939  -0.1281174924209065
0.005295295295295295  -0.1253132121809716  -0.1253465234224269
0.005305305305305305  -0.123050301131956  -0.1230044230986599
0.005315315315315315  -0.1207373235829161  -0.1208738059034257
0.005325325325325325  -0.1183746455108944  -0.1182929803774281
0.005335335335335335  -0.1159626407568981  -0.1161379439973056
0.005345345345345345  -0.1135016909667503  -0.1133941662889346
0.005355355355355355  -0.1109921855306976  -0.1116690350617752
0.005365365365365365  -0.1084345215218038  -0.1089252720547991
0.005375375375375375  -0.1058291036331186  -0.1062181599128305
0.005385385385385385  -0.1031763441136454  -0.103749625201063
0.005395395395395395  -0.1004766627031127  -0.1012978083727898
0.005405405405405406  -0.09773048656555906  -0.09858623751310791
0.005415415415415415  -0.09493825022174472  -0.09585279821220659
0.005425425425425425  -0.09210039548039856  -0.09250861807000285
0.005435435435435436  -0.08921737136831132  -0.09034916228265406
0.005445445445445445  -0.0862896340592892  -0.08711671637557156
0.005455455455455455  -0.0833176468019728  -0.08355410877026674
0.005465465465465466  -0.08030187984653947  -0.08179068906491929
0.005475475475475475  -0.0772428103702982  -0.07799831684413688
0.005485485485485485  -0.07414092240218492  -0.07420340104249461
0.005495495495495496  -0.07099670674617692  -0.07215303947413954
0.005505505505505505  -0.0678106609036374  -0.06908197134248906
0.005515515515515515  -0.06458328899459426  -0.06494514881009301
0.005525525525525526  -0.06131510167797015  -0.06153632341858234
0.005535535535535535  -0.05800661607079514  -0.05833676644703868
0.005545545545545545  -0.05465835566637441  -0.05594813426257973
0.005555555555555556  -0.05127085025145851  -0.05150070423423139
0.005565565565565565  -0.04784463582241754  -0.04814720962557152
0.005575575575575575  -0.04438025450043766  -0.04596020093757616
0.005585585585585586  -0.04087825444573932  -0.04104485850703081
0.005595595595595595  -0.03733918977083346  -0.0374453161713492
0.005605605605605605  -0.03376362045287096  -0.03537906209364661
0.005615615615615616  -0.03015211224501187  -0.03021947619978194
0.005625625625625626  -0.02650523658691961  -0.02664698745622472
0.005635635635635635  -0.02282357051434784  -0.02346348077801989
0.005645645645645646  -0.01910769656783477  -0.01987901780839621
0.005655655655655656  -0.01535820270052801  -0.01567421997063603
0.005665665665665665  -0.01157568218514991  -0.01205823373981977
0.005675675675675676  -0.007760733520138827  -0.008453184799532845
0.005685685685685686  -0.0039139603349427  -0.004059717752227081
0.005695695695695695  -3.597129450298026e-05  -0.0003481646342559994
0.005705705705705706  0.003872619997036746  0.0039309213552212
0.005715715715715716  0.007811195093439985  0.007963431424842474
0.005725725725725725  0.01177913080421365  0.01203979273691864
0.005735735735735736  0.0157757992932201  0.01465694925233001
0.005745745745745746  0.01980056817802064  0.01901088551873526
0.005755755755755755  0.02385280062994102  0.0237320868556063
0.005765765765765766  0.02793185547481046  0.02716365496476493
0.005775775775775776  0.03203708729444319  0.03128671882686525
0.005785785785785785  0.03616784652874189  0.03526670380154091
0.005795795795795796  0.04032347957848412  0.04043349340177009
0.005805805805805806  0.04450332890872546  0.04370650109787406
0.005815815815815815  0.04870673315286357  0.0482546925288611
0.005825825825825826  0.05293302721725553  0.05244463628390581
0.005835835835835836  0.05718154238647499  0.0564013733599887
0.005845845845845845  0.0614516064291232  0.06114164429768422
0.005855855855855856  0.06574254370415875  0.06512601816649914
0.005865865865865866  0.07005367526785036  0.06959647207059043
0.005875875875875875  0.07438431898117767  0.0734636513456004
0.005885885885885886  0.07873378961775376  0.0780380255951114
0.005895895895895896  0.08310139897227686  0.08335055400085564
0.005905905905905906  0.08748645596939085  0.08739503950487115
0.005915915915915916  0.09188826677305909  0.09072542387685018
0.005925925925925926  0.09630613489633072  0.09581243400295071
0.005935935935935936  0.1007393613115406  0.1001644359982403
0.005945945945945946  0.1051872445609253  0.1046864665414061
0.005955955955955956  0.1096490808676121  0.1091072802004201
0.005965965965965966  0.1141241642469631  0.1136697932580906
0.005975975975975976  0.1186117866182914  0.1182775943087542
0.005985985985985986  0.123111237916893  0.1233127828284886
0.005995995995995996  0.1276218062063929  0.1270460263752591
0.006006006006006006  0.1321427788242268  0.1318773229119534
0.006016016016016016  0.1366734399748645  0.1363303343104366
0.006026026026026026  0.141213072067235  0.1408174643612133
0.006036036036036036  0.1457609568067166  0.1452238870185816
0.006046046046046046  0.1503163745928903  0.1498774401441592
0.006056056056056056  0.1548786046334074  0.1548037971438581
0.006066066066066066  0.1594469250580246  0.1593697162976616
0.006076076076076076  0.1640206130328289  0.1633468743266126
0.006086086086086086  0.1685989448746055  0.1684493455053371
0.006096096096096096  0.1731811961653165  0.1731111575782907
0.006106106106106106  0.1777666418667464  0.1771513105606594
0.006116116116116116  0.1823545564351772  0.1818637373466423
0.006126126126126126  0.1869442139362036  0.185971024987111
0.006136136136136136  0.191534888159564  0.1913883120449071
0.006146146146146146  0.19612585273404  0.1955596228875974
0.006156156156156156  0.2007163812423557  0.1999920775641198
0.006166166166166166  0.2053057473360826  0.2043354643336623
0.006176176176176176  0.2098932248505539  0.2093715001592704
0.006186186186186186  0.2144780879197031  0.2145325339668102
0.006196196196196196  0.2190596110908793  0.2184710616607035
0.006206206206206206  0.2236370694395597  0.2230283253601136
0.006216216216216216  0.228209738683996  0.2282885047824233
0.006226226226226226  0.2327768952997118  0.2320723149736237
0.006236236236236236  0.2373378166338919  0.2376052029774938
0.006246246246246246  0.2418917810195811  0.2411269971531874
0.006256256256256256  0.246438067889739  0.2453292703923093
0.006266266266266266  0.2509759578910508  0.2507605149771659
0.006276276276276276  0.2555047329975282  0.2553262887156496
0.006286286286286286  0.26002367662384  0.2596023171232308
0.006296296296296296  0.2645320737384117  0.2646487135546396
0.006306306306306306  0.2690292109761293  0.2684047602427841
0.006316316316316316  0.2735143767507794  0.2733494571487353
0.006326326326326326  0.2779868613670654  0.2775185719690394
0.006336336336336336  0.2824459571322484  0.2820063176267317
0.006346346346346346  0.2868909584673156  0.2866290487205149
0.006356356356356356  0.2913211620176897  0.2911434307930489
0.006366366366366366  0.2957358667633634  0.2952812652233241
0.006376376376376376  0.3001343741284813  0.2996398986770478
0.006386386386386386  0.3045159880902689  0.3039835664924892
0.006396396396396396  0.3088800152872427  0.3086173580994725
0.006406406406406407  0.31322576512667  0.312430062186047
0.006416416416416416  0.3175525498911361  0.3164513368320399
0.006426426426426426  0.3218596848441954  0.3213312432033642
0.006436436436436437  0.3261464883349592  0.3256210294878487
0.006446446446446446  0.3304122819015015  0.3298525671436839
0.006456456456456456  0.3346563903729912  0.3337327336573404
0.006466466466466467  0.338878141970381  0.3384030469731892
0.006476476476476476  0.3430768684054626  0.3422065096003374
0.006486486486486486  0.3472519049781183  0.3464041290336861
0.006496496496496497  0.3514025906715736  0.3500155702511115
0.006506506506506506  0.3555282682453534  0.3543069725552807
0.006516516516516516  0.3596282843257227  0.3587685651665774
0.006526526526526527  0.3637019894932271  0.3639287203780571
0.006536536536536536  0.3677487383670665  0.3677519872381745
0.006546546546546546  0.3717678896858385  0.3710134011032371
0.006556556556556557  0.3757588063842149  0.374864677360596
0.006566566566566566  0.3797208556650793  0.3789342818741048
0.006576576576576576  0.3836534090665288  0.3825782620724719
0.006586586586586587  0.3875558425231688  0.3862336628269828
0.006596596596596596  0.3914275364209372  0.3906811959334571
0.006606606606606606  0.3952678756447722  0.3942306867792554
0.006616616616616617  0.399076249618225  0.3981601843292917
0.006626626626626626  0.402852052334109  0.4020843395581203
0.006636636636636636  0.4065946823751696  0.4055841766016889
0.006646646646646647  0.4103035429237055  0.4087903582409229
0.006656656656656657  0.4139780417588799  0.4134611603618167
0.006666666666666666  0.4176175912404887  0.4168502718229576
0.006676676676676677  0.4212216082778019  0.4201640938184547
0.006686686686686687  0.4247895142819879  0.4234287770916222
0.006696696696696696  0.4283207351005788  0.4270807131090823
0.006706706706706707  0.4318147009323562  0.4305358926922307
0.006716716716716717  0.4352708462209419  0.4347137247699262
0.006726726726726726  0.4386886095254044  0.4371846116597329
0.006736736736736737  0.4420674333660052  0.4408650669826666
0.006746746746746747  0.4454067640434301  0.4444755204357408
0.006756756756756756  0.448706051429652  0.4475459111649689
0.006766766766766767  0.4519647487287715  0.4509092409473198
0.006776776776776777  0.455182312206211  0.4537457600355285
0.006786786786786786  0.458358200884853  0.4565094629763293
0.006796796796796797  0.4614918762068601  0.4606433399350776
0.006806806806806807  0.4645828016602128  0.4633204980902617
0.006816816816816816  0.4676304423693441  0.4651513172111754
0.006826826826826827  0.470634264649693  0.4687961541603544
0.006836836836836837  0.4735937355264667  0.4720018165511246
0.006846846846846846  0.4765083222186099  0.4743260848625547
0.006856856856856857  0.4793774915895593  0.4772514584030428
0.006866866866866867  0.4822007095673241  0.4817781518704897
0.006876876876876876  0.4849774405373135  0.4836110668764205
0.006886886886886887  0.4877071467123792  0.4863505467480354
0.006896896896896897  0.4903892874857519  0.4886548133543502
0.006906906906906906  0.4930233187738916  0.4915293048315095
0.006916916916916917  0.4956086923575588  0.4945499631033888
0.006926926926926927  0.4981448552310466  0.4967660975666622
0.006936936936936937  0.5006312489710508  0.4989528440538281
0.006946946946946947  0.5030673091383172  0.5023923637139398
0.006956956956956957  0.5054524647268909  0.5038364807430945
0.006966966966966967  0.5077861376775141  0.5057039025067915
0.006976976976976977  0.5100677424733445  0.509246012709728
0.006986986986986987  0.5122966858377127  0.509782200598987
0.006996996996996997  0.5144723665551101  0.5130509036757351
0.007007007007007007  0.5165941719485561  0.5149793180223838
0.007017017017017017  0.5186614868670105  0.517650919865603
0.007027027027027027  0.5206736882480474  0.5195167404409392
0.007037037037037037  0.5226301445894398  0.521159204562659
0.007047047047047047  0.5245302182069943  0.5221364991501899
0.007057057057057057  0.5263732662794448  0.5238368465921632
0.007067067067067067  0.528158642175041  0.5275708234085745
0.007077077077077077  0.5298856970772773  0.5290728551030681
0.007087087087087087  0.5315537819236764  0.5292347781678903
0.007097097097097097  0.5331622496670407  0.5321325880266666
0.007107107107107107  0.5347104578631862  0.5330739423053853
0.007117117117117117  0.5361977715828551  0.5356391174877916
0.007127127127127127  0.5376235666383893  0.5351145978226959
0.007137137137137137  0.5389872331077856  0.5369259589075576
0.007147147147147147  0.5402881791303663  0.5396919020774562
0.007157157157157157  0.5415258349393641  0.5392834560120178
0.007167167167167167  0.5426996570877471  0.54103865838289
0.007177177177177177  0.5438091328147787  0.5430562088197093
0.007187187187187187  0.5448537844924339  0.5436219194867009
0.007197197197197197  0.5458331740833072  0.5448953799308892
0.007207207207207207  0.5467469075353182  0.5466284264160742
0.007217217217217217  0.5475946390337726  0.5463736463047637
0.007227227227227227  0.5483760750284993  0.5472458123844707
0.007237237237237237  0.5490909779530045  0.5481965092927916
0.007247247247247247  0.5497391695542837  0.5483487650613973
0.007257257257257257  0.5503205337559877  0.5488341270627048
0.007267267267267267  0.5508350189842417  0.550912269386476
0.007277277277277277  0.551282639894342  0.5504039406713991
0.007287287287287287  0.5516634784476685  0.5509156923511171
0.007297297297297297  0.5519776843011018  0.5517388235604731
0.007307307307307307  0.5522254744855406  0.5518857105999809
0.007317317317317317  0.5524071323654233  0.5518880783825079
0.007327327327327327  0.5525230058867785  0.5517148890733116
0.007337337337337337  0.5525735051368209  0.5521649864031013
0.007347347347347347  0.5525590992528081  0.5520330411322328
0.007357357357357357  0.5524803127313748  0.552495746750576
0.007367367367367367  0.5523377212013558  0.5521251481750977
0.007377377377377377  0.5521319467328309  0.5522565694629848
0.007387387387387387  0.5518636527625944  0.5517492393907316
0.007397397397397397  0.5515335387212396  0.5518678158302045
0.007407407407407407  0.5511423344495799  0.5514005602271635
0.007417417417417417  0.5506907944922652  0.5507310387555423
0.007427427427427427  0.5501796923543747  0.550816239932296
0.007437437437437438  0.5496098148026745  0.5497408937732231
0.007447447447447447  0.5489819562875058  0.5495114301188987
0.007457457457457457  0.5482969135541638  0.549493914563434
0.007467467467467468  0.5475554805045533  0.5481688026450054
0.007477477477477477  0.5467584433611985  0.5478418168563124
0.007487487487487487  0.5459065761766528  0.5465634717454833
0.007497497497497498  0.5450006367223246  0.5460432546695139
0.007507507507507507  0.5440413627819578  0.543679949070984
0.007517517517517517  0.5430294688666661  0.5437421628352758
0.007527527527527528  0.541965643360744  0.5425359385038859
0.007537537537537537  0.540850546100496  0.5417820375699749
0.007547547547547547  0.5396848063821857  0.540187617021095
0.007557557557557558  0.5384690213899153  0.5390517356015667
0.007567567567567567  0.5372037550297569  0.5370586413577132
0.007577577577577577  0.5358895371528296  0.5360414193585704
0.007587587587587588  0.5345268631471215  0.534547953744544
0.007597597597597597  0.533116193875641  0.5339853902820437
0.007607607607607607  0.5316579559369369  0.5320163856252937
0.007617617617617618  0.5301525422229721  0.5308313127743176
0.007627627627627627  0.5286003127487682  0.528723502805209
0.007637637637637637  0.5270015957280211  0.5277213917585941
0.007647647647647648  0.5253566888690583  0.5260755656590601
0.007657657657657658  0.523665860865781  0.5241597241380347
0.007667667667667667  0.5219293530588978  0.5229750048383039
0.007677677677677678  0.5201473812433139  0.520252683110129
0.007687687687687688  0.5183201375984484  0.5187368276313424
0.007697697697697697  0.5164477927190454  0.5169325527166689
0.007707707707707708  0.5145304977249372  0.5145736607122378
0.007717717717717718  0.5125683864292199  0.5124161402482963
0.007727727727727727  0.5105615775451903  0.5110317216317652
0.007737737737737738  0.5085101769134057  0.5088551312756368
0.007747747747747748  0.5064142797312096  0.5066220470538946
0.007757757757757757  0.504273972768046  0.5049906985841091
0.007767767767767768  0.5020893365509512  0.5023633441593632
0.007777777777777778  0.4998604475056138  0.5003087304436772
0.007787787787787787  0.4975873800395102  0.4982396365297925
0.007797797797797798  0.495270208554708  0.4953358821444983
0.007807807807807808  0.4929090093790882  0.4930718583112823
0.007817817817817818  0.4905038626058978  0.4914331371868101
0.007827827827827828  0.4880548538327943  0.4881281134449837
0.007837837837837838  0.4855620757927497  0.4859922220797659
0.007847847847847847  0.4830256298704772  0.4828409434373619
0.007857857857857857  0.4804456274993045  0.4809628826432922
0.007867867867867868  0.4778221914347432  0.4786629665497197
0.007877877877877878  0.4751554569022526  0.4757583338783078
0.007887887887887888  0.4724455726179562  0.4729981467481211
0.007897897897897898  0.4696927016823443  0.4697953471323386
0.007907907907907907  0.4668970223481089  0.4684148056079477
0.007917917917917917  0.4640587286644316  0.4647593086425064
0.007927927927927928  0.4611780310010459  0.4626988219946992
0.007937937937937938  0.4582551564563613  0.4584096011844165
0.007947947947947948  0.4552903491547947  0.4562032013115845
0.007957957957957958  0.4522838704391735  0.4532092935648264
0.007967967967967967  0.4492359989647251  0.4500699589523311
0.007977977977977977  0.4461470307016612  0.4468397866426702
0.007987987987987989  0.4430172788537606  0.4436977034479967
0.007997997997997998  0.439847073700615  0.4406820585668845
0.008008008008008008  0.436636758818222  0.4373499915061214
0.008018018018018018  0.433386700617074  0.4350928342861089
0.008028028028028027  0.4300972799105054  0.431334856366645
0.008038038038038037  0.4267688924553733  0.4266014810675403
0.008048048048048049  0.4234019494229594  0.42384588357175
0.008058058058058058  0.4199968769451106  0.4207671901005232
0.008068068068068068  0.4165541156361598  0.416780923746379
0.008078078078078078  0.4130741200968926  0.4138606092753753
0.008088088088088087  0.4095573584062826  0.410616291737909
0.008098098098098097  0.4060043116062344  0.4064677252912469
0.008108108108108109  0.4024154731840302  0.4035624349346275
0.008118118118118118  0.3987913485567121  0.4001451947797954
0.008128128128128128  0.3951324545610179  0.395487226340771
0.008138138138138138  0.3914393189520428  0.3919771326594823
0.008148148148148147  0.3877124799132883  0.3880419221686006
0.008158158158158157  0.3839524855802603  0.3852777852077978
0.008168168168168169  0.3801598935793858  0.3810739709391896
0.008178178178178178  0.3763352705835684  0.3768077869350477
0.008188188188188188  0.3724791918853494  0.3740095882404765
0.008198198198198198  0.3685922409883076  0.3693700098133531
0.008208208208208207  0.3646750092170079  0.3652248441718055
0.008218218218218219  0.3607280953455631  0.3613322306938173
0.008228228228228229  0.3567521052446798  0.3564969040984245
0.008238238238238238  0.3527476515467747  0.353115778990541
0.008248248248248248  0.3487153533286912  0.3487337069252461
0.008258258258258258  0.3446558358113485  0.3451830325703216
0.008268268268268267  0.3405697300755919  0.3419985110877053
0.008278278278278279  0.3364576727934007  0.3369429562088535
0.008288288288288289  0.3323203059736257  0.3329556655924331
0.008298298298298298  0.3281582767212716  0.3283860840602447
0.008308308308308308  0.323972237009487  0.3244031943407387
0.008318318318318318  0.3197628434632686  0.3203956232425077
0.008328328328328327  0.3155307571540362  0.3152341052523975
0.008338338338338339  0.3112766434041049  0.3113421438183032
0.008348348348348349  0.3070011716002842  0.3069479301932111
0.008358358358358358  0.3027050150157041  0.3032408666045158
0.008368368368368368  0.298388850639161  0.2988805091912422
0.008378378378378378  0.2940533590111828  0.2939735678997308
0.008388388388388388  0.2896992240661822  0.2903545681306272
0.008398398398398399  0.2853271329800091  0.2866991553283446
0.008408408408408409  0.2809377760223324  0.2814776520741669
0.008418418418418418  0.2765318464133475  0.2777796071755536
0.008428428428428428  0.2721100401842218  0.2719931368977939
0.008438438438438438  0.2676730560409219  0.2681562034377729
0.008448448448448448  0.2632215952309415  0.2640945840245434
0.008458458458458459  0.258756361412609  0.259081918673043
0.008468468468468469  0.2542780605266164  0.2547422387543009
0.008478478478478478  0.2497874006694802  0.2496360231468085
0.008488488488488488  0.2452850919686932  0.2463803640899332
0.008498498498498498  0.240771846459286  0.2411892758122682
0.008508508508508508  0.2362483779616453  0.2365444825978708
0.008518518518518519  0.2317154019603805  0.2319811145032488
0.008528528528528529  0.2271736354840963  0.2273867103230395
0.008538538538538538  0.222623796985921  0.2224203965845872
0.008548548548548548  0.2180666062246897  0.2185421679246614
0.008558558558558558  0.2135027841466605  0.2139956815988813
0.008568568568568568  0.2089330527677033  0.2105187750225401
0.008578578578578579  0.2043581350558737  0.204279227460658
0.008588588588588589  0.1997787548143207  0.1997226702335396
0.008598598598598598  0.1951956365644674  0.1956464015137791
0.008608608608608608  0.19060950542942  0.1913115349693425
0.008618618618618618  0.1860210870175998  0.1865699481026709
0.008628628628628628  0.1814311073065333  0.1816280490820391
0.008638638638638639  0.1768402925268265  0.1773267779301643
0.008648648648648649  0.1722493690462573  0.1729813191764404
0.008658658658658658  0.1676590632540168  0.1674618468589339
0.008668668668668668  0.163070101445092  0.1628929825161723
0.008678678678678678  0.1584832097047381  0.1585371700500531
0.008688688688688688  0.1538991137931212  0.154622777011278
0.008698698698698699  0.1493185390300584  0.1495032921612108
0.008708708708708709  0.1447422101799252  0.1451611937456593
0.008718718718718719  0.1401708513366723  0.1412238697412716
0.008728728728728728  0.1356051858090372  0.1364593345854222
0.008738738738738738  0.1310459360058779  0.1316766603125959
0.008748748748748749  0.1264938233217098  0.1267302317635223
0.008758758758758759  0.1219495680224371  0.1220450402456878
0.008768768768768769  0.1174138891312489  0.1173071902776663
0.008778778778778779  0.112887504314774  0.1118466203731936
0.008788788788788788  0.1083711297694345  0.1081035115810552
0.008798798798798798  0.1038654801080703  0.1040596821121544
0.008808808808808809  0.09937126824681228  0.09950663520363738
0.008818818818818819  0.09488920529222009  0.09444791978682225
0.008828828828828829  0.09042000042874788  0.09110607849682964
0.008838838838838839  0.0859643608064955  0.0870927579491847
0.008848848848848848  0.0815229914292917  0.08228725064435907
0.008858858858858858  0.0770965950431215  0.0780488202475119
0.008868868868868869  0.07268587202491614  0.07277404380704457
0.008878878878878879  0.06829152027172411  0.06677240428555493
0.008888888888888889  0.06391423509027019  0.0650262343661893
0.008898898898898899  0.05955470908692542  0.06094879575713189
0.008908908908908908  0.05521363205812546  0.05611630424666107
0.008918918918918918  0.05089169088120314  0.05004509219794119
0.008928928928928929  0.04658956940571148  0.04762039491328331
0.008938938938938939  0.0423079483452144  0.04175706532351451
0.008948948948948949  0.03804750516956542  0.03851904509400984
0.008958958958958959  0.03380891399772201  0.03445819248130695
0.008968968968968968  0.02959284549108446  0.0304472295964318
0.008978978978978978  0.02539996674736554  0.02488561138313592
0.00898898898898899  0.02123094119503648  0.02229580435559254
0.008998998998998999  0.01708642848836407  0.01822759575134586
0.009009009009009009  0.01296708605054193  0.01248795235145096
0.009019019019019019  0.008873564339404276  0.01139912462265652
0.009029029029029028  0.004806510885657124  0.005232916076031482
0.009039039039039038  0.0007665692082392747  -0.0006954408818306083
0.00904904904904905  -0.00324562146374819  -0.003209662220009628
0.009059059059059059  -0.007229426292171402  -0.007135210773303989
0.009069069069069069  -0.01118421493031777  -0.009985057595247843
0.009079079079079079  -0.01510936162264011  -0.01432040422749289
0.009089089089089088  -0.01900424530376426  -0.02019336086890388
0.009099099099099098  -0.02286824969676546  -0.02078617616390918
0.00910910910910911  -0.02670076341066185  -0.02645172229049847
0.009119119119119119  -0.03050118003716522  -0.02895306536816157
0.009129129129129129  -0.03426889824663857  -0.03368006564362191
0.009139139139139139  -0.03800332188321904  -0.03742592343057258
0.009149149149149148  -0.04170386005916779  -0.04095199390085738
0.009159159159159158  -0.04536992724835807  -0.04579705747848607
0.00916916916916917  -0.04900094337892062  -0.04837413175201017
0.009179179179179179  -0.05259633392501682  -0.05282430594771864
0.009189189189189189  -0.05615552999775964  -0.05670888508493753
0.009199199199199199  -0.05967796843522197  -0.05976282763866934
0.009209209209209208  -0.06316309189153496  -0.06290397105930653
0.009219219219219218  -0.06661034892508684  -0.06707350511018706
0.00922922922922923  -0.07001919408577556  -0.07040133051627286
0.009239239239239239  -0.07338908800129505  -0.07333992883394633
0.009249249249249249  -0.07671949746250012  -0.07715280828371746
0.009259259259259259  -0.08000989550776497  -0.08122755803009325
0.009269269269269268  -0.0832597615063648  -0.08250213432058855
0.00927927927927928  -0.08646858124085144  -0.0872064232351666
0.00928928928928929  -0.08963584698841667  -0.09032315784985763
0.009299299299299299  -0.09276105760122347  -0.09323181214650765
0.009309309309309309  -0.09584371858571074  -0.09637630041095931
0.009319319319319319  -0.0988833421808314  -0.09990407382991114
0.009329329329329328  -0.101879447435225  -0.1017406324760208
0.00933933933933934  -0.1048315602833179  -0.1041042981290604
0.00934934934934935  -0.1077392136203353  -0.1093568495608168
0.009359359359359359  -0.1106019473762084  -0.1101262808966334
0.009369369369369369  -0.1134193085883747  -0.1124503941482156
0.009379379379379379  -0.11619085147344  -0.1169835398493787
0.009389389389389389  -0.1189161374977205  -0.1195703306017707
0.0093993993993994  -0.1215947354466221  -0.1226990395107145
0.00940940940940941  -0.1242262214928821  -0.12515124131009
0.009419419419419419  -0.1268101792636178  -0.1274861173444155
0.009429429429429429  -0.1293461999062184  -0.1279871636273151
0.009439439439439439  -0.1318338821530294  -0.1334518447603965
0.009449449449449449  -0.1342728323848402  -0.1344873393433189
0.00945945945945946  -0.1366626646931723  -0.1345777392500724
0.00946946946946947  -0.1390030009413435  -0.1387713334918362
0.009479479479479479  -0.1412934708242895  -0.1413722285355052
0.009489489489489489  -0.1435337119271628  -0.1428085174129909
0.009499499499499499  -0.1457233697826757  -0.1447108637974443
0.009509509509509509  -0.1478620979271777  -0.1466305795795117
0.00951951951951952  -0.1499495579554875  -0.1507353177520099
0.00952952952952953  -0.1519854195744307  -0.1513727873181309
0.009539539539539539  -0.1539693606551044  -0.1525854916454563
0.009549549549549549  -0.1559010672838431  -0.1578776876481442
0.009559559559559559  -0.1577802338118915  -0.1592821013059883
0.009569569569569569  -0.1596065629037621  -0.1590790527889447
0.00957957957957958  -0.1613797655842868  -0.1617936912852276
0.00958958958958959  -0.1630995612843356  -0.1640407743049405
0.009599599599599599  -0.1647656778852136  -0.166651601978868
0.009609609609609609  -0.166377851761715  -0.1662162658436047
0.009619619619619619  -0.1679358278238369  -0.1681170451702935
0.009629629629629629  -0.1694393595571412  -0.1694552530191186
0.00963963963963964  -0.1708882090617596  -0.1701165789960485
0.00964964964964965  -0.1722821470900344  -0.171627598472049
0.009659659659659659  -0.1736209530827938  -0.1730903421193433
0.009669669669669669  -0.1749044152042489  -0.1751204977265792
0.009679679679679679  -0.1761323303755116  -0.1765566415994614
0.009689689689689689  -0.1773045043067277  -0.1757421039329207
0.0096996996996997  -0.1784207515278184  -0.1762589917106854
0.00970970970970971  -0.1794808954178261  -0.179304661942236
0.00971971971971972  -0.1804847682328616  -0.1800691606994377
0.009729729729729729  -0.1814322111326445  -0.1786463777017335
0.009739739739739739  -0.1823230742056371  -0.1808968035436919
0.00974974974974975  -0.1831572164927632  -0.184606947629776
0.00975975975975976  -0.183934506009712  -0.1838259487860729
0.00976976976976977  -0.1846548197678219  -0.1841470309688214
0.00977977977977978  -0.1853180437935403  -0.1842031028178255
0.009789789789789789  -0.1859240731464569  -0.1867811940521659
0.009799799799799799  -0.1864728119359091  -0.1860981831364649
0.00980980980980981  -0.1869641733361529  -0.1862505778576948
0.00981981981981982  -0.187398079600102  -0.1890183271948188
0.00982982982982983  -0.1877744620716296  -0.1874143270527967
0.00983983983983984  -0.1880932611964309  -0.1885213237832792
0.009849849849849849  -0.1883544265314469  -0.1875247828565008
0.009859859859859859  -0.1885579167528455  -0.1891241110664893
0.00986986986986987  -0.1887036996625594  -0.1879768069367709
0.00987987987987988  -0.1887917521933824  -0.1896408073119277
0.00988988988988989  -0.1888220604126172  -0.1873496013235622
0.0098998998998999  -0.1887946195242814  -0.1867667150346063
0.009909909909909909  -0.1887094338698656  -0.1867162032334428
0.009919919919919919  -0.1885665169276469  -0.186458889759562
0.00992992992992993  -0.1883658913105556  -0.1865779008247696
0.00993993993993994  -0.1881075887625986  -0.1867418416046437
0.00994994994994995  -0.1877916501538346  -0.186273013381107
0.00995995995995996  -0.1874181254739096  -0.1852947750921981
0.009969969969969969  -0.1869870738241455  -0.1862464699232284
0.009979979979979979  -0.1864985634081897  -0.1857837698187664
0.00998998998998999  -0.1859526715212229  -0.185153001896268
0.01  -0.1853494845377295  -0.1849895021268682
